epoch,train_loss,global_train_acc,global_train_loss,global_test_acc,global_test_loss,personal_apa,personal_loss,clean_ratio,agreement_ratio,selected_total_count,global_train_count,train_ratio,pred_clean_count,pred_noisy_count,true_clean_count,true_noise_count,actual_train_clean_count,actual_train_clean_ratio,clean_recall,missed_clean_count,false_clean_count,true_noise_rejected_count,total_wrong_count,missed_clean_ratio,false_clean_ratio
0,1.132114,17.624000,2.342561,20.670000,2.282376,0.000000,0.000000,1.000000,0.000000,5000,5000,1.000000,5000,0,4108,892,4108,0.821600,1.000000,0,892,0,892,0.000000,1.000000
1,1.171792,18.000000,2.256808,21.170000,2.170678,0.000000,0.000000,1.000000,0.000000,5000,5000,1.000000,5000,0,3990,1010,3990,0.798000,1.000000,0,1010,0,1010,0.000000,1.000000
2,1.079869,16.604000,2.253907,18.750000,2.170319,0.000000,0.000000,1.000000,0.000000,5000,5000,1.000000,5000,0,4056,944,4056,0.811200,1.000000,0,944,0,944,0.000000,1.000000
3,1.090380,20.950000,2.174363,23.660000,2.085392,0.000000,0.000000,1.000000,0.000000,5000,5000,1.000000,5000,0,4048,952,4048,0.809600,1.000000,0,952,0,952,0.000000,1.000000
4,1.192836,23.326000,2.187364,27.880000,2.086745,0.000000,0.000000,1.000000,0.000000,5000,5000,1.000000,5000,0,3962,1038,3962,0.792400,1.000000,0,1038,0,1038,0.000000,1.000000
5,1.368536,22.258000,2.194815,27.460000,2.086511,0.000000,0.000000,1.000000,0.000000,5000,5000,1.000000,5000,0,3636,1364,3636,0.727200,1.000000,0,1364,0,1364,0.000000,1.000000
6,1.109304,22.526000,2.156327,27.740000,2.023329,0.000000,0.000000,1.000000,0.000000,5000,5000,1.000000,5000,0,4006,994,4006,0.801200,1.000000,0,994,0,994,0.000000,1.000000
7,0.991332,23.704000,2.189366,27.300000,2.055070,0.000000,0.000000,1.000000,0.000000,5000,5000,1.000000,5000,0,4082,918,4082,0.816400,1.000000,0,918,0,918,0.000000,1.000000
8,0.831131,25.820000,2.125732,30.220000,1.986218,0.000000,0.000000,1.000000,0.000000,5000,5000,1.000000,5000,0,4386,614,4386,0.877200,1.000000,0,614,0,614,0.000000,1.000000
9,1.114196,23.974000,2.099578,27.730000,1.980868,0.000000,0.000000,1.000000,0.000000,5000,5000,1.000000,5000,0,3876,1124,3876,0.775200,1.000000,0,1124,0,1124,0.000000,1.000000
10,1.127251,18.464000,2.238010,22.240000,2.091794,0.000000,0.000000,1.000000,0.000000,5000,5000,1.000000,5000,0,3944,1056,3944,0.788800,1.000000,0,1056,0,1056,0.000000,1.000000
11,1.121381,23.780000,2.115767,29.990000,1.961572,0.000000,0.000000,1.000000,0.000000,5000,5000,1.000000,5000,0,3970,1030,3970,0.794000,1.000000,0,1030,0,1030,0.000000,1.000000
12,1.196625,25.658000,2.075587,29.080000,1.940664,0.000000,0.000000,1.000000,0.000000,5000,5000,1.000000,5000,0,3868,1132,3868,0.773600,1.000000,0,1132,0,1132,0.000000,1.000000
13,1.039060,25.164000,2.064941,30.690000,1.931233,0.000000,0.000000,1.000000,0.000000,5000,5000,1.000000,5000,0,4074,926,4074,0.814800,1.000000,0,926,0,926,0.000000,1.000000
14,0.912623,23.780000,2.118109,26.430000,1.991042,0.000000,0.000000,1.000000,0.000000,5000,5000,1.000000,5000,0,4246,754,4246,0.849200,1.000000,0,754,0,754,0.000000,1.000000
15,1.050806,17.184000,2.156627,22.220000,1.980383,0.000000,0.000000,1.000000,0.000000,5000,5000,1.000000,5000,0,4080,920,4080,0.816000,1.000000,0,920,0,920,0.000000,1.000000
16,0.889136,28.030000,2.047581,35.510000,1.891240,0.000000,0.000000,1.000000,0.000000,5000,5000,1.000000,5000,0,4254,746,4254,0.850800,1.000000,0,746,0,746,0.000000,1.000000
17,1.149353,28.912000,2.033815,35.160000,1.887145,0.000000,0.000000,1.000000,0.000000,5000,5000,1.000000,5000,0,3890,1110,3890,0.778000,1.000000,0,1110,0,1110,0.000000,1.000000
18,1.163090,23.164000,2.121684,29.110000,1.965557,0.000000,0.000000,1.000000,0.000000,5000,5000,1.000000,5000,0,3816,1184,3816,0.763200,1.000000,0,1184,0,1184,0.000000,1.000000
19,1.168237,28.726000,2.031961,34.260000,1.901860,0.000000,0.000000,1.000000,0.000000,5000,5000,1.000000,5000,0,3858,1142,3858,0.771600,1.000000,0,1142,0,1142,0.000000,1.000000
20,0.985033,29.302000,2.029509,36.280000,1.893364,0.000000,0.000000,1.000000,0.000000,5000,5000,1.000000,5000,0,4136,864,4136,0.827200,1.000000,0,864,0,864,0.000000,1.000000
21,1.021549,30.906000,1.999297,38.710000,1.852963,0.000000,0.000000,1.000000,0.000000,5000,5000,1.000000,5000,0,4086,914,4086,0.817200,1.000000,0,914,0,914,0.000000,1.000000
22,1.028829,28.404000,2.072633,34.030000,1.918490,0.000000,0.000000,1.000000,0.000000,5000,5000,1.000000,5000,0,4014,986,4014,0.802800,1.000000,0,986,0,986,0.000000,1.000000
23,1.050143,25.048000,2.070065,29.650000,1.956328,0.000000,0.000000,1.000000,0.000000,5000,5000,1.000000,5000,0,4002,998,4002,0.800400,1.000000,0,998,0,998,0.000000,1.000000
24,1.032642,24.532000,2.050333,31.250000,1.899468,0.000000,0.000000,1.000000,0.000000,5000,5000,1.000000,5000,0,4014,986,4014,0.802800,1.000000,0,986,0,986,0.000000,1.000000
25,0.926649,28.234000,2.018285,35.790000,1.862047,0.000000,0.000000,1.000000,0.000000,5000,5000,1.000000,5000,0,4182,818,4182,0.836400,1.000000,0,818,0,818,0.000000,1.000000
26,1.058417,26.542000,2.063631,31.950000,1.915748,0.000000,0.000000,1.000000,0.000000,5000,5000,1.000000,5000,0,4104,896,4104,0.820800,1.000000,0,896,0,896,0.000000,1.000000
27,0.955754,27.934000,2.024083,31.130000,1.903016,0.000000,0.000000,1.000000,0.000000,5000,5000,1.000000,5000,0,4162,838,4162,0.832400,1.000000,0,838,0,838,0.000000,1.000000
28,1.051595,29.886000,2.026981,37.030000,1.866991,0.000000,0.000000,1.000000,0.000000,5000,5000,1.000000,5000,0,3984,1016,3984,0.796800,1.000000,0,1016,0,1016,0.000000,1.000000
29,0.966556,28.792000,2.014385,34.390000,1.882087,0.000000,0.000000,1.000000,0.000000,5000,5000,1.000000,5000,0,4132,868,4132,0.826400,1.000000,0,868,0,868,0.000000,1.000000
30,0.884835,25.558000,2.059248,28.060000,1.942702,0.000000,0.000000,1.000000,0.000000,5000,5000,1.000000,5000,0,4252,748,4252,0.850400,1.000000,0,748,0,748,0.000000,1.000000
31,1.018018,29.952000,2.008496,33.050000,1.884655,0.000000,0.000000,1.000000,0.000000,5000,5000,1.000000,5000,0,4074,926,4074,0.814800,1.000000,0,926,0,926,0.000000,1.000000
32,1.163504,29.894000,2.003507,35.680000,1.870207,0.000000,0.000000,1.000000,0.000000,5000,5000,1.000000,5000,0,3894,1106,3894,0.778800,1.000000,0,1106,0,1106,0.000000,1.000000
33,1.182180,29.072000,2.025621,33.950000,1.919560,0.000000,0.000000,1.000000,0.000000,5000,5000,1.000000,5000,0,3898,1102,3898,0.779600,1.000000,0,1102,0,1102,0.000000,1.000000
34,0.848361,31.624000,1.988747,38.090000,1.847898,0.000000,0.000000,1.000000,0.000000,5000,5000,1.000000,5000,0,4248,752,4248,0.849600,1.000000,0,752,0,752,0.000000,1.000000
35,1.084777,29.012000,2.025631,34.730000,1.894249,0.000000,0.000000,1.000000,0.000000,5000,5000,1.000000,5000,0,3954,1046,3954,0.790800,1.000000,0,1046,0,1046,0.000000,1.000000
36,0.896970,21.368000,2.124611,25.600000,1.965862,0.000000,0.000000,1.000000,0.000000,5000,5000,1.000000,5000,0,4214,786,4214,0.842800,1.000000,0,786,0,786,0.000000,1.000000
37,0.991905,27.896000,2.011040,35.790000,1.833197,0.000000,0.000000,1.000000,0.000000,5000,5000,1.000000,5000,0,4098,902,4098,0.819600,1.000000,0,902,0,902,0.000000,1.000000
38,1.300740,32.072000,2.008614,40.600000,1.856980,0.000000,0.000000,1.000000,0.000000,5000,5000,1.000000,5000,0,3574,1426,3574,0.714800,1.000000,0,1426,0,1426,0.000000,1.000000
39,1.044054,28.206000,2.031769,33.570000,1.920341,0.000000,0.000000,1.000000,0.000000,5000,5000,1.000000,5000,0,4086,914,4086,0.817200,1.000000,0,914,0,914,0.000000,1.000000
40,0.977566,29.322000,1.992571,37.950000,1.829490,0.000000,0.000000,1.000000,0.000000,5000,5000,1.000000,5000,0,4098,902,4098,0.819600,1.000000,0,902,0,902,0.000000,1.000000
41,1.011271,26.050000,2.045246,28.530000,1.903769,0.000000,0.000000,1.000000,0.000000,5000,5000,1.000000,5000,0,4018,982,4018,0.803600,1.000000,0,982,0,982,0.000000,1.000000
42,0.994396,33.350000,1.971254,39.180000,1.843294,0.000000,0.000000,1.000000,0.000000,5000,5000,1.000000,5000,0,4056,944,4056,0.811200,1.000000,0,944,0,944,0.000000,1.000000
43,0.973463,28.104000,2.029911,35.210000,1.863088,0.000000,0.000000,1.000000,0.000000,5000,5000,1.000000,5000,0,4076,924,4076,0.815200,1.000000,0,924,0,924,0.000000,1.000000
44,1.064788,30.208000,1.983897,36.760000,1.823267,0.000000,0.000000,1.000000,0.000000,5000,5000,1.000000,5000,0,3988,1012,3988,0.797600,1.000000,0,1012,0,1012,0.000000,1.000000
45,0.968538,28.720000,1.989731,34.990000,1.838187,0.000000,0.000000,1.000000,0.000000,5000,5000,1.000000,5000,0,4102,898,4102,0.820400,1.000000,0,898,0,898,0.000000,1.000000
46,0.996959,27.366000,2.064707,32.740000,1.900539,0.000000,0.000000,1.000000,0.000000,5000,5000,1.000000,5000,0,3936,1064,3936,0.787200,1.000000,0,1064,0,1064,0.000000,1.000000
47,0.887955,29.398000,2.003717,32.460000,1.864105,0.000000,0.000000,1.000000,0.000000,5000,5000,1.000000,5000,0,4198,802,4198,0.839600,1.000000,0,802,0,802,0.000000,1.000000
48,1.051332,30.108000,1.982870,35.170000,1.850269,0.000000,0.000000,1.000000,0.000000,5000,5000,1.000000,5000,0,3878,1122,3878,0.775600,1.000000,0,1122,0,1122,0.000000,1.000000
49,1.242056,27.152000,2.041355,32.590000,1.897840,0.000000,0.000000,1.000000,0.000000,5000,5000,1.000000,5000,0,3726,1274,3726,0.745200,1.000000,0,1274,0,1274,0.000000,1.000000
50,1.023702,25.308000,2.049752,29.890000,1.915182,0.000000,0.000000,1.000000,0.000000,5000,5000,1.000000,5000,0,3956,1044,3956,0.791200,1.000000,0,1044,0,1044,0.000000,1.000000
51,1.170697,31.656000,1.998385,35.870000,1.883679,0.000000,0.000000,1.000000,0.000000,5000,5000,1.000000,5000,0,3806,1194,3806,0.761200,1.000000,0,1194,0,1194,0.000000,1.000000
52,0.936140,30.964000,1.997261,35.220000,1.870608,0.000000,0.000000,1.000000,0.000000,5000,5000,1.000000,5000,0,4068,932,4068,0.813600,1.000000,0,932,0,932,0.000000,1.000000
53,0.987910,29.928000,1.999907,35.650000,1.855942,0.000000,0.000000,1.000000,0.000000,5000,5000,1.000000,5000,0,3976,1024,3976,0.795200,1.000000,0,1024,0,1024,0.000000,1.000000
54,1.107703,27.794000,2.029146,32.840000,1.882475,0.000000,0.000000,1.000000,0.000000,5000,5000,1.000000,5000,0,3778,1222,3778,0.755600,1.000000,0,1222,0,1222,0.000000,1.000000
55,0.781367,27.588000,2.000775,33.710000,1.829127,0.000000,0.000000,1.000000,0.000000,5000,5000,1.000000,5000,0,4268,732,4268,0.853600,1.000000,0,732,0,732,0.000000,1.000000
56,0.967739,31.580000,1.961890,33.210000,1.836743,0.000000,0.000000,1.000000,0.000000,5000,5000,1.000000,5000,0,4060,940,4060,0.812000,1.000000,0,940,0,940,0.000000,1.000000
57,0.910199,31.976000,1.969849,38.970000,1.818785,0.000000,0.000000,1.000000,0.000000,5000,5000,1.000000,5000,0,4138,862,4138,0.827600,1.000000,0,862,0,862,0.000000,1.000000
58,1.011469,33.170000,1.939953,38.720000,1.789905,0.000000,0.000000,1.000000,0.000000,5000,5000,1.000000,5000,0,4024,976,4024,0.804800,1.000000,0,976,0,976,0.000000,1.000000
59,0.811661,28.516000,2.014324,32.560000,1.866100,0.000000,0.000000,1.000000,0.000000,5000,5000,1.000000,5000,0,4310,690,4310,0.862000,1.000000,0,690,0,690,0.000000,1.000000
60,1.057003,32.966000,1.966759,37.620000,1.840933,0.000000,0.000000,1.000000,0.000000,5000,5000,1.000000,5000,0,3960,1040,3960,0.792000,1.000000,0,1040,0,1040,0.000000,1.000000
61,0.851749,29.994000,1.980888,34.340000,1.822355,0.000000,0.000000,1.000000,0.000000,5000,5000,1.000000,5000,0,4200,800,4200,0.840000,1.000000,0,800,0,800,0.000000,1.000000
62,1.011565,34.420000,1.932538,37.860000,1.815483,0.000000,0.000000,1.000000,0.000000,5000,5000,1.000000,5000,0,3942,1058,3942,0.788400,1.000000,0,1058,0,1058,0.000000,1.000000
63,0.986093,31.876000,1.945792,36.510000,1.806820,0.000000,0.000000,1.000000,0.000000,5000,5000,1.000000,5000,0,4070,930,4070,0.814000,1.000000,0,930,0,930,0.000000,1.000000
64,0.822442,30.344000,1.962847,33.670000,1.818873,0.000000,0.000000,1.000000,0.000000,5000,5000,1.000000,5000,0,4232,768,4232,0.846400,1.000000,0,768,0,768,0.000000,1.000000
65,1.123275,31.404000,1.988644,36.410000,1.838546,0.000000,0.000000,1.000000,0.000000,5000,5000,1.000000,5000,0,3846,1154,3846,0.769200,1.000000,0,1154,0,1154,0.000000,1.000000
66,1.112205,31.688000,1.950002,37.490000,1.804823,0.000000,0.000000,1.000000,0.000000,5000,5000,1.000000,5000,0,3824,1176,3824,0.764800,1.000000,0,1176,0,1176,0.000000,1.000000
67,0.970867,34.688000,1.910234,39.540000,1.777550,0.000000,0.000000,1.000000,0.000000,5000,5000,1.000000,5000,0,4002,998,4002,0.800400,1.000000,0,998,0,998,0.000000,1.000000
68,0.886755,33.216000,1.933920,38.150000,1.790278,0.000000,0.000000,1.000000,0.000000,5000,5000,1.000000,5000,0,4166,834,4166,0.833200,1.000000,0,834,0,834,0.000000,1.000000
69,1.113765,26.952000,2.016199,33.000000,1.855382,0.000000,0.000000,1.000000,0.000000,5000,5000,1.000000,5000,0,3850,1150,3850,0.770000,1.000000,0,1150,0,1150,0.000000,1.000000
70,0.905393,35.860000,1.923097,41.620000,1.775125,0.000000,0.000000,1.000000,0.000000,5000,5000,1.000000,5000,0,4104,896,4104,0.820800,1.000000,0,896,0,896,0.000000,1.000000
71,1.062198,26.448000,2.020535,31.270000,1.865492,0.000000,0.000000,1.000000,0.000000,5000,5000,1.000000,5000,0,3912,1088,3912,0.782400,1.000000,0,1088,0,1088,0.000000,1.000000
72,1.131557,28.132000,2.006559,33.500000,1.868314,0.000000,0.000000,1.000000,0.000000,5000,5000,1.000000,5000,0,3806,1194,3806,0.761200,1.000000,0,1194,0,1194,0.000000,1.000000
73,0.970710,33.976000,1.947859,38.430000,1.823308,0.000000,0.000000,1.000000,0.000000,5000,5000,1.000000,5000,0,4000,1000,4000,0.800000,1.000000,0,1000,0,1000,0.000000,1.000000
74,0.943370,31.386000,1.971470,34.420000,1.866021,0.000000,0.000000,1.000000,0.000000,5000,5000,1.000000,5000,0,3990,1010,3990,0.798000,1.000000,0,1010,0,1010,0.000000,1.000000
75,0.791281,34.816000,1.906356,41.550000,1.750358,0.000000,0.000000,1.000000,0.000000,5000,5000,1.000000,5000,0,4298,702,4298,0.859600,1.000000,0,702,0,702,0.000000,1.000000
76,1.180490,34.038000,1.936486,39.740000,1.817270,0.000000,0.000000,1.000000,0.000000,5000,5000,1.000000,5000,0,3772,1228,3772,0.754400,1.000000,0,1228,0,1228,0.000000,1.000000
77,0.778344,29.760000,2.011661,34.240000,1.855906,0.000000,0.000000,1.000000,0.000000,5000,5000,1.000000,5000,0,4296,704,4296,0.859200,1.000000,0,704,0,704,0.000000,1.000000
78,1.190714,28.996000,1.993230,34.400000,1.831874,0.000000,0.000000,1.000000,0.000000,5000,5000,1.000000,5000,0,3690,1310,3690,0.738000,1.000000,0,1310,0,1310,0.000000,1.000000
79,0.820359,36.012000,1.910508,43.340000,1.749754,0.000000,0.000000,1.000000,0.000000,5000,5000,1.000000,5000,0,4168,832,4168,0.833600,1.000000,0,832,0,832,0.000000,1.000000
80,1.339109,32.334000,1.972229,37.290000,1.853686,0.000000,0.000000,1.000000,0.000000,5000,5000,1.000000,5000,0,3412,1588,3412,0.682400,1.000000,0,1588,0,1588,0.000000,1.000000
81,1.105954,31.752000,1.980489,37.180000,1.841533,0.000000,0.000000,1.000000,0.000000,5000,5000,1.000000,5000,0,3788,1212,3788,0.757600,1.000000,0,1212,0,1212,0.000000,1.000000
82,0.898143,33.362000,1.933148,38.800000,1.797646,0.000000,0.000000,1.000000,0.000000,5000,5000,1.000000,5000,0,4182,818,4182,0.836400,1.000000,0,818,0,818,0.000000,1.000000
83,1.140493,31.774000,1.974237,37.810000,1.851976,0.000000,0.000000,1.000000,0.000000,5000,5000,1.000000,5000,0,3776,1224,3776,0.755200,1.000000,0,1224,0,1224,0.000000,1.000000
84,0.902176,26.132000,2.108986,32.260000,1.948266,0.000000,0.000000,1.000000,0.000000,5000,5000,1.000000,5000,0,4096,904,4096,0.819200,1.000000,0,904,0,904,0.000000,1.000000
85,0.916216,32.420000,1.952967,37.200000,1.825201,0.000000,0.000000,1.000000,0.000000,5000,5000,1.000000,5000,0,4012,988,4012,0.802400,1.000000,0,988,0,988,0.000000,1.000000
86,1.127263,31.534000,1.966226,36.590000,1.843078,0.000000,0.000000,1.000000,0.000000,5000,5000,1.000000,5000,0,3728,1272,3728,0.745600,1.000000,0,1272,0,1272,0.000000,1.000000
87,0.913200,29.782000,2.003326,33.250000,1.877750,0.000000,0.000000,1.000000,0.000000,5000,5000,1.000000,5000,0,4102,898,4102,0.820400,1.000000,0,898,0,898,0.000000,1.000000
88,0.912341,30.812000,1.985450,36.110000,1.831374,0.000000,0.000000,1.000000,0.000000,5000,5000,1.000000,5000,0,4048,952,4048,0.809600,1.000000,0,952,0,952,0.000000,1.000000
89,1.041618,32.732000,1.960274,37.790000,1.842418,0.000000,0.000000,1.000000,0.000000,5000,5000,1.000000,5000,0,3920,1080,3920,0.784000,1.000000,0,1080,0,1080,0.000000,1.000000
90,0.743884,33.016000,1.956878,38.130000,1.811787,0.000000,0.000000,1.000000,0.000000,5000,5000,1.000000,5000,0,4274,726,4274,0.854800,1.000000,0,726,0,726,0.000000,1.000000
91,0.969114,33.802000,1.952027,38.410000,1.830717,0.000000,0.000000,1.000000,0.000000,5000,5000,1.000000,5000,0,3892,1108,3892,0.778400,1.000000,0,1108,0,1108,0.000000,1.000000
92,1.008136,29.986000,2.033181,32.960000,1.931422,0.000000,0.000000,1.000000,0.000000,5000,5000,1.000000,5000,0,3906,1094,3906,0.781200,1.000000,0,1094,0,1094,0.000000,1.000000
93,0.774899,30.396000,1.996771,36.960000,1.845572,0.000000,0.000000,1.000000,0.000000,5000,5000,1.000000,5000,0,4324,676,4324,0.864800,1.000000,0,676,0,676,0.000000,1.000000
94,1.078121,32.930000,1.932543,37.480000,1.813328,0.000000,0.000000,1.000000,0.000000,5000,5000,1.000000,5000,0,3846,1154,3846,0.769200,1.000000,0,1154,0,1154,0.000000,1.000000
95,0.560136,31.856000,1.974141,36.430000,1.823370,0.000000,0.000000,1.000000,0.000000,5000,5000,1.000000,5000,0,4530,470,4530,0.906000,1.000000,0,470,0,470,0.000000,1.000000
96,0.694589,31.310000,2.004305,36.150000,1.843360,0.000000,0.000000,1.000000,0.000000,5000,5000,1.000000,5000,0,4444,556,4444,0.888800,1.000000,0,556,0,556,0.000000,1.000000
97,1.222776,32.644000,1.946158,39.220000,1.819453,0.000000,0.000000,1.000000,0.000000,5000,5000,1.000000,5000,0,3554,1446,3554,0.710800,1.000000,0,1446,0,1446,0.000000,1.000000
98,0.864985,31.758000,1.956215,35.140000,1.850175,0.000000,0.000000,1.000000,0.000000,5000,5000,1.000000,5000,0,4212,788,4212,0.842400,1.000000,0,788,0,788,0.000000,1.000000
99,0.704373,31.034000,1.966607,37.590000,1.809269,0.000000,0.000000,1.000000,0.000000,5000,5000,1.000000,5000,0,4324,676,4324,0.864800,1.000000,0,676,0,676,0.000000,1.000000
100,0.249987,37.492000,1.877363,41.850000,1.716438,0.000000,0.000000,0.744000,0.000000,5000,3720,0.744000,3720,1280,4062,938,3657,0.983065,0.900295,405,63,875,468,0.099705,0.067164
101,0.222668,23.712000,2.269463,28.100000,2.023249,0.000000,0.000000,0.713200,0.000000,5000,3566,0.713200,3566,1434,3832,1168,3534,0.991026,0.922234,298,32,1136,330,0.077766,0.027397
102,0.186105,33.578000,2.089746,37.770000,1.863988,0.000000,0.000000,0.691800,0.000000,5000,3459,0.691800,3459,1541,3766,1234,3424,0.989881,0.909187,342,35,1199,377,0.090813,0.028363
103,0.136681,33.022000,2.131703,36.850000,1.889096,0.000000,0.000000,0.694600,0.000000,5000,3473,0.694600,3473,1527,4246,754,3459,0.995969,0.814649,787,14,740,801,0.185351,0.018568
104,0.179740,30.590000,2.130239,35.540000,1.822796,0.000000,0.000000,0.629800,0.000000,5000,3149,0.629800,3149,1851,3782,1218,3111,0.987933,0.822581,671,38,1180,709,0.177419,0.031199
105,0.198700,33.468000,2.118985,39.860000,1.777108,0.000000,0.000000,0.704000,0.000000,5000,3520,0.704000,3520,1480,3994,1006,3477,0.987784,0.870556,517,43,963,560,0.129444,0.042744
106,0.225393,41.614000,1.946838,45.980000,1.664275,0.000000,0.000000,0.751000,0.000000,5000,3755,0.751000,3755,1245,3908,1092,3721,0.990945,0.952149,187,34,1058,221,0.047851,0.031136
107,0.156871,36.946000,2.205451,45.270000,1.811422,0.000000,0.000000,0.781000,0.000000,5000,3905,0.781000,3905,1095,4028,972,3887,0.995391,0.964995,141,18,954,159,0.035005,0.018519
108,0.151155,36.802000,2.085550,44.750000,1.720290,0.000000,0.000000,0.642000,0.000000,5000,3210,0.642000,3210,1790,3866,1134,3176,0.989408,0.821521,690,34,1100,724,0.178479,0.029982
109,0.134262,38.550000,2.024290,46.170000,1.656375,0.000000,0.000000,0.593000,0.000000,5000,2965,0.593000,2965,2035,3866,1134,2943,0.992580,0.761252,923,22,1112,945,0.238748,0.019400
110,0.192623,41.296000,2.006658,48.230000,1.640265,0.000000,0.000000,0.778000,0.000000,5000,3890,0.778000,3890,1110,4168,832,3867,0.994087,0.927783,301,23,809,324,0.072217,0.027644
111,0.211758,39.292000,2.059462,46.380000,1.687893,0.000000,0.000000,0.661000,0.000000,5000,3305,0.661000,3305,1695,3676,1324,3251,0.983661,0.884385,425,54,1270,479,0.115615,0.040785
112,0.116010,28.866000,2.472091,31.500000,2.156320,0.000000,0.000000,0.707000,0.000000,5000,3535,0.707000,3535,1465,3996,1004,3519,0.995474,0.880631,477,16,988,493,0.119369,0.015936
113,0.193778,37.958000,2.140317,47.540000,1.718672,0.000000,0.000000,0.640000,0.000000,5000,3200,0.640000,3200,1800,3934,1066,3147,0.983437,0.799949,787,53,1013,840,0.200051,0.049719
114,0.146031,38.812000,2.131275,44.300000,1.754394,0.000000,0.000000,0.764200,0.000000,5000,3821,0.764200,3821,1179,4202,798,3796,0.993457,0.903379,406,25,773,431,0.096621,0.031328
115,0.160582,39.788000,2.138639,50.370000,1.641789,0.000000,0.000000,0.801600,0.000000,5000,4008,0.801600,4008,992,4224,776,3999,0.997754,0.946733,225,9,767,234,0.053267,0.011598
116,0.170182,40.712000,2.165716,49.640000,1.748894,0.000000,0.000000,0.707000,0.000000,5000,3535,0.707000,3535,1465,4042,958,3503,0.990948,0.866650,539,32,926,571,0.133350,0.033403
117,0.139860,33.940000,2.384845,44.510000,1.793961,0.000000,0.000000,0.716000,0.000000,5000,3580,0.716000,3580,1420,4060,940,3558,0.993855,0.876355,502,22,918,524,0.123645,0.023404
118,0.169886,30.376000,2.662712,35.190000,2.250412,0.000000,0.000000,0.665400,0.000000,5000,3327,0.665400,3327,1673,3774,1226,3270,0.982867,0.866455,504,57,1169,561,0.133545,0.046493
119,0.198210,39.484000,2.152351,47.530000,1.680801,0.000000,0.000000,0.653400,0.000000,5000,3267,0.653400,3267,1733,3990,1010,3229,0.988369,0.809273,761,38,972,799,0.190727,0.037624
120,0.173205,44.424000,2.042739,51.540000,1.645436,0.000000,0.000000,0.695800,0.000000,5000,3479,0.695800,3479,1521,4018,982,3461,0.994826,0.861374,557,18,964,575,0.138626,0.018330
121,0.149547,43.450000,2.061837,53.110000,1.564707,0.000000,0.000000,0.640400,0.000000,5000,3202,0.640400,3202,1798,3882,1118,3175,0.991568,0.817877,707,27,1091,734,0.182123,0.024150
122,0.199174,29.996000,2.511902,40.070000,1.889756,0.000000,0.000000,0.736600,0.000000,5000,3683,0.736600,3683,1317,4098,902,3642,0.988868,0.888726,456,41,861,497,0.111274,0.045455
123,0.164290,39.820000,2.245302,49.190000,1.700122,0.000000,0.000000,0.640000,0.000000,5000,3200,0.640000,3200,1800,3796,1204,3149,0.984062,0.829557,647,51,1153,698,0.170443,0.042359
124,0.173031,45.154000,2.024931,52.440000,1.587789,0.000000,0.000000,0.676400,0.000000,5000,3382,0.676400,3382,1618,4052,948,3330,0.984624,0.821816,722,52,896,774,0.178184,0.054852
125,0.181446,37.092000,2.332790,45.940000,1.800509,0.000000,0.000000,0.802200,0.000000,5000,4011,0.802200,4011,989,4140,860,3985,0.993518,0.962560,155,26,834,181,0.037440,0.030233
126,0.210526,42.166000,2.164008,53.240000,1.602155,0.000000,0.000000,0.721400,0.000000,5000,3607,0.721400,3607,1393,3964,1036,3560,0.986970,0.898083,404,47,989,451,0.101917,0.045367
127,0.130369,44.840000,2.067223,53.970000,1.601058,0.000000,0.000000,0.686000,0.000000,5000,3430,0.686000,3430,1570,3884,1116,3403,0.992128,0.876159,481,27,1089,508,0.123841,0.024194
128,0.208547,41.404000,2.153836,50.120000,1.647409,0.000000,0.000000,0.578200,0.000000,5000,2891,0.578200,2891,2109,4018,982,2759,0.954341,0.686660,1259,132,850,1391,0.313340,0.134420
129,0.129481,35.926000,2.520077,39.140000,2.157504,0.000000,0.000000,0.745000,0.000000,5000,3725,0.745000,3725,1275,3842,1158,3697,0.992483,0.962259,145,28,1130,173,0.037741,0.024180
130,0.168370,39.940000,2.390562,49.700000,1.834893,0.000000,0.000000,0.693400,0.000000,5000,3467,0.693400,3467,1533,4230,770,3379,0.974618,0.798818,851,88,682,939,0.201182,0.114286
131,0.138433,40.540000,2.228697,47.020000,1.773120,0.000000,0.000000,0.631200,0.000000,5000,3156,0.631200,3156,1844,3956,1044,3109,0.985108,0.785895,847,47,997,894,0.214105,0.045019
132,0.160757,33.368000,2.597314,36.700000,2.178284,0.000000,0.000000,0.647000,0.000000,5000,3235,0.647000,3235,1765,3828,1172,3188,0.985471,0.832811,640,47,1125,687,0.167189,0.040102
133,0.171502,45.978000,2.099529,55.820000,1.535318,0.000000,0.000000,0.751200,0.000000,5000,3756,0.751200,3756,1244,3972,1028,3713,0.988552,0.934794,259,43,985,302,0.065206,0.041829
134,0.149437,40.590000,2.278853,51.660000,1.646889,0.000000,0.000000,0.669200,0.000000,5000,3346,0.669200,3346,1654,3990,1010,3305,0.987747,0.828321,685,41,969,726,0.171679,0.040594
135,0.139744,43.654000,2.163430,49.200000,1.722900,0.000000,0.000000,0.653800,0.000000,5000,3269,0.653800,3269,1731,3966,1034,3238,0.990517,0.816440,728,31,1003,759,0.183560,0.029981
136,0.151092,40.850000,2.277020,47.250000,1.786366,0.000000,0.000000,0.692000,0.000000,5000,3460,0.692000,3460,1540,3704,1296,3430,0.991329,0.926026,274,30,1266,304,0.073974,0.023148
137,0.141134,42.886000,2.215801,53.030000,1.627234,0.000000,0.000000,0.769600,0.000000,5000,3848,0.769600,3848,1152,3922,1078,3825,0.994023,0.975268,97,23,1055,120,0.024732,0.021336
138,0.101338,40.484000,2.320020,49.830000,1.697073,0.000000,0.000000,0.715400,0.000000,5000,3577,0.715400,3577,1423,3970,1030,3567,0.997204,0.898489,403,10,1020,413,0.101511,0.009709
139,0.155514,46.482000,2.105248,54.960000,1.559106,0.000000,0.000000,0.660400,0.000000,5000,3302,0.660400,3302,1698,3944,1056,3260,0.987280,0.826572,684,42,1014,726,0.173428,0.039773
140,0.142791,43.930000,2.171735,52.480000,1.646407,0.000000,0.000000,0.793400,0.000000,5000,3967,0.793400,3967,1033,4300,700,3949,0.995463,0.918372,351,18,682,369,0.081628,0.025714
141,0.126552,39.958000,2.349458,49.080000,1.733458,0.000000,0.000000,0.589800,0.000000,5000,2949,0.589800,2949,2051,3786,1214,2919,0.989827,0.770998,867,30,1184,897,0.229002,0.024712
142,0.109735,42.456000,2.222050,47.610000,1.770063,0.000000,0.000000,0.696200,0.000000,5000,3481,0.696200,3481,1519,4270,730,3461,0.994255,0.810539,809,20,710,829,0.189461,0.027397
143,0.130811,41.892000,2.276083,50.280000,1.697275,0.000000,0.000000,0.734600,0.000000,5000,3673,0.734600,3673,1327,4342,658,3640,0.991016,0.838323,702,33,625,735,0.161677,0.050152
144,0.107515,33.916000,2.655887,40.840000,2.069054,0.000000,0.000000,0.707400,0.000000,5000,3537,0.707400,3537,1463,3946,1054,3503,0.990387,0.887734,443,34,1020,477,0.112266,0.032258
145,0.174113,36.496000,2.422230,38.850000,2.016086,0.000000,0.000000,0.674600,0.000000,5000,3373,0.674600,3373,1627,3822,1178,3316,0.983101,0.867609,506,57,1121,563,0.132391,0.048387
146,0.188353,43.824000,2.189431,53.820000,1.591134,0.000000,0.000000,0.628600,0.000000,5000,3143,0.628600,3143,1857,3792,1208,3112,0.990137,0.820675,680,31,1177,711,0.179325,0.025662
147,0.163621,39.496000,2.324346,47.100000,1.810085,0.000000,0.000000,0.696400,0.000000,5000,3482,0.696400,3482,1518,4140,860,3429,0.984779,0.828261,711,53,807,764,0.171739,0.061628
148,0.137234,46.968000,2.110626,55.230000,1.569024,0.000000,0.000000,0.615400,0.000000,5000,3077,0.615400,3077,1923,3874,1126,3026,0.983425,0.781105,848,51,1075,899,0.218895,0.045293
149,0.157566,42.600000,2.251200,53.200000,1.651658,0.000000,0.000000,0.755000,0.000000,5000,3775,0.755000,3775,1225,4270,730,3741,0.990993,0.876112,529,34,696,563,0.123888,0.046575
150,0.174758,44.068000,2.238462,50.290000,1.759747,0.000000,0.000000,0.661800,0.000000,5000,3309,0.661800,3309,1691,3664,1336,3241,0.979450,0.884552,423,68,1268,491,0.115448,0.050898
151,0.165861,44.594000,2.213332,51.340000,1.697894,0.000000,0.000000,0.691000,0.000000,5000,3455,0.691000,3455,1545,3902,1098,3412,0.987554,0.874423,490,43,1055,533,0.125577,0.039162
152,0.168478,42.780000,2.210319,47.980000,1.745364,0.000000,0.000000,0.729200,0.000000,5000,3646,0.729200,3646,1354,3976,1024,3611,0.990400,0.908199,365,35,989,400,0.091801,0.034180
153,0.114397,42.432000,2.270147,55.030000,1.571653,0.000000,0.000000,0.606800,0.000000,5000,3034,0.606800,3034,1966,3838,1162,3003,0.989782,0.782439,835,31,1131,866,0.217561,0.026678
154,0.139399,39.270000,2.459772,47.350000,1.906929,0.000000,0.000000,0.708400,0.000000,5000,3542,0.708400,3542,1458,4296,704,3519,0.993506,0.819134,777,23,681,800,0.180866,0.032670
155,0.106488,39.884000,2.410097,44.150000,1.943562,0.000000,0.000000,0.708200,0.000000,5000,3541,0.708200,3541,1459,4174,826,3512,0.991810,0.841399,662,29,797,691,0.158601,0.035109
156,0.170850,46.270000,2.171458,53.940000,1.630672,0.000000,0.000000,0.724600,0.000000,5000,3623,0.724600,3623,1377,4182,818,3591,0.991168,0.858680,591,32,786,623,0.141320,0.039120
157,0.180843,43.048000,2.300450,54.100000,1.660346,0.000000,0.000000,0.689400,0.000000,5000,3447,0.689400,3447,1553,3832,1168,3401,0.986655,0.887526,431,46,1122,477,0.112474,0.039384
158,0.189460,38.550000,2.570782,48.800000,1.856358,0.000000,0.000000,0.697400,0.000000,5000,3487,0.697400,3487,1513,3754,1246,3379,0.969028,0.900107,375,108,1138,483,0.099893,0.086677
159,0.131094,42.710000,2.335371,49.690000,1.787997,0.000000,0.000000,0.781000,0.000000,5000,3905,0.781000,3905,1095,4254,746,3871,0.991293,0.909967,383,34,712,417,0.090033,0.045576
160,0.177693,40.516000,2.405619,46.230000,1.914021,0.000000,0.000000,0.782000,0.000000,5000,3910,0.782000,3910,1090,4152,848,3850,0.984655,0.927264,302,60,788,362,0.072736,0.070755
161,0.146419,42.904000,2.301248,47.150000,1.821548,0.000000,0.000000,0.709600,0.000000,5000,3548,0.709600,3548,1452,4016,984,3519,0.991826,0.876245,497,29,955,526,0.123755,0.029472
162,0.178318,42.568000,2.267469,52.140000,1.656709,0.000000,0.000000,0.662000,0.000000,5000,3310,0.662000,3310,1690,3952,1048,3274,0.989124,0.828441,678,36,1012,714,0.171559,0.034351
163,0.185201,40.328000,2.395466,49.550000,1.797642,0.000000,0.000000,0.714600,0.000000,5000,3573,0.714600,3573,1427,4212,788,3518,0.984607,0.835233,694,55,733,749,0.164767,0.069797
164,0.173957,44.058000,2.257917,50.280000,1.752231,0.000000,0.000000,0.680200,0.000000,5000,3401,0.680200,3401,1599,3730,1270,3321,0.976478,0.890349,409,80,1190,489,0.109651,0.062992
165,0.139710,42.006000,2.372204,44.840000,1.908906,0.000000,0.000000,0.790000,0.000000,5000,3950,0.790000,3950,1050,4212,788,3918,0.991899,0.930199,294,32,756,326,0.069801,0.040609
166,0.172217,43.774000,2.313525,53.140000,1.665031,0.000000,0.000000,0.706600,0.000000,5000,3533,0.706600,3533,1467,4024,976,3502,0.991226,0.870278,522,31,945,553,0.129722,0.031762
167,0.106640,41.858000,2.376228,51.530000,1.732130,0.000000,0.000000,0.668600,0.000000,5000,3343,0.668600,3343,1657,4000,1000,3305,0.988633,0.826250,695,38,962,733,0.173750,0.038000
168,0.120291,49.154000,2.162908,57.620000,1.537884,0.000000,0.000000,0.790000,0.000000,5000,3950,0.790000,3950,1050,4268,732,3934,0.995949,0.921743,334,16,716,350,0.078257,0.021858
169,0.117383,41.888000,2.419090,51.730000,1.740654,0.000000,0.000000,0.736600,0.000000,5000,3683,0.736600,3683,1317,3964,1036,3667,0.995656,0.925076,297,16,1020,313,0.074924,0.015444
170,0.115037,47.974000,2.199707,54.500000,1.663758,0.000000,0.000000,0.700800,0.000000,5000,3504,0.700800,3504,1496,3948,1052,3478,0.992580,0.880952,470,26,1026,496,0.119048,0.024715
171,0.155503,38.398000,2.557495,47.350000,1.900899,0.000000,0.000000,0.637400,0.000000,5000,3187,0.637400,3187,1813,3778,1222,3120,0.978977,0.825834,658,67,1155,725,0.174166,0.054828
172,0.213372,40.726000,2.499379,50.760000,1.793361,0.000000,0.000000,0.749800,0.000000,5000,3749,0.749800,3749,1251,3860,1140,3643,0.971726,0.943782,217,106,1034,323,0.056218,0.092982
173,0.151944,44.248000,2.310964,53.320000,1.668665,0.000000,0.000000,0.720600,0.000000,5000,3603,0.720600,3603,1397,4086,914,3583,0.994449,0.876897,503,20,894,523,0.123103,0.021882
174,0.160619,44.030000,2.294736,55.840000,1.582670,0.000000,0.000000,0.664600,0.000000,5000,3323,0.664600,3323,1677,3860,1140,3260,0.981041,0.844560,600,63,1077,663,0.155440,0.055263
175,0.162276,40.284000,2.482712,47.670000,1.825037,0.000000,0.000000,0.636400,0.000000,5000,3182,0.636400,3182,1818,3776,1224,3118,0.979887,0.825742,658,64,1160,722,0.174258,0.052288
176,0.161194,39.014000,2.515024,51.670000,1.672358,0.000000,0.000000,0.743600,0.000000,5000,3718,0.743600,3718,1282,3980,1020,3681,0.990048,0.924874,299,37,983,336,0.075126,0.036275
177,0.132639,43.908000,2.409908,56.200000,1.632516,0.000000,0.000000,0.753600,0.000000,5000,3768,0.753600,3768,1232,3850,1150,3749,0.994958,0.973766,101,19,1131,120,0.026234,0.016522
178,0.135580,48.942000,2.191412,57.120000,1.596349,0.000000,0.000000,0.672600,0.000000,5000,3363,0.672600,3363,1637,3930,1070,3324,0.988403,0.845802,606,39,1031,645,0.154198,0.036449
179,0.127385,44.472000,2.347744,51.240000,1.786841,0.000000,0.000000,0.677400,0.000000,5000,3387,0.677400,3387,1613,4296,704,3352,0.989666,0.780261,944,35,669,979,0.219739,0.049716
180,0.090157,45.964000,2.311659,51.080000,1.787347,0.000000,0.000000,0.726000,0.000000,5000,3630,0.726000,3630,1370,4030,970,3601,0.992011,0.893548,429,29,941,458,0.106452,0.029897
181,0.116763,48.954000,2.201306,56.850000,1.631395,0.000000,0.000000,0.628600,0.000000,5000,3143,0.628600,3143,1857,3998,1002,3105,0.987910,0.776638,893,38,964,931,0.223362,0.037924
182,0.132088,43.492000,2.412279,54.000000,1.698309,0.000000,0.000000,0.662000,0.000000,5000,3310,0.662000,3310,1690,3908,1092,3254,0.983082,0.832651,654,56,1036,710,0.167349,0.051282
183,0.124862,39.968000,2.531620,45.850000,1.944045,0.000000,0.000000,0.625800,0.000000,5000,3129,0.625800,3129,1871,4044,956,3088,0.986897,0.763600,956,41,915,997,0.236400,0.042887
184,0.142114,42.230000,2.482588,50.920000,1.776402,0.000000,0.000000,0.707000,0.000000,5000,3535,0.707000,3535,1465,3980,1020,3498,0.989533,0.878894,482,37,983,519,0.121106,0.036275
185,0.128491,46.436000,2.326202,54.230000,1.694278,0.000000,0.000000,0.686200,0.000000,5000,3431,0.686200,3431,1569,4292,708,3381,0.985427,0.787745,911,50,658,961,0.212255,0.070621
186,0.126436,36.948000,2.833597,41.240000,2.264381,0.000000,0.000000,0.800600,0.000000,5000,4003,0.800600,4003,997,4130,870,3989,0.996503,0.965860,141,14,856,155,0.034140,0.016092
187,0.151294,45.020000,2.335990,50.200000,1.798033,0.000000,0.000000,0.740600,0.000000,5000,3703,0.740600,3703,1297,4276,724,3680,0.993789,0.860617,596,23,701,619,0.139383,0.031768
188,0.129267,47.126000,2.288466,55.930000,1.608810,0.000000,0.000000,0.696600,0.000000,5000,3483,0.696600,3483,1517,3946,1054,3445,0.989090,0.873036,501,38,1016,539,0.126964,0.036053
189,0.137003,46.756000,2.287675,53.390000,1.685410,0.000000,0.000000,0.722800,0.000000,5000,3614,0.722800,3614,1386,4106,894,3581,0.990869,0.872138,525,33,861,558,0.127862,0.036913
190,0.204094,41.364000,2.508987,46.910000,1.891510,0.000000,0.000000,0.639400,0.000000,5000,3197,0.639400,3197,1803,3790,1210,3148,0.984673,0.830607,642,49,1161,691,0.169393,0.040496
191,0.115581,44.126000,2.377831,50.210000,1.827960,0.000000,0.000000,0.685800,0.000000,5000,3429,0.685800,3429,1571,4120,880,3400,0.991543,0.825243,720,29,851,749,0.174757,0.032955
192,0.087890,42.714000,2.552911,56.030000,1.733273,0.000000,0.000000,0.780800,0.000000,5000,3904,0.780800,3904,1096,4444,556,3891,0.996670,0.875563,553,13,543,566,0.124437,0.023381
193,0.132795,42.978000,2.405773,50.050000,1.779413,0.000000,0.000000,0.699200,0.000000,5000,3496,0.699200,3496,1504,4110,890,3439,0.983696,0.836740,671,57,833,728,0.163260,0.064045
194,0.150095,43.684000,2.356350,47.320000,1.870500,0.000000,0.000000,0.654200,0.000000,5000,3271,0.654200,3271,1729,3952,1048,3228,0.986854,0.816802,724,43,1005,767,0.183198,0.041031
195,0.157488,40.712000,2.568528,50.930000,1.801938,0.000000,0.000000,0.804600,0.000000,5000,4023,0.804600,4023,977,4348,652,4007,0.996023,0.921573,341,16,636,357,0.078427,0.024540
196,0.132872,45.422000,2.351482,53.920000,1.680072,0.000000,0.000000,0.693200,0.000000,5000,3466,0.693200,3466,1534,3742,1258,3436,0.991344,0.918226,306,30,1228,336,0.081774,0.023847
197,0.128847,40.800000,2.538047,48.730000,1.863929,0.000000,0.000000,0.728200,0.000000,5000,3641,0.728200,3641,1359,4246,754,3575,0.981873,0.841969,671,66,688,737,0.158031,0.087533
198,0.108881,47.390000,2.298406,57.730000,1.597078,0.000000,0.000000,0.747200,0.000000,5000,3736,0.747200,3736,1264,4510,490,3723,0.996520,0.825499,787,13,477,800,0.174501,0.026531
199,0.120062,44.940000,2.337898,53.100000,1.698410,0.000000,0.000000,0.720600,0.000000,5000,3603,0.720600,3603,1397,4076,924,3568,0.990286,0.875368,508,35,889,543,0.124632,0.037879
200,0.157068,47.122000,2.370979,57.270000,1.703004,0.000000,0.000000,0.707600,0.000000,5000,3538,0.707600,3538,1462,4000,1000,3483,0.984454,0.870750,517,55,945,572,0.129250,0.055000
201,0.087848,46.538000,2.329395,57.790000,1.624856,0.000000,0.000000,0.604200,0.000000,5000,3021,0.604200,3021,1979,4032,968,2981,0.986759,0.739335,1051,40,928,1091,0.260665,0.041322
202,0.118422,42.188000,2.620194,54.960000,1.768115,0.000000,0.000000,0.687800,0.000000,5000,3439,0.687800,3439,1561,4086,914,3388,0.985170,0.829173,698,51,863,749,0.170827,0.055799
203,0.116848,46.440000,2.329730,55.790000,1.674026,0.000000,0.000000,0.709400,0.000000,5000,3547,0.709400,3547,1453,3962,1038,3521,0.992670,0.888693,441,26,1012,467,0.111307,0.025048
204,0.127100,42.944000,2.443530,53.560000,1.712270,0.000000,0.000000,0.665400,0.000000,5000,3327,0.665400,3327,1673,3704,1296,3287,0.987977,0.887419,417,40,1256,457,0.112581,0.030864
205,0.099970,45.684000,2.394217,54.820000,1.692270,0.000000,0.000000,0.723600,0.000000,5000,3618,0.723600,3618,1382,4118,882,3598,0.994472,0.873725,520,20,862,540,0.126275,0.022676
206,0.101490,43.898000,2.499573,53.640000,1.747092,0.000000,0.000000,0.707800,0.000000,5000,3539,0.707800,3539,1461,3888,1112,3516,0.993501,0.904321,372,23,1089,395,0.095679,0.020683
207,0.154759,42.478000,2.573840,55.990000,1.674750,0.000000,0.000000,0.663000,0.000000,5000,3315,0.663000,3315,1685,3758,1242,3278,0.988839,0.872272,480,37,1205,517,0.127728,0.029791
208,0.117207,48.404000,2.327587,59.070000,1.578445,0.000000,0.000000,0.749600,0.000000,5000,3748,0.749600,3748,1252,3836,1164,3725,0.993863,0.971064,111,23,1141,134,0.028936,0.019759
209,0.136834,47.950000,2.367361,59.050000,1.611615,0.000000,0.000000,0.794400,0.000000,5000,3972,0.794400,3972,1028,4086,914,3940,0.991944,0.964268,146,32,882,178,0.035732,0.035011
210,0.108728,49.600000,2.268354,59.660000,1.548180,0.000000,0.000000,0.727000,0.000000,5000,3635,0.727000,3635,1365,4242,758,3588,0.987070,0.845827,654,47,711,701,0.154173,0.062005
211,0.150453,45.354000,2.420820,56.760000,1.662500,0.000000,0.000000,0.586600,0.000000,5000,2933,0.586600,2933,2067,3842,1158,2854,0.973065,0.742842,988,79,1079,1067,0.257158,0.068221
212,0.134007,47.416000,2.359680,56.040000,1.688608,0.000000,0.000000,0.778000,0.000000,5000,3890,0.778000,3890,1110,3970,1030,3875,0.996144,0.976071,95,15,1015,110,0.023929,0.014563
213,0.148941,46.986000,2.348306,53.760000,1.700929,0.000000,0.000000,0.672200,0.000000,5000,3361,0.672200,3361,1639,3892,1108,3331,0.991074,0.855858,561,30,1078,591,0.144142,0.027076
214,0.111903,43.930000,2.516961,55.590000,1.721475,0.000000,0.000000,0.692200,0.000000,5000,3461,0.692200,3461,1539,3944,1056,3439,0.993643,0.871957,505,22,1034,527,0.128043,0.020833
215,0.105937,44.132000,2.451951,55.020000,1.695560,0.000000,0.000000,0.686200,0.000000,5000,3431,0.686200,3431,1569,4112,888,3388,0.987467,0.823930,724,43,845,767,0.176070,0.048423
216,0.148474,46.062000,2.371860,50.550000,1.825027,0.000000,0.000000,0.708200,0.000000,5000,3541,0.708200,3541,1459,4004,996,3508,0.990681,0.876124,496,33,963,529,0.123876,0.033133
217,0.135917,49.058000,2.273116,59.670000,1.571402,0.000000,0.000000,0.565400,0.000000,5000,2827,0.565400,2827,2173,3984,1016,2759,0.975946,0.692520,1225,68,948,1293,0.307480,0.066929
218,0.096532,46.310000,2.387668,51.930000,1.839684,0.000000,0.000000,0.711600,0.000000,5000,3558,0.711600,3558,1442,4048,952,3544,0.996065,0.875494,504,14,938,518,0.124506,0.014706
219,0.136023,47.794000,2.334809,54.890000,1.689199,0.000000,0.000000,0.679600,0.000000,5000,3398,0.679600,3398,1602,3758,1242,3341,0.983225,0.889037,417,57,1185,474,0.110963,0.045894
220,0.097516,47.560000,2.331988,54.460000,1.732471,0.000000,0.000000,0.695800,0.000000,5000,3479,0.695800,3479,1521,4330,670,3445,0.990227,0.795612,885,34,636,919,0.204388,0.050746
221,0.106174,45.680000,2.438939,56.170000,1.715640,0.000000,0.000000,0.688400,0.000000,5000,3442,0.688400,3442,1558,3988,1012,3424,0.994770,0.858576,564,18,994,582,0.141424,0.017787
222,0.147128,49.138000,2.303164,59.960000,1.578868,0.000000,0.000000,0.793000,0.000000,5000,3965,0.793000,3965,1035,4344,656,3945,0.994956,0.908149,399,20,636,419,0.091851,0.030488
223,0.122572,50.186000,2.289625,61.190000,1.566885,0.000000,0.000000,0.664800,0.000000,5000,3324,0.664800,3324,1676,3720,1280,3278,0.986161,0.881183,442,46,1234,488,0.118817,0.035937
224,0.107963,49.416000,2.298361,57.600000,1.607423,0.000000,0.000000,0.806800,0.000000,5000,4034,0.806800,4034,966,4160,840,4013,0.994794,0.964663,147,21,819,168,0.035337,0.025000
225,0.111266,48.026000,2.335169,58.230000,1.618500,0.000000,0.000000,0.720200,0.000000,5000,3601,0.720200,3601,1399,3988,1012,3559,0.988337,0.892427,429,42,970,471,0.107573,0.041502
226,0.122387,51.876000,2.238753,59.010000,1.624093,0.000000,0.000000,0.708600,0.000000,5000,3543,0.708600,3543,1457,4064,936,3465,0.977985,0.852608,599,78,858,677,0.147392,0.083333
227,0.118371,48.992000,2.342670,58.070000,1.652374,0.000000,0.000000,0.665600,0.000000,5000,3328,0.665600,3328,1672,3748,1252,3291,0.988882,0.878068,457,37,1215,494,0.121932,0.029553
228,0.099823,46.754000,2.377332,53.100000,1.752019,0.000000,0.000000,0.705200,0.000000,5000,3526,0.705200,3526,1474,4198,802,3491,0.990074,0.831586,707,35,767,742,0.168414,0.043641
229,0.131552,47.938000,2.355437,54.760000,1.738351,0.000000,0.000000,0.790800,0.000000,5000,3954,0.790800,3954,1046,4048,952,3923,0.992160,0.969121,125,31,921,156,0.030879,0.032563
230,0.102387,48.754000,2.339239,52.950000,1.774507,0.000000,0.000000,0.723200,0.000000,5000,3616,0.723200,3616,1384,3912,1088,3594,0.993916,0.918712,318,22,1066,340,0.081288,0.020221
231,0.138463,50.966000,2.296251,58.870000,1.652104,0.000000,0.000000,0.828400,0.000000,5000,4142,0.828400,4142,858,4254,746,4120,0.994689,0.968500,134,22,724,156,0.031500,0.029491
232,0.107926,45.674000,2.548816,56.080000,1.813501,0.000000,0.000000,0.799400,0.000000,5000,3997,0.799400,3997,1003,4268,732,3973,0.993995,0.930881,295,24,708,319,0.069119,0.032787
233,0.126413,43.338000,2.593579,51.300000,1.953413,0.000000,0.000000,0.664200,0.000000,5000,3321,0.664200,3321,1679,3960,1040,3275,0.986149,0.827020,685,46,994,731,0.172980,0.044231
234,0.136578,47.826000,2.412497,52.070000,1.828096,0.000000,0.000000,0.722600,0.000000,5000,3613,0.722600,3613,1387,3832,1168,3581,0.991143,0.934499,251,32,1136,283,0.065501,0.027397
235,0.089400,48.492000,2.403590,59.540000,1.647609,0.000000,0.000000,0.710000,0.000000,5000,3550,0.710000,3550,1450,4044,956,3527,0.993521,0.872156,517,23,933,540,0.127844,0.024059
236,0.093883,44.294000,2.515165,53.210000,1.763671,0.000000,0.000000,0.692000,0.000000,5000,3460,0.692000,3460,1540,4132,868,3432,0.991908,0.830591,700,28,840,728,0.169409,0.032258
237,0.112845,46.798000,2.461630,54.780000,1.794968,0.000000,0.000000,0.671600,0.000000,5000,3358,0.671600,3358,1642,3812,1188,3323,0.989577,0.871721,489,35,1153,524,0.128279,0.029461
238,0.154278,47.284000,2.512743,57.880000,1.728946,0.000000,0.000000,0.708800,0.000000,5000,3544,0.708800,3544,1456,3862,1138,3450,0.973476,0.893320,412,94,1044,506,0.106680,0.082601
239,0.091781,48.580000,2.393815,55.650000,1.687697,0.000000,0.000000,0.692000,0.000000,5000,3460,0.692000,3460,1540,3896,1104,3423,0.989306,0.878593,473,37,1067,510,0.121407,0.033514
240,0.116716,48.024000,2.419326,53.200000,1.813885,0.000000,0.000000,0.776600,0.000000,5000,3883,0.776600,3883,1117,3968,1032,3864,0.995107,0.973790,104,19,1013,123,0.026210,0.018411
241,0.185296,47.774000,2.419107,59.700000,1.603103,0.000000,0.000000,0.745000,0.000000,5000,3725,0.745000,3725,1275,3996,1004,3656,0.981477,0.914915,340,69,935,409,0.085085,0.068725
242,0.081045,48.304000,2.419580,59.730000,1.620265,0.000000,0.000000,0.728000,0.000000,5000,3640,0.728000,3640,1360,3940,1060,3625,0.995879,0.920051,315,15,1045,330,0.079949,0.014151
243,0.088445,50.690000,2.346606,60.670000,1.640751,0.000000,0.000000,0.712600,0.000000,5000,3563,0.712600,3563,1437,4208,792,3530,0.990738,0.838878,678,33,759,711,0.161122,0.041667
244,0.150780,47.138000,2.455194,57.430000,1.679599,0.000000,0.000000,0.711600,0.000000,5000,3558,0.711600,3558,1442,3922,1078,3504,0.984823,0.893422,418,54,1024,472,0.106578,0.050093
245,0.142840,50.686000,2.348081,62.640000,1.545003,0.000000,0.000000,0.733400,0.000000,5000,3667,0.733400,3667,1333,4120,880,3636,0.991546,0.882524,484,31,849,515,0.117476,0.035227
246,0.082987,46.868000,2.467168,57.300000,1.696004,0.000000,0.000000,0.710000,0.000000,5000,3550,0.710000,3550,1450,4248,752,3522,0.992113,0.829096,726,28,724,754,0.170904,0.037234
247,0.137205,47.796000,2.403677,55.220000,1.734323,0.000000,0.000000,0.774000,0.000000,5000,3870,0.774000,3870,1130,4352,648,3836,0.991214,0.881434,516,34,614,550,0.118566,0.052469
248,0.068718,45.310000,2.533890,50.190000,1.941431,0.000000,0.000000,0.785600,0.000000,5000,3928,0.785600,3928,1072,4450,550,3910,0.995418,0.878652,540,18,532,558,0.121348,0.032727
249,0.167644,51.282000,2.299738,60.610000,1.577681,0.000000,0.000000,0.777200,0.000000,5000,3886,0.777200,3886,1114,3982,1018,3831,0.985847,0.962079,151,55,963,206,0.037921,0.054028
250,0.148427,46.358000,2.420741,53.970000,1.811350,0.000000,0.000000,0.705400,0.000000,5000,3527,0.705400,3527,1473,3984,1016,3490,0.989509,0.876004,494,37,979,531,0.123996,0.036417
251,0.112425,43.444000,2.523846,49.840000,1.856838,0.000000,0.000000,0.690000,0.000000,5000,3450,0.690000,3450,1550,4162,838,3421,0.991594,0.821961,741,29,809,770,0.178039,0.034606
252,0.068348,46.868000,2.464809,51.880000,1.870269,0.000000,0.000000,0.806000,0.000000,5000,4030,0.806000,4030,970,4346,654,4015,0.996278,0.923838,331,15,639,346,0.076162,0.022936
253,0.113801,48.786000,2.385150,58.600000,1.643709,0.000000,0.000000,0.762000,0.000000,5000,3810,0.762000,3810,1190,4040,960,3772,0.990026,0.933663,268,38,922,306,0.066337,0.039583
254,0.111778,46.534000,2.496497,52.720000,1.830059,0.000000,0.000000,0.694800,0.000000,5000,3474,0.694800,3474,1526,4064,936,3418,0.983880,0.841043,646,56,880,702,0.158957,0.059829
255,0.094343,47.960000,2.438272,56.550000,1.712843,0.000000,0.000000,0.785200,0.000000,5000,3926,0.785200,3926,1074,4136,864,3898,0.992868,0.942456,238,28,836,266,0.057544,0.032407
256,0.079925,50.290000,2.371485,56.570000,1.700029,0.000000,0.000000,0.738400,0.000000,5000,3692,0.738400,3692,1308,3962,1038,3672,0.994583,0.926805,290,20,1018,310,0.073195,0.019268
257,0.096832,48.642000,2.436752,58.890000,1.626575,0.000000,0.000000,0.682600,0.000000,5000,3413,0.682600,3413,1587,3992,1008,3364,0.985643,0.842685,628,49,959,677,0.157315,0.048611
258,0.125838,43.208000,2.667043,53.410000,1.900024,0.000000,0.000000,0.684400,0.000000,5000,3422,0.684400,3422,1578,4044,956,3371,0.985096,0.833581,673,51,905,724,0.166419,0.053347
259,0.114625,48.264000,2.527068,58.830000,1.750128,0.000000,0.000000,0.679600,0.000000,5000,3398,0.679600,3398,1602,4054,946,3355,0.987345,0.827578,699,43,903,742,0.172422,0.045455
260,0.133233,51.514000,2.390603,59.350000,1.665934,0.000000,0.000000,0.668800,0.000000,5000,3344,0.668800,3344,1656,3754,1246,3297,0.985945,0.878263,457,47,1199,504,0.121737,0.037721
261,0.126963,48.248000,2.451618,56.070000,1.725694,0.000000,0.000000,0.661800,0.000000,5000,3309,0.661800,3309,1691,3916,1084,3261,0.985494,0.832737,655,48,1036,703,0.167263,0.044280
262,0.134821,51.842000,2.336553,60.860000,1.570601,0.000000,0.000000,0.733000,0.000000,5000,3665,0.733000,3665,1335,3954,1046,3640,0.993179,0.920587,314,25,1021,339,0.079413,0.023901
263,0.121560,47.958000,2.508132,57.660000,1.677938,0.000000,0.000000,0.718200,0.000000,5000,3591,0.718200,3591,1409,4010,990,3542,0.986355,0.883292,468,49,941,517,0.116708,0.049495
264,0.114418,49.056000,2.448244,59.740000,1.616065,0.000000,0.000000,0.696200,0.000000,5000,3481,0.696200,3481,1519,3926,1074,3448,0.990520,0.878248,478,33,1041,511,0.121752,0.030726
265,0.086624,48.566000,2.464398,58.340000,1.652211,0.000000,0.000000,0.658600,0.000000,5000,3293,0.658600,3293,1707,3958,1042,3261,0.990282,0.823901,697,32,1010,729,0.176099,0.030710
266,0.100848,48.236000,2.464180,60.180000,1.623312,0.000000,0.000000,0.651800,0.000000,5000,3259,0.651800,3259,1741,3862,1138,3218,0.987419,0.833247,644,41,1097,685,0.166753,0.036028
267,0.098406,46.714000,2.569040,57.630000,1.732647,0.000000,0.000000,0.806800,0.000000,5000,4034,0.806800,4034,966,4116,884,4020,0.996529,0.976676,96,14,870,110,0.023324,0.015837
268,0.115749,46.642000,2.578211,58.520000,1.699506,0.000000,0.000000,0.714000,0.000000,5000,3570,0.714000,3570,1430,4040,960,3538,0.991036,0.875743,502,32,928,534,0.124257,0.033333
269,0.112845,51.244000,2.360154,60.070000,1.618572,0.000000,0.000000,0.688800,0.000000,5000,3444,0.688800,3444,1556,4038,962,3394,0.985482,0.840515,644,50,912,694,0.159485,0.051975
270,0.136975,51.630000,2.372953,64.530000,1.480371,0.000000,0.000000,0.829400,0.000000,5000,4147,0.829400,4147,853,4212,788,4122,0.993972,0.978632,90,25,763,115,0.021368,0.031726
271,0.105434,48.724000,2.431033,55.270000,1.739148,0.000000,0.000000,0.726000,0.000000,5000,3630,0.726000,3630,1370,3850,1150,3592,0.989532,0.932987,258,38,1112,296,0.067013,0.033043
272,0.128632,48.028000,2.471227,60.270000,1.628224,0.000000,0.000000,0.739000,0.000000,5000,3695,0.739000,3695,1305,3988,1012,3674,0.994317,0.921264,314,21,991,335,0.078736,0.020751
273,0.075176,47.886000,2.557759,58.550000,1.746919,0.000000,0.000000,0.700000,0.000000,5000,3500,0.700000,3500,1500,4124,876,3471,0.991714,0.841659,653,29,847,682,0.158341,0.033105
274,0.130846,47.410000,2.464886,57.430000,1.681045,0.000000,0.000000,0.703200,0.000000,5000,3516,0.703200,3516,1484,4162,838,3474,0.988055,0.834695,688,42,796,730,0.165305,0.050119
275,0.131021,50.768000,2.377151,61.460000,1.581925,0.000000,0.000000,0.565000,0.000000,5000,2825,0.565000,2825,2175,3936,1064,2735,0.968142,0.694868,1201,90,974,1291,0.305132,0.084586
276,0.130061,45.910000,2.564495,51.770000,1.914917,0.000000,0.000000,0.775200,0.000000,5000,3876,0.775200,3876,1124,3944,1056,3850,0.993292,0.976166,94,26,1030,120,0.023834,0.024621
277,0.101234,52.614000,2.344996,62.610000,1.567772,0.000000,0.000000,0.666000,0.000000,5000,3330,0.666000,3330,1670,3884,1116,3284,0.986186,0.845520,600,46,1070,646,0.154480,0.041219
278,0.076648,50.052000,2.432587,56.880000,1.727113,0.000000,0.000000,0.693400,0.000000,5000,3467,0.693400,3467,1533,3840,1160,3432,0.989905,0.893750,408,35,1125,443,0.106250,0.030172
279,0.069184,49.298000,2.460291,53.590000,1.797213,0.000000,0.000000,0.724000,0.000000,5000,3620,0.724000,3620,1380,4124,876,3606,0.996133,0.874394,518,14,862,532,0.125606,0.015982
280,0.203966,51.658000,2.390232,62.330000,1.560114,0.000000,0.000000,0.680400,0.000000,5000,3402,0.680400,3402,1598,3832,1168,3334,0.980012,0.870042,498,68,1100,566,0.129958,0.058219
281,0.143881,51.416000,2.404205,59.170000,1.680613,0.000000,0.000000,0.696800,0.000000,5000,3484,0.696800,3484,1516,3902,1098,3420,0.981630,0.876474,482,64,1034,546,0.123526,0.058288
282,0.083239,47.020000,2.597226,57.850000,1.774787,0.000000,0.000000,0.748800,0.000000,5000,3744,0.748800,3744,1256,4274,726,3727,0.995459,0.872017,547,17,709,564,0.127983,0.023416
283,0.126689,53.386000,2.368075,62.800000,1.555708,0.000000,0.000000,0.794000,0.000000,5000,3970,0.794000,3970,1030,4090,910,3950,0.994962,0.965770,140,20,890,160,0.034230,0.021978
284,0.159078,47.988000,2.480407,54.790000,1.747083,0.000000,0.000000,0.775600,0.000000,5000,3878,0.775600,3878,1122,3946,1054,3850,0.992780,0.975672,96,28,1026,124,0.024328,0.026565
285,0.116962,51.338000,2.351067,58.600000,1.654404,0.000000,0.000000,0.691800,0.000000,5000,3459,0.691800,3459,1541,3904,1096,3416,0.987569,0.875000,488,43,1053,531,0.125000,0.039234
286,0.083736,50.358000,2.458015,60.100000,1.683908,0.000000,0.000000,0.831800,0.000000,5000,4159,0.831800,4159,841,4474,526,4148,0.997355,0.927135,326,11,515,337,0.072865,0.020913
287,0.109510,41.456000,2.773329,44.050000,2.191731,0.000000,0.000000,0.708800,0.000000,5000,3544,0.708800,3544,1456,3966,1034,3504,0.988713,0.883510,462,40,994,502,0.116490,0.038685
288,0.133119,51.252000,2.408709,64.050000,1.497588,0.000000,0.000000,0.748200,0.000000,5000,3741,0.748200,3741,1259,4004,996,3706,0.990644,0.925574,298,35,961,333,0.074426,0.035141
289,0.104346,51.488000,2.426241,61.390000,1.603005,0.000000,0.000000,0.766000,0.000000,5000,3830,0.766000,3830,1170,4072,928,3778,0.986423,0.927800,294,52,876,346,0.072200,0.056034
290,0.098875,49.422000,2.477211,59.070000,1.696291,0.000000,0.000000,0.640200,0.000000,5000,3201,0.640200,3201,1799,3846,1154,3163,0.988129,0.822413,683,38,1116,721,0.177587,0.032929
291,0.100300,50.144000,2.437515,55.100000,1.796813,0.000000,0.000000,0.690200,0.000000,5000,3451,0.690200,3451,1549,3844,1156,3405,0.986671,0.885796,439,46,1110,485,0.114204,0.039792
292,0.089587,48.936000,2.581597,59.030000,1.756822,0.000000,0.000000,0.715400,0.000000,5000,3577,0.715400,3577,1423,4014,986,3547,0.991613,0.883657,467,30,956,497,0.116343,0.030426
293,0.070631,52.038000,2.378987,60.950000,1.612691,0.000000,0.000000,0.723800,0.000000,5000,3619,0.723800,3619,1381,4286,714,3590,0.991987,0.837611,696,29,685,725,0.162389,0.040616
294,0.107934,48.552000,2.515064,60.230000,1.632461,0.000000,0.000000,0.654000,0.000000,5000,3270,0.654000,3270,1730,3882,1118,3231,0.988073,0.832303,651,39,1079,690,0.167697,0.034884
295,0.111473,49.244000,2.528559,58.280000,1.732974,0.000000,0.000000,0.757400,0.000000,5000,3787,0.757400,3787,1213,4208,792,3750,0.990230,0.891160,458,37,755,495,0.108840,0.046717
296,0.075788,43.492000,2.711384,49.560000,1.986139,0.000000,0.000000,0.756800,0.000000,5000,3784,0.756800,3784,1216,4244,756,3769,0.996036,0.888077,475,15,741,490,0.111923,0.019841
297,0.090507,50.186000,2.478649,61.720000,1.626797,0.000000,0.000000,0.636600,0.000000,5000,3183,0.636600,3183,1817,3786,1214,3142,0.987119,0.829900,644,41,1173,685,0.170100,0.033773
298,0.067609,50.162000,2.476946,63.530000,1.518492,0.000000,0.000000,0.701200,0.000000,5000,3506,0.701200,3506,1494,3892,1108,3468,0.989161,0.891059,424,38,1070,462,0.108941,0.034296
299,0.121763,49.020000,2.495256,56.160000,1.737525,0.000000,0.000000,0.721200,0.000000,5000,3606,0.721200,3606,1394,4070,930,3569,0.989739,0.876904,501,37,893,538,0.123096,0.039785
300,0.110512,50.670000,2.437648,57.680000,1.709846,0.000000,0.000000,0.826200,0.000000,5000,4131,0.826200,4131,869,4390,610,4109,0.994674,0.935991,281,22,588,303,0.064009,0.036066
301,0.091551,44.450000,2.803850,55.140000,1.869134,0.000000,0.000000,0.654800,0.000000,5000,3274,0.654800,3274,1726,4052,948,3219,0.983201,0.794423,833,55,893,888,0.205577,0.058017
302,0.111585,50.708000,2.484030,60.560000,1.647403,0.000000,0.000000,0.761600,0.000000,5000,3808,0.761600,3808,1192,4064,936,3775,0.991334,0.928888,289,33,903,322,0.071112,0.035256
303,0.098327,53.038000,2.351953,61.320000,1.604441,0.000000,0.000000,0.737600,0.000000,5000,3688,0.737600,3688,1312,4158,842,3659,0.992137,0.879990,499,29,813,528,0.120010,0.034442
304,0.082853,49.980000,2.462130,55.700000,1.783499,0.000000,0.000000,0.797200,0.000000,5000,3986,0.797200,3986,1014,4278,722,3968,0.995484,0.927536,310,18,704,328,0.072464,0.024931
305,0.126518,47.190000,2.603995,58.470000,1.719086,0.000000,0.000000,0.678800,0.000000,5000,3394,0.678800,3394,1606,3938,1062,3343,0.984973,0.848908,595,51,1011,646,0.151092,0.048023
306,0.149806,51.000000,2.449765,58.890000,1.696520,0.000000,0.000000,0.731400,0.000000,5000,3657,0.731400,3657,1343,3898,1102,3613,0.987968,0.926886,285,44,1058,329,0.073114,0.039927
307,0.132008,48.802000,2.510852,56.190000,1.752751,0.000000,0.000000,0.744000,0.000000,5000,3720,0.744000,3720,1280,4136,864,3676,0.988172,0.888781,460,44,820,504,0.111219,0.050926
308,0.094088,50.934000,2.439017,60.730000,1.625001,0.000000,0.000000,0.768000,0.000000,5000,3840,0.768000,3840,1160,4338,662,3822,0.995312,0.881051,516,18,644,534,0.118949,0.027190
309,0.106793,44.536000,2.707307,59.200000,1.667826,0.000000,0.000000,0.723600,0.000000,5000,3618,0.723600,3618,1382,4038,962,3576,0.988391,0.885587,462,42,920,504,0.114413,0.043659
310,0.082750,51.276000,2.450451,61.830000,1.591780,0.000000,0.000000,0.737000,0.000000,5000,3685,0.737000,3685,1315,4090,910,3651,0.990773,0.892665,439,34,876,473,0.107335,0.037363
311,0.128502,44.552000,2.714020,52.010000,1.952883,0.000000,0.000000,0.718000,0.000000,5000,3590,0.718000,3590,1410,4142,858,3535,0.984680,0.853452,607,55,803,662,0.146548,0.064103
312,0.074196,48.238000,2.555008,56.670000,1.760872,0.000000,0.000000,0.600200,0.000000,5000,3001,0.600200,3001,1999,3956,1044,2941,0.980007,0.743428,1015,60,984,1075,0.256572,0.057471
313,0.117427,46.320000,2.683272,60.730000,1.634005,0.000000,0.000000,0.732200,0.000000,5000,3661,0.732200,3661,1339,3840,1160,3618,0.988255,0.942187,222,43,1117,265,0.057812,0.037069
314,0.106831,44.132000,2.826385,57.680000,1.759151,0.000000,0.000000,0.675600,0.000000,5000,3378,0.675600,3378,1622,3926,1074,3315,0.981350,0.844371,611,63,1011,674,0.155629,0.058659
315,0.078700,49.348000,2.534391,59.390000,1.706233,0.000000,0.000000,0.680400,0.000000,5000,3402,0.680400,3402,1598,4020,980,3356,0.986479,0.834826,664,46,934,710,0.165174,0.046939
316,0.116879,49.392000,2.477166,63.460000,1.543024,0.000000,0.000000,0.668400,0.000000,5000,3342,0.668400,3342,1658,3992,1008,3309,0.990126,0.828908,683,33,975,716,0.171092,0.032738
317,0.094946,53.320000,2.347886,60.760000,1.617055,0.000000,0.000000,0.660200,0.000000,5000,3301,0.660200,3301,1699,3748,1252,3267,0.989700,0.871665,481,34,1218,515,0.128335,0.027157
318,0.093226,48.610000,2.519795,53.490000,1.859039,0.000000,0.000000,0.729600,0.000000,5000,3648,0.729600,3648,1352,3688,1312,3621,0.992599,0.981833,67,27,1285,94,0.018167,0.020579
319,0.065177,50.340000,2.500155,57.610000,1.747609,0.000000,0.000000,0.777000,0.000000,5000,3885,0.777000,3885,1115,4138,862,3870,0.996139,0.935234,268,15,847,283,0.064766,0.017401
320,0.103804,49.220000,2.552417,60.170000,1.677911,0.000000,0.000000,0.751400,0.000000,5000,3757,0.751400,3757,1243,3816,1184,3731,0.993080,0.977725,85,26,1158,111,0.022275,0.021959
321,0.086048,48.486000,2.613073,55.470000,1.876565,0.000000,0.000000,0.708400,0.000000,5000,3542,0.708400,3542,1458,3988,1012,3508,0.990401,0.879639,480,34,978,514,0.120361,0.033597
322,0.142867,43.310000,2.815346,54.050000,1.979820,0.000000,0.000000,0.756200,0.000000,5000,3781,0.756200,3781,1219,4098,902,3747,0.991008,0.914348,351,34,868,385,0.085652,0.037694
323,0.078693,44.644000,2.764776,54.490000,1.901740,0.000000,0.000000,0.677600,0.000000,5000,3388,0.677600,3388,1612,4070,930,3357,0.990850,0.824816,713,31,899,744,0.175184,0.033333
324,0.133471,50.328000,2.479562,57.350000,1.738593,0.000000,0.000000,0.727600,0.000000,5000,3638,0.727600,3638,1362,3958,1042,3603,0.990379,0.910308,355,35,1007,390,0.089692,0.033589
325,0.109572,44.828000,2.874407,57.350000,1.898686,0.000000,0.000000,0.745000,0.000000,5000,3725,0.745000,3725,1275,4028,972,3704,0.994362,0.919563,324,21,951,345,0.080437,0.021605
326,0.078447,48.440000,2.535929,57.900000,1.729392,0.000000,0.000000,0.684200,0.000000,5000,3421,0.684200,3421,1579,4128,872,3401,0.994154,0.823886,727,20,852,747,0.176114,0.022936
327,0.142073,51.136000,2.442635,61.290000,1.616066,0.000000,0.000000,0.725800,0.000000,5000,3629,0.725800,3629,1371,3876,1124,3595,0.990631,0.927503,281,34,1090,315,0.072497,0.030249
328,0.143988,49.482000,2.509658,59.950000,1.613131,0.000000,0.000000,0.731400,0.000000,5000,3657,0.731400,3657,1343,3824,1176,3597,0.983593,0.940638,227,60,1116,287,0.059362,0.051020
329,0.115345,48.878000,2.572579,58.420000,1.705850,0.000000,0.000000,0.672000,0.000000,5000,3360,0.672000,3360,1640,3810,1190,3317,0.987202,0.870604,493,43,1147,536,0.129396,0.036134
330,0.084339,52.026000,2.435120,60.810000,1.604098,0.000000,0.000000,0.714000,0.000000,5000,3570,0.714000,3570,1430,3974,1026,3534,0.989916,0.889280,440,36,990,476,0.110720,0.035088
331,0.095777,53.296000,2.445298,63.860000,1.558748,0.000000,0.000000,0.603000,0.000000,5000,3015,0.603000,3015,1985,3734,1266,2955,0.980100,0.791377,779,60,1206,839,0.208623,0.047393
332,0.088699,47.544000,2.639711,55.030000,1.852888,0.000000,0.000000,0.800200,0.000000,5000,4001,0.800200,4001,999,4204,796,3972,0.992752,0.944814,232,29,767,261,0.055186,0.036432
333,0.110209,48.930000,2.592265,59.830000,1.677086,0.000000,0.000000,0.682800,0.000000,5000,3414,0.682800,3414,1586,3964,1036,3367,0.986233,0.849395,597,47,989,644,0.150605,0.045367
334,0.105844,50.940000,2.471292,58.100000,1.699662,0.000000,0.000000,0.787800,0.000000,5000,3939,0.787800,3939,1061,4196,804,3914,0.993653,0.932793,282,25,779,307,0.067207,0.031095
335,0.163646,50.200000,2.497810,60.860000,1.643926,0.000000,0.000000,0.678000,0.000000,5000,3390,0.678000,3390,1610,3876,1124,3293,0.971386,0.849587,583,97,1027,680,0.150413,0.086299
336,0.083640,51.294000,2.451845,61.670000,1.604689,0.000000,0.000000,0.631800,0.000000,5000,3159,0.631800,3159,1841,3750,1250,3113,0.985438,0.830133,637,46,1204,683,0.169867,0.036800
337,0.112056,46.872000,2.639731,52.860000,1.940715,0.000000,0.000000,0.721800,0.000000,5000,3609,0.721800,3609,1391,4192,808,3550,0.983652,0.846851,642,59,749,701,0.153149,0.073020
338,0.105203,50.848000,2.500917,60.000000,1.672214,0.000000,0.000000,0.837000,0.000000,5000,4185,0.837000,4185,815,4282,718,4167,0.995699,0.973143,115,18,700,133,0.026857,0.025070
339,0.090456,48.902000,2.611480,56.240000,1.834571,0.000000,0.000000,0.775200,0.000000,5000,3876,0.775200,3876,1124,4166,834,3855,0.994582,0.925348,311,21,813,332,0.074652,0.025180
340,0.103767,52.874000,2.418977,61.960000,1.596914,0.000000,0.000000,0.668400,0.000000,5000,3342,0.668400,3342,1658,3742,1258,3305,0.988929,0.883218,437,37,1221,474,0.116782,0.029412
341,0.100434,52.046000,2.483946,60.560000,1.648108,0.000000,0.000000,0.744000,0.000000,5000,3720,0.744000,3720,1280,3974,1026,3699,0.994355,0.930800,275,21,1005,296,0.069200,0.020468
342,0.085199,50.068000,2.557394,58.140000,1.748893,0.000000,0.000000,0.669000,0.000000,5000,3345,0.669000,3345,1655,3664,1336,3277,0.979671,0.894378,387,68,1268,455,0.105622,0.050898
343,0.085681,48.374000,2.571053,56.770000,1.785342,0.000000,0.000000,0.685600,0.000000,5000,3428,0.685600,3428,1572,4208,792,3379,0.985706,0.802994,829,49,743,878,0.197006,0.061869
344,0.102846,53.096000,2.449202,63.020000,1.582773,0.000000,0.000000,0.727600,0.000000,5000,3638,0.727600,3638,1362,4090,910,3602,0.990104,0.880685,488,36,874,524,0.119315,0.039560
345,0.071610,50.496000,2.582963,60.260000,1.721430,0.000000,0.000000,0.767200,0.000000,5000,3836,0.767200,3836,1164,3894,1106,3812,0.993743,0.978942,82,24,1082,106,0.021058,0.021700
346,0.101352,50.716000,2.632595,61.720000,1.711757,0.000000,0.000000,0.688600,0.000000,5000,3443,0.688600,3443,1557,4002,998,3394,0.985768,0.848076,608,49,949,657,0.151924,0.049098
347,0.138746,42.796000,3.141160,54.950000,2.105294,0.000000,0.000000,0.787600,0.000000,5000,3938,0.787600,3938,1062,4174,826,3904,0.991366,0.935314,270,34,792,304,0.064686,0.041162
348,0.099825,46.748000,2.801603,58.390000,1.736781,0.000000,0.000000,0.802000,0.000000,5000,4010,0.802000,4010,990,4062,938,3990,0.995012,0.982275,72,20,918,92,0.017725,0.021322
349,0.074748,48.378000,2.669760,58.380000,1.738438,0.000000,0.000000,0.754200,0.000000,5000,3771,0.754200,3771,1229,4300,700,3750,0.994431,0.872093,550,21,679,571,0.127907,0.030000
350,0.091542,45.574000,2.860575,58.280000,1.804280,0.000000,0.000000,0.799800,0.000000,5000,3999,0.799800,3999,1001,4036,964,3986,0.996749,0.987611,50,13,951,63,0.012389,0.013485
351,0.071547,50.330000,2.599653,62.500000,1.637814,0.000000,0.000000,0.723800,0.000000,5000,3619,0.723800,3619,1381,4290,710,3596,0.993645,0.838228,694,23,687,717,0.161772,0.032394
352,0.080811,50.320000,2.603531,61.140000,1.709719,0.000000,0.000000,0.642400,0.000000,5000,3212,0.642400,3212,1788,3816,1184,3170,0.986924,0.830713,646,42,1142,688,0.169287,0.035473
353,0.094240,50.962000,2.541740,59.420000,1.703238,0.000000,0.000000,0.715600,0.000000,5000,3578,0.715600,3578,1422,3838,1162,3551,0.992454,0.925221,287,27,1135,314,0.074779,0.023236
354,0.078558,49.942000,2.643573,61.820000,1.701709,0.000000,0.000000,0.688400,0.000000,5000,3442,0.688400,3442,1558,3938,1062,3415,0.992156,0.867191,523,27,1035,550,0.132809,0.025424
355,0.109386,50.546000,2.573346,59.380000,1.709501,0.000000,0.000000,0.708000,0.000000,5000,3540,0.708000,3540,1460,4032,968,3472,0.980791,0.861111,560,68,900,628,0.138889,0.070248
356,0.124527,46.364000,2.764127,54.000000,1.909960,0.000000,0.000000,0.734800,0.000000,5000,3674,0.734800,3674,1326,4230,770,3650,0.993468,0.862884,580,24,746,604,0.137116,0.031169
357,0.084960,48.670000,2.685497,58.590000,1.793773,0.000000,0.000000,0.661200,0.000000,5000,3306,0.661200,3306,1694,4080,920,3259,0.985783,0.798775,821,47,873,868,0.201225,0.051087
358,0.092326,43.244000,2.822162,57.520000,1.749170,0.000000,0.000000,0.678600,0.000000,5000,3393,0.678600,3393,1607,4016,984,3360,0.990274,0.836653,656,33,951,689,0.163347,0.033537
359,0.128670,53.376000,2.469994,62.140000,1.626064,0.000000,0.000000,0.800000,0.000000,5000,4000,0.800000,4000,1000,4094,906,3978,0.994500,0.971666,116,22,884,138,0.028334,0.024283
360,0.102815,53.508000,2.465317,64.320000,1.561563,0.000000,0.000000,0.651200,0.000000,5000,3256,0.651200,3256,1744,3658,1342,3213,0.986794,0.878349,445,43,1299,488,0.121651,0.032042
361,0.142265,46.820000,2.713361,56.770000,1.786388,0.000000,0.000000,0.789200,0.000000,5000,3946,0.789200,3946,1054,3998,1002,3924,0.994425,0.981491,74,22,980,96,0.018509,0.021956
362,0.110288,53.242000,2.470727,60.430000,1.678113,0.000000,0.000000,0.725000,0.000000,5000,3625,0.725000,3625,1375,4048,952,3575,0.986207,0.883152,473,50,902,523,0.116848,0.052521
363,0.077686,51.956000,2.518551,58.220000,1.781885,0.000000,0.000000,0.698200,0.000000,5000,3491,0.698200,3491,1509,3838,1162,3437,0.984532,0.895518,401,54,1108,455,0.104482,0.046472
364,0.187328,46.784000,2.643143,56.900000,1.814170,0.000000,0.000000,0.633400,0.000000,5000,3167,0.633400,3167,1833,3868,1132,3077,0.971582,0.795502,791,90,1042,881,0.204498,0.079505
365,0.106696,43.386000,2.944664,52.600000,1.998308,0.000000,0.000000,0.716600,0.000000,5000,3583,0.716600,3583,1417,4070,930,3552,0.991348,0.872727,518,31,899,549,0.127273,0.033333
366,0.087847,50.386000,2.562553,57.630000,1.769856,0.000000,0.000000,0.651200,0.000000,5000,3256,0.651200,3256,1744,3718,1282,3213,0.986794,0.864174,505,43,1239,548,0.135826,0.033541
367,0.126272,53.300000,2.483856,63.490000,1.588321,0.000000,0.000000,0.744200,0.000000,5000,3721,0.744200,3721,1279,4128,872,3673,0.987100,0.889777,455,48,824,503,0.110223,0.055046
368,0.105593,49.548000,2.620905,59.010000,1.743236,0.000000,0.000000,0.631800,0.000000,5000,3159,0.631800,3159,1841,4100,900,3073,0.972776,0.749512,1027,86,814,1113,0.250488,0.095556
369,0.159931,46.524000,2.751314,58.420000,1.746784,0.000000,0.000000,0.688400,0.000000,5000,3442,0.688400,3442,1558,3812,1188,3358,0.975596,0.880902,454,84,1104,538,0.119098,0.070707
370,0.071706,49.970000,2.615552,59.920000,1.730809,0.000000,0.000000,0.656200,0.000000,5000,3281,0.656200,3281,1719,4126,874,3245,0.989028,0.786476,881,36,838,917,0.213524,0.041190
371,0.151035,50.534000,2.530139,63.790000,1.557888,0.000000,0.000000,0.706800,0.000000,5000,3534,0.706800,3534,1466,4082,918,3476,0.983588,0.851543,606,58,860,664,0.148457,0.063181
372,0.125073,48.108000,2.702491,58.910000,1.755744,0.000000,0.000000,0.758400,0.000000,5000,3792,0.758400,3792,1208,3868,1132,3767,0.993407,0.973888,101,25,1107,126,0.026112,0.022085
373,0.098782,52.034000,2.550093,63.620000,1.604907,0.000000,0.000000,0.808400,0.000000,5000,4042,0.808400,4042,958,4088,912,4028,0.996536,0.985323,60,14,898,74,0.014677,0.015351
374,0.096181,50.884000,2.634391,61.000000,1.768321,0.000000,0.000000,0.763400,0.000000,5000,3817,0.763400,3817,1183,4090,910,3792,0.993450,0.927139,298,25,885,323,0.072861,0.027473
375,0.069361,47.116000,2.849121,59.010000,1.864324,0.000000,0.000000,0.625000,0.000000,5000,3125,0.625000,3125,1875,3648,1352,3076,0.984320,0.843202,572,49,1303,621,0.156798,0.036243
376,0.215624,52.446000,2.503561,64.390000,1.569350,0.000000,0.000000,0.643400,0.000000,5000,3217,0.643400,3217,1783,3586,1414,3145,0.977619,0.877022,441,72,1342,513,0.122978,0.050919
377,0.115891,47.150000,2.722878,58.890000,1.731669,0.000000,0.000000,0.750600,0.000000,5000,3753,0.750600,3753,1247,4164,836,3701,0.986144,0.888809,463,52,784,515,0.111191,0.062201
378,0.097415,53.022000,2.495851,61.580000,1.650351,0.000000,0.000000,0.659200,0.000000,5000,3296,0.659200,3296,1704,4054,946,3233,0.980886,0.797484,821,63,883,884,0.202516,0.066596
379,0.076826,48.430000,2.632315,55.360000,1.826381,0.000000,0.000000,0.666200,0.000000,5000,3331,0.666200,3331,1669,3998,1002,3296,0.989493,0.824412,702,35,967,737,0.175588,0.034930
380,0.129663,50.286000,2.576939,60.390000,1.677270,0.000000,0.000000,0.783800,0.000000,5000,3919,0.783800,3919,1081,4096,904,3872,0.988007,0.945312,224,47,857,271,0.054687,0.051991
381,0.096505,49.612000,2.610594,56.520000,1.851604,0.000000,0.000000,0.741200,0.000000,5000,3706,0.741200,3706,1294,4110,890,3661,0.987858,0.890754,449,45,845,494,0.109246,0.050562
382,0.092408,48.946000,2.636433,58.950000,1.741346,0.000000,0.000000,0.653800,0.000000,5000,3269,0.653800,3269,1731,4122,878,3221,0.985317,0.781417,901,48,830,949,0.218583,0.054670
383,0.082693,51.880000,2.554571,59.710000,1.757938,0.000000,0.000000,0.622800,0.000000,5000,3114,0.622800,3114,1886,3856,1144,3057,0.981696,0.792790,799,57,1087,856,0.207210,0.049825
384,0.063629,48.826000,2.701190,57.340000,1.812431,0.000000,0.000000,0.707000,0.000000,5000,3535,0.707000,3535,1465,4004,996,3519,0.995474,0.878871,485,16,980,501,0.121129,0.016064
385,0.117347,49.414000,2.608023,55.550000,1.840825,0.000000,0.000000,0.752400,0.000000,5000,3762,0.752400,3762,1238,3966,1034,3712,0.986709,0.935956,254,50,984,304,0.064044,0.048356
386,0.110251,44.802000,2.873121,48.640000,2.194541,0.000000,0.000000,0.755400,0.000000,5000,3777,0.755400,3777,1223,3944,1056,3719,0.984644,0.942951,225,58,998,283,0.057049,0.054924
387,0.125564,51.808000,2.619170,61.690000,1.735001,0.000000,0.000000,0.689400,0.000000,5000,3447,0.689400,3447,1553,3852,1148,3387,0.982594,0.879283,465,60,1088,525,0.120717,0.052265
388,0.129844,51.766000,2.538109,64.720000,1.558035,0.000000,0.000000,0.592000,0.000000,5000,2960,0.592000,2960,2040,3698,1302,2879,0.972635,0.778529,819,81,1221,900,0.221471,0.062212
389,0.069715,53.938000,2.470002,62.080000,1.651834,0.000000,0.000000,0.677400,0.000000,5000,3387,0.677400,3387,1613,4008,992,3350,0.989076,0.835828,658,37,955,695,0.164172,0.037298
390,0.089480,46.434000,2.833630,54.110000,1.980072,0.000000,0.000000,0.775400,0.000000,5000,3877,0.775400,3877,1123,4120,880,3851,0.993294,0.934709,269,26,854,295,0.065291,0.029545
391,0.083225,52.314000,2.592663,62.620000,1.700087,0.000000,0.000000,0.737600,0.000000,5000,3688,0.737600,3688,1312,4362,638,3652,0.990239,0.837231,710,36,602,746,0.162769,0.056426
392,0.086699,51.466000,2.610586,62.600000,1.642470,0.000000,0.000000,0.695800,0.000000,5000,3479,0.695800,3479,1521,3870,1130,3418,0.982466,0.883204,452,61,1069,513,0.116796,0.053982
393,0.142788,48.356000,2.712565,57.890000,1.808662,0.000000,0.000000,0.769000,0.000000,5000,3845,0.769000,3845,1155,3912,1088,3825,0.994798,0.977761,87,20,1068,107,0.022239,0.018382
394,0.137663,49.202000,2.695952,63.800000,1.636000,0.000000,0.000000,0.687200,0.000000,5000,3436,0.687200,3436,1564,4078,922,3386,0.985448,0.830309,692,50,872,742,0.169691,0.054230
395,0.099065,47.058000,2.760854,56.370000,1.840262,0.000000,0.000000,0.742000,0.000000,5000,3710,0.742000,3710,1290,3922,1078,3673,0.990027,0.936512,249,37,1041,286,0.063488,0.034323
396,0.087627,49.262000,2.586536,54.910000,1.847689,0.000000,0.000000,0.779200,0.000000,5000,3896,0.779200,3896,1104,4360,640,3874,0.994353,0.888532,486,22,618,508,0.111468,0.034375
397,0.079507,52.350000,2.516144,62.220000,1.614308,0.000000,0.000000,0.747000,0.000000,5000,3735,0.747000,3735,1265,3990,1010,3719,0.995716,0.932080,271,16,994,287,0.067920,0.015842
398,0.099284,49.110000,2.710493,57.330000,1.833607,0.000000,0.000000,0.751000,0.000000,5000,3755,0.751000,3755,1245,4038,962,3728,0.992810,0.923229,310,27,935,337,0.076771,0.028067
399,0.069198,50.000000,2.641692,57.230000,1.792555,0.000000,0.000000,0.794000,0.000000,5000,3970,0.794000,3970,1030,4226,774,3956,0.996474,0.936110,270,14,760,284,0.063890,0.018088
400,0.078092,51.010000,2.629189,61.000000,1.670099,0.000000,0.000000,0.791600,0.000000,5000,3958,0.791600,3958,1042,4244,756,3939,0.995200,0.928134,305,19,737,324,0.071866,0.025132
401,0.103532,50.644000,2.595792,62.570000,1.629986,0.000000,0.000000,0.734400,0.000000,5000,3672,0.734400,3672,1328,4130,870,3647,0.993192,0.883051,483,25,845,508,0.116949,0.028736
402,0.131165,49.824000,2.605580,54.910000,1.871467,0.000000,0.000000,0.737200,0.000000,5000,3686,0.737200,3686,1314,4036,964,3606,0.978296,0.893459,430,80,884,510,0.106541,0.082988
403,0.105182,46.280000,2.737356,59.330000,1.712854,0.000000,0.000000,0.741200,0.000000,5000,3706,0.741200,3706,1294,3916,1084,3670,0.990286,0.937181,246,36,1048,282,0.062819,0.033210
404,0.130417,50.314000,2.625661,61.010000,1.679674,0.000000,0.000000,0.674600,0.000000,5000,3373,0.674600,3373,1627,3966,1034,3302,0.978950,0.832577,664,71,963,735,0.167423,0.068665
405,0.134222,50.018000,2.649126,59.540000,1.770671,0.000000,0.000000,0.746400,0.000000,5000,3732,0.746400,3732,1268,3924,1076,3699,0.991158,0.942661,225,33,1043,258,0.057339,0.030669
406,0.086275,52.004000,2.560777,62.290000,1.659272,0.000000,0.000000,0.684600,0.000000,5000,3423,0.684600,3423,1577,3860,1140,3378,0.986854,0.875130,482,45,1095,527,0.124870,0.039474
407,0.092120,48.294000,2.688109,55.390000,1.845733,0.000000,0.000000,0.704200,0.000000,5000,3521,0.704200,3521,1479,3714,1286,3473,0.986368,0.935110,241,48,1238,289,0.064890,0.037325
408,0.084836,52.084000,2.609020,60.530000,1.759012,0.000000,0.000000,0.778200,0.000000,5000,3891,0.778200,3891,1109,4076,924,3856,0.991005,0.946026,220,35,889,255,0.053974,0.037879
409,0.095957,49.444000,2.689500,59.590000,1.798442,0.000000,0.000000,0.715200,0.000000,5000,3576,0.715200,3576,1424,3962,1038,3533,0.987975,0.891721,429,43,995,472,0.108279,0.041426
410,0.081249,51.620000,2.575995,63.720000,1.580101,0.000000,0.000000,0.773400,0.000000,5000,3867,0.773400,3867,1133,4118,882,3840,0.993018,0.932492,278,27,855,305,0.067508,0.030612
411,0.112611,51.626000,2.574601,61.310000,1.697722,0.000000,0.000000,0.694600,0.000000,5000,3473,0.694600,3473,1527,3850,1150,3401,0.979269,0.883377,449,72,1078,521,0.116623,0.062609
412,0.141931,49.742000,2.623760,59.600000,1.737782,0.000000,0.000000,0.618200,0.000000,5000,3091,0.618200,3091,1909,3894,1106,3035,0.981883,0.779404,859,56,1050,915,0.220596,0.050633
413,0.074382,51.628000,2.569151,61.850000,1.649187,0.000000,0.000000,0.726400,0.000000,5000,3632,0.726400,3632,1368,4110,890,3604,0.992291,0.876886,506,28,862,534,0.123114,0.031461
414,0.108046,54.950000,2.472997,64.930000,1.561175,0.000000,0.000000,0.770400,0.000000,5000,3852,0.770400,3852,1148,3948,1052,3824,0.992731,0.968592,124,28,1024,152,0.031408,0.026616
415,0.082376,51.812000,2.572972,58.480000,1.781759,0.000000,0.000000,0.713400,0.000000,5000,3567,0.713400,3567,1433,3780,1220,3534,0.990749,0.934921,246,33,1187,279,0.065079,0.027049
416,0.076116,53.340000,2.560029,61.550000,1.698008,0.000000,0.000000,0.778800,0.000000,5000,3894,0.778800,3894,1106,4154,846,3873,0.994607,0.932354,281,21,825,302,0.067646,0.024823
417,0.086821,52.118000,2.636464,62.300000,1.713608,0.000000,0.000000,0.697400,0.000000,5000,3487,0.697400,3487,1513,3850,1150,3433,0.984514,0.891688,417,54,1096,471,0.108312,0.046957
418,0.120648,49.750000,2.656886,60.150000,1.717223,0.000000,0.000000,0.800400,0.000000,5000,4002,0.800400,4002,998,4062,938,3981,0.994753,0.980059,81,21,917,102,0.019941,0.022388
419,0.077942,49.566000,2.713542,58.950000,1.806487,0.000000,0.000000,0.745000,0.000000,5000,3725,0.745000,3725,1275,4112,888,3688,0.990067,0.896887,424,37,851,461,0.103113,0.041667
420,0.109892,50.614000,2.592070,61.670000,1.652549,0.000000,0.000000,0.675400,0.000000,5000,3377,0.675400,3377,1623,3974,1026,3322,0.983713,0.835934,652,55,971,707,0.164066,0.053606
421,0.054619,48.824000,2.655233,54.360000,1.878816,0.000000,0.000000,0.792000,0.000000,5000,3960,0.792000,3960,1040,4402,598,3935,0.993687,0.893912,467,25,573,492,0.106088,0.041806
422,0.118192,52.854000,2.528745,62.780000,1.619959,0.000000,0.000000,0.724600,0.000000,5000,3623,0.724600,3623,1377,4058,942,3581,0.988407,0.882454,477,42,900,519,0.117546,0.044586
423,0.093317,51.788000,2.603179,61.000000,1.730023,0.000000,0.000000,0.737600,0.000000,5000,3688,0.737600,3688,1312,4064,936,3646,0.988612,0.897146,418,42,894,460,0.102854,0.044872
424,0.088910,48.776000,2.764051,59.720000,1.803344,0.000000,0.000000,0.685600,0.000000,5000,3428,0.685600,3428,1572,4028,972,3384,0.987165,0.840119,644,44,928,688,0.159881,0.045267
425,0.120996,52.960000,2.562525,62.630000,1.640533,0.000000,0.000000,0.749800,0.000000,5000,3749,0.749800,3749,1251,3808,1192,3713,0.990397,0.975053,95,36,1156,131,0.024947,0.030201
426,0.101067,51.466000,2.619320,64.290000,1.586246,0.000000,0.000000,0.688600,0.000000,5000,3443,0.688600,3443,1557,3766,1234,3385,0.983154,0.898832,381,58,1176,439,0.101168,0.047002
427,0.071195,50.762000,2.643944,59.990000,1.755425,0.000000,0.000000,0.667600,0.000000,5000,3338,0.667600,3338,1662,3938,1062,3293,0.986519,0.836211,645,45,1017,690,0.163789,0.042373
428,0.113576,50.106000,2.673775,62.920000,1.648131,0.000000,0.000000,0.743600,0.000000,5000,3718,0.743600,3718,1282,3992,1008,3689,0.992200,0.924098,303,29,979,332,0.075902,0.028770
429,0.120121,51.764000,2.621478,62.600000,1.669059,0.000000,0.000000,0.649600,0.000000,5000,3248,0.649600,3248,1752,3732,1268,3162,0.973522,0.847267,570,86,1182,656,0.152733,0.067823
430,0.110635,51.232000,2.633429,61.460000,1.684326,0.000000,0.000000,0.740600,0.000000,5000,3703,0.740600,3703,1297,3876,1124,3640,0.982987,0.939112,236,63,1061,299,0.060888,0.056050
431,0.073767,48.260000,2.837408,58.890000,1.869920,0.000000,0.000000,0.743400,0.000000,5000,3717,0.743400,3717,1283,4002,998,3699,0.995157,0.924288,303,18,980,321,0.075712,0.018036
432,0.108260,51.928000,2.639358,62.730000,1.697592,0.000000,0.000000,0.702000,0.000000,5000,3510,0.702000,3510,1490,4178,822,3455,0.984330,0.826951,723,55,767,778,0.173049,0.066910
433,0.077888,51.914000,2.643462,59.640000,1.761182,0.000000,0.000000,0.700600,0.000000,5000,3503,0.700600,3503,1497,4106,894,3448,0.984299,0.839747,658,55,839,713,0.160253,0.061521
434,0.072427,48.448000,2.854718,60.530000,1.761034,0.000000,0.000000,0.757000,0.000000,5000,3785,0.757000,3785,1215,4302,698,3765,0.994716,0.875174,537,20,678,557,0.124826,0.028653
435,0.085339,47.272000,2.792330,53.480000,1.972068,0.000000,0.000000,0.785600,0.000000,5000,3928,0.785600,3928,1072,4238,762,3910,0.995418,0.922605,328,18,744,346,0.077395,0.023622
436,0.098330,51.372000,2.656966,59.740000,1.746795,0.000000,0.000000,0.698200,0.000000,5000,3491,0.698200,3491,1509,3712,1288,3444,0.986537,0.927802,268,47,1241,315,0.072198,0.036491
437,0.073357,52.576000,2.601347,63.890000,1.607467,0.000000,0.000000,0.736200,0.000000,5000,3681,0.736200,3681,1319,4050,950,3625,0.984787,0.895062,425,56,894,481,0.104938,0.058947
438,0.063903,53.210000,2.586840,59.190000,1.767939,0.000000,0.000000,0.777200,0.000000,5000,3886,0.777200,3886,1114,4366,634,3860,0.993309,0.884104,506,26,608,532,0.115896,0.041009
439,0.073913,51.966000,2.634089,61.310000,1.705916,0.000000,0.000000,0.669800,0.000000,5000,3349,0.669800,3349,1651,3774,1226,3317,0.990445,0.878908,457,32,1194,489,0.121092,0.026101
440,0.112447,51.498000,2.631276,63.230000,1.623794,0.000000,0.000000,0.678600,0.000000,5000,3393,0.678600,3393,1607,3830,1170,3340,0.984380,0.872063,490,53,1117,543,0.127937,0.045299
441,0.088632,52.694000,2.627655,61.990000,1.707467,0.000000,0.000000,0.709200,0.000000,5000,3546,0.709200,3546,1454,4040,960,3507,0.989002,0.868069,533,39,921,572,0.131931,0.040625
442,0.060768,52.500000,2.676233,62.100000,1.734503,0.000000,0.000000,0.796000,0.000000,5000,3980,0.796000,3980,1020,4258,742,3960,0.994975,0.930014,298,20,722,318,0.069986,0.026954
443,0.100294,52.832000,2.618567,59.360000,1.766348,0.000000,0.000000,0.623000,0.000000,5000,3115,0.623000,3115,1885,3722,1278,3060,0.982343,0.822139,662,55,1223,717,0.177861,0.043036
444,0.180564,52.776000,2.644556,62.020000,1.708796,0.000000,0.000000,0.691600,0.000000,5000,3458,0.691600,3458,1542,3634,1366,3382,0.978022,0.930655,252,76,1290,328,0.069345,0.055637
445,0.065734,51.264000,2.746212,61.860000,1.772100,0.000000,0.000000,0.712600,0.000000,5000,3563,0.712600,3563,1437,4156,844,3517,0.987090,0.846246,639,46,798,685,0.153754,0.054502
446,0.106434,38.392000,3.219225,59.510000,1.760698,0.000000,0.000000,0.611200,0.000000,5000,3056,0.611200,3056,1944,3894,1106,2978,0.974476,0.764766,916,78,1028,994,0.235234,0.070524
447,0.095023,49.434000,2.742513,58.000000,1.819235,0.000000,0.000000,0.678400,0.000000,5000,3392,0.678400,3392,1608,4044,956,3367,0.992630,0.832591,677,25,931,702,0.167409,0.026151
448,0.080372,54.312000,2.574053,62.860000,1.672192,0.000000,0.000000,0.679000,0.000000,5000,3395,0.679000,3395,1605,3856,1144,3361,0.989985,0.871629,495,34,1110,529,0.128371,0.029720
449,0.092048,52.790000,2.552064,60.510000,1.687318,0.000000,0.000000,0.725600,0.000000,5000,3628,0.725600,3628,1372,3808,1192,3593,0.990353,0.943540,215,35,1157,250,0.056460,0.029362
450,0.088474,51.646000,2.602497,61.410000,1.679451,0.000000,0.000000,0.631600,0.000000,5000,3158,0.631600,3158,1842,3814,1186,3115,0.986384,0.816728,699,43,1143,742,0.183272,0.036256
451,0.101221,49.950000,2.661272,61.660000,1.664802,0.000000,0.000000,0.657600,0.000000,5000,3288,0.657600,3288,1712,3852,1148,3226,0.981144,0.837487,626,62,1086,688,0.162513,0.054007
452,0.114027,53.552000,2.576484,63.670000,1.635416,0.000000,0.000000,0.687200,0.000000,5000,3436,0.687200,3436,1564,4006,994,3369,0.980501,0.840989,637,67,927,704,0.159011,0.067404
453,0.081132,53.556000,2.528134,60.740000,1.700785,0.000000,0.000000,0.680600,0.000000,5000,3403,0.680600,3403,1597,3818,1182,3368,0.989715,0.882137,450,35,1147,485,0.117863,0.029611
454,0.115923,49.868000,2.769391,61.620000,1.735800,0.000000,0.000000,0.771800,0.000000,5000,3859,0.771800,3859,1141,3894,1106,3822,0.990412,0.981510,72,37,1069,109,0.018490,0.033454
455,0.121233,52.966000,2.588823,60.750000,1.718113,0.000000,0.000000,0.693000,0.000000,5000,3465,0.693000,3465,1535,3854,1146,3397,0.980375,0.881422,457,68,1078,525,0.118578,0.059337
456,0.086436,53.310000,2.627130,64.540000,1.639369,0.000000,0.000000,0.751600,0.000000,5000,3758,0.751600,3758,1242,3808,1192,3725,0.991219,0.978204,83,33,1159,116,0.021796,0.027685
457,0.083111,52.950000,2.658369,63.480000,1.654161,0.000000,0.000000,0.659800,0.000000,5000,3299,0.659800,3299,1701,3694,1306,3258,0.987572,0.881971,436,41,1265,477,0.118029,0.031394
458,0.096290,51.070000,2.692668,58.800000,1.811308,0.000000,0.000000,0.686000,0.000000,5000,3430,0.686000,3430,1570,4128,872,3393,0.989213,0.821948,735,37,835,772,0.178052,0.042431
459,0.099643,49.284000,2.787306,56.950000,1.893525,0.000000,0.000000,0.748200,0.000000,5000,3741,0.748200,3741,1259,3994,1006,3710,0.991713,0.928893,284,31,975,315,0.071107,0.030815
460,0.062471,50.378000,2.772643,59.540000,1.835422,0.000000,0.000000,0.719400,0.000000,5000,3597,0.719400,3597,1403,3988,1012,3558,0.989158,0.892177,430,39,973,469,0.107823,0.038538
461,0.100942,50.650000,2.797414,61.440000,1.763115,0.000000,0.000000,0.704400,0.000000,5000,3522,0.704400,3522,1478,3896,1104,3475,0.986655,0.891940,421,47,1057,468,0.108060,0.042572
462,0.076395,51.332000,2.686287,62.820000,1.650029,0.000000,0.000000,0.684000,0.000000,5000,3420,0.684000,3420,1580,4108,892,3396,0.992982,0.826680,712,24,868,736,0.173320,0.026906
463,0.115939,52.516000,2.631872,65.000000,1.591400,0.000000,0.000000,0.627000,0.000000,5000,3135,0.627000,3135,1865,3820,1180,3062,0.976715,0.801571,758,73,1107,831,0.198429,0.061864
464,0.061793,52.184000,2.620249,62.890000,1.622781,0.000000,0.000000,0.647800,0.000000,5000,3239,0.647800,3239,1761,3924,1076,3207,0.990120,0.817278,717,32,1044,749,0.182722,0.029740
465,0.088292,53.286000,2.609410,61.450000,1.738889,0.000000,0.000000,0.717600,0.000000,5000,3588,0.717600,3588,1412,4092,908,3558,0.991639,0.869501,534,30,878,564,0.130499,0.033040
466,0.086744,51.378000,2.670430,58.670000,1.829279,0.000000,0.000000,0.789000,0.000000,5000,3945,0.789000,3945,1055,4204,796,3919,0.993409,0.932207,285,26,770,311,0.067793,0.032663
467,0.103890,52.616000,2.599519,65.420000,1.562532,0.000000,0.000000,0.779600,0.000000,5000,3898,0.779600,3898,1102,4122,878,3861,0.990508,0.936681,261,37,841,298,0.063319,0.042141
468,0.080227,53.050000,2.565147,59.580000,1.774702,0.000000,0.000000,0.693600,0.000000,5000,3468,0.693600,3468,1532,3868,1132,3425,0.987601,0.885471,443,43,1089,486,0.114529,0.037986
469,0.089004,51.296000,2.651743,60.630000,1.720183,0.000000,0.000000,0.689800,0.000000,5000,3449,0.689800,3449,1551,4274,726,3403,0.986663,0.796210,871,46,680,917,0.203790,0.063361
470,0.129767,51.900000,2.632647,63.150000,1.635823,0.000000,0.000000,0.627800,0.000000,5000,3139,0.627800,3139,1861,3788,1212,3033,0.966231,0.800686,755,106,1106,861,0.199314,0.087459
471,0.098266,50.958000,2.695687,61.570000,1.716506,0.000000,0.000000,0.715200,0.000000,5000,3576,0.715200,3576,1424,3860,1140,3546,0.991611,0.918653,314,30,1110,344,0.081347,0.026316
472,0.080844,52.324000,2.608033,62.940000,1.649957,0.000000,0.000000,0.666400,0.000000,5000,3332,0.666400,3332,1668,4004,996,3303,0.991297,0.824925,701,29,967,730,0.175075,0.029116
473,0.144738,51.678000,2.653690,58.680000,1.844037,0.000000,0.000000,0.730400,0.000000,5000,3652,0.730400,3652,1348,4146,854,3613,0.989321,0.871442,533,39,815,572,0.128558,0.045667
474,0.090431,54.036000,2.550519,61.470000,1.718035,0.000000,0.000000,0.653400,0.000000,5000,3267,0.653400,3267,1733,3954,1046,3227,0.987756,0.816136,727,40,1006,767,0.183864,0.038241
475,0.075600,48.804000,2.776048,56.310000,1.890721,0.000000,0.000000,0.770000,0.000000,5000,3850,0.770000,3850,1150,4008,992,3805,0.988312,0.949351,203,45,947,248,0.050649,0.045363
476,0.095919,49.010000,2.756680,60.280000,1.751860,0.000000,0.000000,0.721800,0.000000,5000,3609,0.721800,3609,1391,3836,1164,3567,0.988362,0.929875,269,42,1122,311,0.070125,0.036082
477,0.083103,52.346000,2.650002,61.140000,1.747157,0.000000,0.000000,0.762800,0.000000,5000,3814,0.762800,3814,1186,4198,802,3767,0.987677,0.897332,431,47,755,478,0.102668,0.058603
478,0.077734,51.748000,2.683384,61.240000,1.759841,0.000000,0.000000,0.654800,0.000000,5000,3274,0.654800,3274,1726,4068,932,3207,0.979536,0.788348,861,67,865,928,0.211652,0.071888
479,0.087632,54.862000,2.531521,64.540000,1.591892,0.000000,0.000000,0.703000,0.000000,5000,3515,0.703000,3515,1485,3802,1198,3495,0.994310,0.919253,307,20,1178,327,0.080747,0.016694
480,0.090620,51.066000,2.648724,59.090000,1.770907,0.000000,0.000000,0.745400,0.000000,5000,3727,0.745400,3727,1273,3902,1098,3671,0.984975,0.940800,231,56,1042,287,0.059200,0.051002
481,0.125479,52.240000,2.657977,59.920000,1.785903,0.000000,0.000000,0.648600,0.000000,5000,3243,0.648600,3243,1757,3844,1156,3180,0.980574,0.827263,664,63,1093,727,0.172737,0.054498
482,0.092645,53.054000,2.595818,60.340000,1.756987,0.000000,0.000000,0.739400,0.000000,5000,3697,0.739400,3697,1303,4068,932,3640,0.984582,0.894789,428,57,875,485,0.105211,0.061159
483,0.099586,49.274000,2.831631,59.660000,1.853358,0.000000,0.000000,0.748400,0.000000,5000,3742,0.748400,3742,1258,3994,1006,3711,0.991716,0.929144,283,31,975,314,0.070856,0.030815
484,0.091260,50.280000,2.760138,58.370000,1.865751,0.000000,0.000000,0.735800,0.000000,5000,3679,0.735800,3679,1321,4106,894,3640,0.989399,0.886508,466,39,855,505,0.113492,0.043624
485,0.079092,52.248000,2.711649,64.360000,1.639049,0.000000,0.000000,0.710600,0.000000,5000,3553,0.710600,3553,1447,4226,774,3529,0.993245,0.835069,697,24,750,721,0.164931,0.031008
486,0.106540,51.984000,2.676771,64.400000,1.613249,0.000000,0.000000,0.699400,0.000000,5000,3497,0.699400,3497,1503,3810,1190,3442,0.984272,0.903412,368,55,1135,423,0.096588,0.046218
487,0.097181,54.878000,2.566393,65.210000,1.602934,0.000000,0.000000,0.727400,0.000000,5000,3637,0.727400,3637,1363,4102,898,3607,0.991751,0.879327,495,30,868,525,0.120673,0.033408
488,0.083081,53.372000,2.655031,64.820000,1.639296,0.000000,0.000000,0.662000,0.000000,5000,3310,0.662000,3310,1690,3816,1184,3242,0.979456,0.849581,574,68,1116,642,0.150419,0.057432
489,0.082452,53.114000,2.646174,62.270000,1.690436,0.000000,0.000000,0.777200,0.000000,5000,3886,0.777200,3886,1114,4156,844,3852,0.991251,0.926853,304,34,810,338,0.073147,0.040284
490,0.080268,53.780000,2.635469,62.430000,1.692679,0.000000,0.000000,0.696200,0.000000,5000,3481,0.696200,3481,1519,3852,1148,3439,0.987935,0.892783,413,42,1106,455,0.107217,0.036585
491,0.100384,52.452000,2.713416,62.760000,1.668055,0.000000,0.000000,0.845000,0.000000,5000,4225,0.845000,4225,775,4302,698,4214,0.997396,0.979544,88,11,687,99,0.020456,0.015759
492,0.081465,53.022000,2.672092,62.490000,1.677531,0.000000,0.000000,0.619200,0.000000,5000,3096,0.619200,3096,1904,4142,858,3037,0.980943,0.733221,1105,59,799,1164,0.266779,0.068765
493,0.052754,51.478000,2.760505,62.250000,1.726264,0.000000,0.000000,0.762800,0.000000,5000,3814,0.762800,3814,1186,4084,916,3796,0.995281,0.929481,288,18,898,306,0.070519,0.019651
494,0.102131,52.838000,2.704841,65.480000,1.593681,0.000000,0.000000,0.602600,0.000000,5000,3013,0.602600,3013,1987,3740,1260,2941,0.976104,0.786364,799,72,1188,871,0.213636,0.057143
495,0.082320,52.134000,2.705071,63.120000,1.692925,0.000000,0.000000,0.793000,0.000000,5000,3965,0.793000,3965,1035,4276,724,3946,0.995208,0.922825,330,19,705,349,0.077175,0.026243
496,0.081487,54.350000,2.631237,63.400000,1.725229,0.000000,0.000000,0.665200,0.000000,5000,3326,0.665200,3326,1674,3892,1108,3265,0.981660,0.838900,627,61,1047,688,0.161100,0.055054
497,0.083249,53.916000,2.651214,62.590000,1.745302,0.000000,0.000000,0.650200,0.000000,5000,3251,0.650200,3251,1749,3836,1164,3196,0.983082,0.833160,640,55,1109,695,0.166840,0.047251
498,0.061049,53.956000,2.602719,61.190000,1.735683,0.000000,0.000000,0.745600,0.000000,5000,3728,0.745600,3728,1272,4124,876,3682,0.987661,0.892823,442,46,830,488,0.107177,0.052511
499,0.084590,54.968000,2.568274,62.950000,1.655238,0.000000,0.000000,0.697000,0.000000,5000,3485,0.697000,3485,1515,3984,1016,3424,0.982496,0.859438,560,61,955,621,0.140562,0.060039
