epoch,train_loss,global_test_acc,global_test_loss,personal_apa,personal_loss,clean_ratio,agreement_ratio
0,1.253939,17.730000,2.325155,0.000000,0.000000,1.000000,0.000000
1,1.298236,19.070000,2.219446,0.000000,0.000000,1.000000,0.000000
2,1.192334,17.260000,2.213595,0.000000,0.000000,1.000000,0.000000
3,1.216867,25.500000,2.124839,0.000000,0.000000,1.000000,0.000000
4,1.313140,26.150000,2.128211,0.000000,0.000000,1.000000,0.000000
5,1.473550,24.330000,2.110117,0.000000,0.000000,1.000000,0.000000
6,1.242690,24.880000,2.080653,0.000000,0.000000,1.000000,0.000000
7,1.111453,22.860000,2.123945,0.000000,0.000000,1.000000,0.000000
8,0.962593,29.780000,2.030063,0.000000,0.000000,1.000000,0.000000
9,1.213790,22.580000,2.051454,0.000000,0.000000,1.000000,0.000000
10,1.244902,20.040000,2.157095,0.000000,0.000000,1.000000,0.000000
11,1.236688,27.220000,2.015401,0.000000,0.000000,1.000000,0.000000
12,1.333197,26.220000,1.997627,0.000000,0.000000,1.000000,0.000000
13,1.170993,27.260000,1.968013,0.000000,0.000000,1.000000,0.000000
14,1.041370,24.870000,1.996421,0.000000,0.000000,1.000000,0.000000
15,1.194349,20.410000,2.001298,0.000000,0.000000,1.000000,0.000000
16,1.026167,31.180000,1.945593,0.000000,0.000000,1.000000,0.000000
17,1.288814,34.780000,1.912340,0.000000,0.000000,1.000000,0.000000
18,1.293195,28.610000,1.941676,0.000000,0.000000,1.000000,0.000000
19,1.300043,34.190000,1.921074,0.000000,0.000000,1.000000,0.000000
20,1.118957,33.150000,1.916956,0.000000,0.000000,1.000000,0.000000
21,1.170604,37.970000,1.878805,0.000000,0.000000,1.000000,0.000000
22,1.168814,30.570000,1.957217,0.000000,0.000000,1.000000,0.000000
23,1.185163,32.990000,1.915176,0.000000,0.000000,1.000000,0.000000
24,1.179845,30.540000,1.907028,0.000000,0.000000,1.000000,0.000000
25,1.064035,32.960000,1.891729,0.000000,0.000000,1.000000,0.000000
26,1.210025,30.720000,1.923307,0.000000,0.000000,1.000000,0.000000
27,1.115919,33.180000,1.859682,0.000000,0.000000,1.000000,0.000000
28,1.190765,34.270000,1.888976,0.000000,0.000000,1.000000,0.000000
29,1.122761,33.740000,1.879974,0.000000,0.000000,1.000000,0.000000
30,1.027709,26.390000,1.940561,0.000000,0.000000,1.000000,0.000000
31,1.180622,33.750000,1.878448,0.000000,0.000000,1.000000,0.000000
32,1.309357,37.490000,1.844135,0.000000,0.000000,1.000000,0.000000
33,1.341826,36.330000,1.879880,0.000000,0.000000,1.000000,0.000000
34,0.992766,38.830000,1.852431,0.000000,0.000000,1.000000,0.000000
35,1.234298,34.580000,1.867792,0.000000,0.000000,1.000000,0.000000
36,1.029654,25.810000,1.939141,0.000000,0.000000,1.000000,0.000000
37,1.147110,35.970000,1.823043,0.000000,0.000000,1.000000,0.000000
38,1.434755,40.930000,1.845502,0.000000,0.000000,1.000000,0.000000
39,1.204861,32.000000,1.875316,0.000000,0.000000,1.000000,0.000000
40,1.122213,36.320000,1.848872,0.000000,0.000000,1.000000,0.000000
41,1.157051,31.470000,1.870603,0.000000,0.000000,1.000000,0.000000
42,1.145389,41.550000,1.823129,0.000000,0.000000,1.000000,0.000000
43,1.127595,34.100000,1.861861,0.000000,0.000000,1.000000,0.000000
44,1.221442,36.500000,1.823509,0.000000,0.000000,1.000000,0.000000
45,1.108359,35.870000,1.829735,0.000000,0.000000,1.000000,0.000000
46,1.153605,31.180000,1.899775,0.000000,0.000000,1.000000,0.000000
47,1.047327,34.580000,1.875088,0.000000,0.000000,1.000000,0.000000
48,1.177476,33.200000,1.858940,0.000000,0.000000,1.000000,0.000000
49,1.406643,30.770000,1.899643,0.000000,0.000000,1.000000,0.000000
50,1.167653,31.620000,1.884290,0.000000,0.000000,1.000000,0.000000
51,1.332618,38.960000,1.876348,0.000000,0.000000,1.000000,0.000000
52,1.079280,36.150000,1.862417,0.000000,0.000000,1.000000,0.000000
53,1.141944,36.220000,1.855580,0.000000,0.000000,1.000000,0.000000
54,1.246588,33.290000,1.865841,0.000000,0.000000,1.000000,0.000000
55,0.935328,32.830000,1.822604,0.000000,0.000000,1.000000,0.000000
56,1.114353,36.660000,1.820505,0.000000,0.000000,1.000000,0.000000
57,1.070141,38.030000,1.828553,0.000000,0.000000,1.000000,0.000000
58,1.184696,35.300000,1.847806,0.000000,0.000000,1.000000,0.000000
59,0.981704,32.800000,1.856282,0.000000,0.000000,1.000000,0.000000
60,1.232837,37.550000,1.852315,0.000000,0.000000,1.000000,0.000000
61,1.013771,35.430000,1.830963,0.000000,0.000000,1.000000,0.000000
62,1.190738,41.350000,1.822560,0.000000,0.000000,1.000000,0.000000
63,1.159737,39.830000,1.798281,0.000000,0.000000,1.000000,0.000000
64,0.979328,32.100000,1.846434,0.000000,0.000000,1.000000,0.000000
65,1.307086,36.080000,1.847078,0.000000,0.000000,1.000000,0.000000
66,1.282318,38.520000,1.808330,0.000000,0.000000,1.000000,0.000000
67,1.120208,42.270000,1.788457,0.000000,0.000000,1.000000,0.000000
68,1.043235,39.290000,1.787100,0.000000,0.000000,1.000000,0.000000
69,1.289361,35.260000,1.826714,0.000000,0.000000,1.000000,0.000000
70,1.074992,46.230000,1.742063,0.000000,0.000000,1.000000,0.000000
71,1.234948,29.260000,1.869142,0.000000,0.000000,1.000000,0.000000
72,1.298037,36.270000,1.829930,0.000000,0.000000,1.000000,0.000000
73,1.121712,42.150000,1.778376,0.000000,0.000000,1.000000,0.000000
74,1.095699,38.250000,1.812345,0.000000,0.000000,1.000000,0.000000
75,0.963039,44.000000,1.725536,0.000000,0.000000,1.000000,0.000000
76,1.356698,44.480000,1.776785,0.000000,0.000000,1.000000,0.000000
77,0.944025,41.060000,1.813822,0.000000,0.000000,1.000000,0.000000
78,1.380016,36.660000,1.801766,0.000000,0.000000,1.000000,0.000000
79,0.994865,44.960000,1.757672,0.000000,0.000000,1.000000,0.000000
80,1.510072,40.400000,1.824659,0.000000,0.000000,1.000000,0.000000
81,1.292494,36.660000,1.841740,0.000000,0.000000,1.000000,0.000000
82,1.082401,43.880000,1.765625,0.000000,0.000000,1.000000,0.000000
83,1.325451,45.290000,1.810256,0.000000,0.000000,1.000000,0.000000
84,1.066372,35.570000,1.878208,0.000000,0.000000,1.000000,0.000000
85,1.063020,41.130000,1.795262,0.000000,0.000000,1.000000,0.000000
86,1.312896,38.810000,1.808993,0.000000,0.000000,1.000000,0.000000
87,1.105693,37.700000,1.823242,0.000000,0.000000,1.000000,0.000000
88,1.076860,39.240000,1.784202,0.000000,0.000000,1.000000,0.000000
89,1.238644,41.200000,1.804495,0.000000,0.000000,1.000000,0.000000
90,0.903795,40.710000,1.785229,0.000000,0.000000,1.000000,0.000000
91,1.146245,41.150000,1.800318,0.000000,0.000000,1.000000,0.000000
92,1.179943,32.650000,1.872022,0.000000,0.000000,1.000000,0.000000
93,0.941814,35.370000,1.809618,0.000000,0.000000,1.000000,0.000000
94,1.271736,45.040000,1.758344,0.000000,0.000000,1.000000,0.000000
95,0.707700,36.070000,1.780484,0.000000,0.000000,1.000000,0.000000
96,0.874383,41.290000,1.798791,0.000000,0.000000,1.000000,0.000000
97,1.436879,47.430000,1.760584,0.000000,0.000000,1.000000,0.000000
98,1.026839,38.140000,1.777848,0.000000,0.000000,1.000000,0.000000
99,0.873328,40.270000,1.742137,0.000000,0.000000,1.000000,0.000000
100,0.395549,39.790000,1.738079,0.000000,0.000000,0.720000,0.000000
101,0.343997,37.650000,1.748048,0.000000,0.000000,0.719600,0.000000
102,0.376710,35.140000,1.894757,0.000000,0.000000,0.687200,0.000000
103,0.246216,38.220000,1.844713,0.000000,0.000000,0.692000,0.000000
104,0.267764,34.930000,1.906949,0.000000,0.000000,0.690800,0.000000
105,0.263307,40.240000,1.778155,0.000000,0.000000,0.775000,0.000000
106,0.374449,38.600000,1.811712,0.000000,0.000000,0.708200,0.000000
107,0.307548,29.320000,2.022315,0.000000,0.000000,0.606000,0.000000
108,0.329633,31.420000,2.001568,0.000000,0.000000,0.678400,0.000000
109,0.274035,34.030000,2.059117,0.000000,0.000000,0.665600,0.000000
110,0.320936,42.200000,1.783511,0.000000,0.000000,0.639800,0.000000
111,0.236636,31.960000,1.955633,0.000000,0.000000,0.718200,0.000000
112,0.408122,42.260000,1.767310,0.000000,0.000000,0.756000,0.000000
113,0.427873,32.650000,2.012019,0.000000,0.000000,0.653000,0.000000
114,0.334628,38.150000,1.898901,0.000000,0.000000,0.694400,0.000000
115,0.334080,38.930000,1.880461,0.000000,0.000000,0.641600,0.000000
116,0.370206,51.100000,1.689437,0.000000,0.000000,0.594000,0.000000
117,0.317984,41.010000,1.872863,0.000000,0.000000,0.760400,0.000000
118,0.298852,45.800000,1.873519,0.000000,0.000000,0.761600,0.000000
119,0.306329,44.340000,1.932294,0.000000,0.000000,0.635000,0.000000
120,0.359762,39.080000,2.067729,0.000000,0.000000,0.636800,0.000000
121,0.337220,40.120000,2.049745,0.000000,0.000000,0.630600,0.000000
122,0.275635,41.690000,2.042707,0.000000,0.000000,0.754800,0.000000
123,0.537935,31.490000,2.319470,0.000000,0.000000,0.528400,0.000000
124,0.274752,44.340000,1.997924,0.000000,0.000000,0.708000,0.000000
125,0.257086,36.150000,2.291116,0.000000,0.000000,0.648200,0.000000
126,0.262049,45.420000,1.878856,0.000000,0.000000,0.670800,0.000000
127,0.498404,45.010000,1.857167,0.000000,0.000000,0.717400,0.000000
128,0.510797,40.320000,1.988638,0.000000,0.000000,0.640600,0.000000
129,0.340460,43.990000,1.831745,0.000000,0.000000,0.687000,0.000000
130,0.291451,49.510000,1.707409,0.000000,0.000000,0.684600,0.000000
131,0.292661,46.720000,1.764079,0.000000,0.000000,0.754400,0.000000
132,0.366658,48.530000,1.740913,0.000000,0.000000,0.723400,0.000000
133,0.248764,33.340000,2.038627,0.000000,0.000000,0.714600,0.000000
134,0.376683,38.190000,2.039214,0.000000,0.000000,0.697600,0.000000
135,0.293130,51.840000,1.772319,0.000000,0.000000,0.658200,0.000000
136,0.218021,44.290000,1.943541,0.000000,0.000000,0.655400,0.000000
137,0.241782,48.770000,1.888811,0.000000,0.000000,0.641600,0.000000
138,0.278160,34.660000,2.408820,0.000000,0.000000,0.599400,0.000000
139,0.315948,40.720000,1.954506,0.000000,0.000000,0.629000,0.000000
140,0.341268,42.980000,1.832019,0.000000,0.000000,0.714800,0.000000
141,0.300475,43.970000,1.855602,0.000000,0.000000,0.735400,0.000000
142,0.420555,46.930000,1.782469,0.000000,0.000000,0.687000,0.000000
143,0.278132,36.810000,2.027862,0.000000,0.000000,0.789400,0.000000
144,0.269009,42.440000,1.931015,0.000000,0.000000,0.709800,0.000000
145,0.267534,35.840000,2.140613,0.000000,0.000000,0.653200,0.000000
146,0.222751,45.980000,1.908107,0.000000,0.000000,0.655000,0.000000
147,0.238817,39.260000,1.998810,0.000000,0.000000,0.713000,0.000000
148,0.363592,43.620000,1.919323,0.000000,0.000000,0.687600,0.000000
149,0.284847,43.760000,1.986564,0.000000,0.000000,0.765800,0.000000
