epoch,train_loss,global_train_acc,global_train_loss,global_test_acc,global_test_loss,personal_apa,personal_loss,clean_ratio,agreement_ratio,selected_total_count,global_train_count,train_ratio,pred_clean_count,pred_noisy_count,true_clean_count,true_noise_count,actual_train_clean_count,actual_train_clean_ratio,clean_recall,missed_clean_count,false_clean_count,true_noise_rejected_count,total_wrong_count,missed_clean_ratio,false_clean_ratio
0,1.128730,17.570000,2.352003,20.270000,2.292590,0.000000,0.000000,1.000000,0.000000,5000,5000,1.000000,5000,0,4108,892,4108,0.821600,1.000000,0,892,0,892,0.000000,1.000000
1,1.173501,17.248000,2.258424,20.830000,2.177138,0.000000,0.000000,1.000000,0.000000,5000,5000,1.000000,5000,0,3990,1010,3990,0.798000,1.000000,0,1010,0,1010,0.000000,1.000000
2,1.077644,15.510000,2.272605,16.870000,2.190951,0.000000,0.000000,1.000000,0.000000,5000,5000,1.000000,5000,0,4056,944,4056,0.811200,1.000000,0,944,0,944,0.000000,1.000000
3,1.088866,22.290000,2.166309,25.590000,2.071700,0.000000,0.000000,1.000000,0.000000,5000,5000,1.000000,5000,0,4048,952,4048,0.809600,1.000000,0,952,0,952,0.000000,1.000000
4,1.192700,22.674000,2.191606,26.280000,2.100884,0.000000,0.000000,1.000000,0.000000,5000,5000,1.000000,5000,0,3962,1038,3962,0.792400,1.000000,0,1038,0,1038,0.000000,1.000000
5,1.364902,21.892000,2.198923,26.720000,2.099358,0.000000,0.000000,1.000000,0.000000,5000,5000,1.000000,5000,0,3636,1364,3636,0.727200,1.000000,0,1364,0,1364,0.000000,1.000000
6,1.105172,22.706000,2.145511,27.260000,2.020666,0.000000,0.000000,1.000000,0.000000,5000,5000,1.000000,5000,0,4006,994,4006,0.801200,1.000000,0,994,0,994,0.000000,1.000000
7,0.991213,24.164000,2.192715,27.890000,2.063468,0.000000,0.000000,1.000000,0.000000,5000,5000,1.000000,5000,0,4082,918,4082,0.816400,1.000000,0,918,0,918,0.000000,1.000000
8,0.835466,25.790000,2.116191,30.840000,1.966361,0.000000,0.000000,1.000000,0.000000,5000,5000,1.000000,5000,0,4386,614,4386,0.877200,1.000000,0,614,0,614,0.000000,1.000000
9,1.107456,24.210000,2.089141,28.580000,1.964269,0.000000,0.000000,1.000000,0.000000,5000,5000,1.000000,5000,0,3876,1124,3876,0.775200,1.000000,0,1124,0,1124,0.000000,1.000000
10,1.128810,18.390000,2.244817,22.040000,2.094082,0.000000,0.000000,1.000000,0.000000,5000,5000,1.000000,5000,0,3944,1056,3944,0.788800,1.000000,0,1056,0,1056,0.000000,1.000000
11,1.117613,22.162000,2.130260,27.420000,1.980166,0.000000,0.000000,1.000000,0.000000,5000,5000,1.000000,5000,0,3970,1030,3970,0.794000,1.000000,0,1030,0,1030,0.000000,1.000000
12,1.201020,25.158000,2.078002,28.860000,1.944204,0.000000,0.000000,1.000000,0.000000,5000,5000,1.000000,5000,0,3868,1132,3868,0.773600,1.000000,0,1132,0,1132,0.000000,1.000000
13,1.041153,24.450000,2.081269,30.010000,1.946841,0.000000,0.000000,1.000000,0.000000,5000,5000,1.000000,5000,0,4074,926,4074,0.814800,1.000000,0,926,0,926,0.000000,1.000000
14,0.911170,24.186000,2.116624,27.180000,1.996455,0.000000,0.000000,1.000000,0.000000,5000,5000,1.000000,5000,0,4246,754,4246,0.849200,1.000000,0,754,0,754,0.000000,1.000000
15,1.047376,17.336000,2.160692,23.230000,1.975074,0.000000,0.000000,1.000000,0.000000,5000,5000,1.000000,5000,0,4080,920,4080,0.816000,1.000000,0,920,0,920,0.000000,1.000000
16,0.895182,26.964000,2.075168,33.980000,1.926166,0.000000,0.000000,1.000000,0.000000,5000,5000,1.000000,5000,0,4254,746,4254,0.850800,1.000000,0,746,0,746,0.000000,1.000000
17,1.154358,30.042000,2.025691,37.530000,1.875334,0.000000,0.000000,1.000000,0.000000,5000,5000,1.000000,5000,0,3890,1110,3890,0.778000,1.000000,0,1110,0,1110,0.000000,1.000000
18,1.165087,24.032000,2.119457,29.360000,1.973236,0.000000,0.000000,1.000000,0.000000,5000,5000,1.000000,5000,0,3816,1184,3816,0.763200,1.000000,0,1184,0,1184,0.000000,1.000000
19,1.163199,30.102000,2.035986,35.760000,1.900256,0.000000,0.000000,1.000000,0.000000,5000,5000,1.000000,5000,0,3858,1142,3858,0.771600,1.000000,0,1142,0,1142,0.000000,1.000000
20,0.979260,29.030000,2.031007,35.560000,1.879170,0.000000,0.000000,1.000000,0.000000,5000,5000,1.000000,5000,0,4136,864,4136,0.827200,1.000000,0,864,0,864,0.000000,1.000000
21,1.031135,30.770000,2.000638,38.780000,1.843154,0.000000,0.000000,1.000000,0.000000,5000,5000,1.000000,5000,0,4086,914,4086,0.817200,1.000000,0,914,0,914,0.000000,1.000000
22,1.027582,27.386000,2.079456,32.120000,1.929742,0.000000,0.000000,1.000000,0.000000,5000,5000,1.000000,5000,0,4014,986,4014,0.802800,1.000000,0,986,0,986,0.000000,1.000000
23,1.044016,25.590000,2.068563,31.060000,1.939239,0.000000,0.000000,1.000000,0.000000,5000,5000,1.000000,5000,0,4002,998,4002,0.800400,1.000000,0,998,0,998,0.000000,1.000000
24,1.030281,24.558000,2.063851,30.780000,1.911166,0.000000,0.000000,1.000000,0.000000,5000,5000,1.000000,5000,0,4014,986,4014,0.802800,1.000000,0,986,0,986,0.000000,1.000000
25,0.918117,28.054000,2.024034,36.370000,1.850498,0.000000,0.000000,1.000000,0.000000,5000,5000,1.000000,5000,0,4182,818,4182,0.836400,1.000000,0,818,0,818,0.000000,1.000000
26,1.063550,26.610000,2.060193,33.050000,1.908088,0.000000,0.000000,1.000000,0.000000,5000,5000,1.000000,5000,0,4104,896,4104,0.820800,1.000000,0,896,0,896,0.000000,1.000000
27,0.955876,27.374000,2.031820,33.140000,1.884346,0.000000,0.000000,1.000000,0.000000,5000,5000,1.000000,5000,0,4162,838,4162,0.832400,1.000000,0,838,0,838,0.000000,1.000000
28,1.050932,30.252000,2.019658,37.810000,1.854429,0.000000,0.000000,1.000000,0.000000,5000,5000,1.000000,5000,0,3984,1016,3984,0.796800,1.000000,0,1016,0,1016,0.000000,1.000000
29,0.968312,28.660000,2.022753,35.180000,1.866778,0.000000,0.000000,1.000000,0.000000,5000,5000,1.000000,5000,0,4132,868,4132,0.826400,1.000000,0,868,0,868,0.000000,1.000000
30,0.888980,26.204000,2.053444,30.440000,1.911065,0.000000,0.000000,1.000000,0.000000,5000,5000,1.000000,5000,0,4252,748,4252,0.850400,1.000000,0,748,0,748,0.000000,1.000000
31,1.019259,29.790000,2.016451,33.920000,1.879915,0.000000,0.000000,1.000000,0.000000,5000,5000,1.000000,5000,0,4074,926,4074,0.814800,1.000000,0,926,0,926,0.000000,1.000000
32,1.163659,29.366000,2.010691,35.650000,1.864773,0.000000,0.000000,1.000000,0.000000,5000,5000,1.000000,5000,0,3894,1106,3894,0.778800,1.000000,0,1106,0,1106,0.000000,1.000000
33,1.183405,28.176000,2.034007,33.790000,1.907341,0.000000,0.000000,1.000000,0.000000,5000,5000,1.000000,5000,0,3898,1102,3898,0.779600,1.000000,0,1102,0,1102,0.000000,1.000000
34,0.849694,30.738000,2.004936,37.890000,1.851640,0.000000,0.000000,1.000000,0.000000,5000,5000,1.000000,5000,0,4248,752,4248,0.849600,1.000000,0,752,0,752,0.000000,1.000000
35,1.082491,28.214000,2.040656,33.350000,1.891505,0.000000,0.000000,1.000000,0.000000,5000,5000,1.000000,5000,0,3954,1046,3954,0.790800,1.000000,0,1046,0,1046,0.000000,1.000000
36,0.900720,21.078000,2.148035,25.230000,1.990521,0.000000,0.000000,1.000000,0.000000,5000,5000,1.000000,5000,0,4214,786,4214,0.842800,1.000000,0,786,0,786,0.000000,1.000000
37,0.991491,28.378000,2.017834,35.920000,1.835399,0.000000,0.000000,1.000000,0.000000,5000,5000,1.000000,5000,0,4098,902,4098,0.819600,1.000000,0,902,0,902,0.000000,1.000000
38,1.304860,30.918000,2.022152,38.250000,1.875162,0.000000,0.000000,1.000000,0.000000,5000,5000,1.000000,5000,0,3574,1426,3574,0.714800,1.000000,0,1426,0,1426,0.000000,1.000000
39,1.045235,26.502000,2.063915,31.180000,1.949897,0.000000,0.000000,1.000000,0.000000,5000,5000,1.000000,5000,0,4086,914,4086,0.817200,1.000000,0,914,0,914,0.000000,1.000000
40,0.981374,29.358000,1.993965,37.910000,1.824130,0.000000,0.000000,1.000000,0.000000,5000,5000,1.000000,5000,0,4098,902,4098,0.819600,1.000000,0,902,0,902,0.000000,1.000000
41,1.013351,26.184000,2.049845,29.630000,1.900080,0.000000,0.000000,1.000000,0.000000,5000,5000,1.000000,5000,0,4018,982,4018,0.803600,1.000000,0,982,0,982,0.000000,1.000000
42,0.993942,33.146000,1.978613,39.610000,1.844926,0.000000,0.000000,1.000000,0.000000,5000,5000,1.000000,5000,0,4056,944,4056,0.811200,1.000000,0,944,0,944,0.000000,1.000000
43,0.972725,27.504000,2.047090,34.110000,1.884989,0.000000,0.000000,1.000000,0.000000,5000,5000,1.000000,5000,0,4076,924,4076,0.815200,1.000000,0,924,0,924,0.000000,1.000000
44,1.068755,30.990000,1.985292,37.430000,1.837559,0.000000,0.000000,1.000000,0.000000,5000,5000,1.000000,5000,0,3988,1012,3988,0.797600,1.000000,0,1012,0,1012,0.000000,1.000000
45,0.968594,28.646000,1.993772,34.860000,1.833866,0.000000,0.000000,1.000000,0.000000,5000,5000,1.000000,5000,0,4102,898,4102,0.820400,1.000000,0,898,0,898,0.000000,1.000000
46,1.001509,27.494000,2.045808,32.480000,1.895233,0.000000,0.000000,1.000000,0.000000,5000,5000,1.000000,5000,0,3936,1064,3936,0.787200,1.000000,0,1064,0,1064,0.000000,1.000000
47,0.889820,29.826000,2.006518,34.150000,1.865420,0.000000,0.000000,1.000000,0.000000,5000,5000,1.000000,5000,0,4198,802,4198,0.839600,1.000000,0,802,0,802,0.000000,1.000000
48,1.053811,30.046000,1.991053,35.110000,1.849286,0.000000,0.000000,1.000000,0.000000,5000,5000,1.000000,5000,0,3878,1122,3878,0.775600,1.000000,0,1122,0,1122,0.000000,1.000000
49,1.242983,27.944000,2.026305,34.300000,1.882474,0.000000,0.000000,1.000000,0.000000,5000,5000,1.000000,5000,0,3726,1274,3726,0.745200,1.000000,0,1274,0,1274,0.000000,1.000000
50,1.026148,26.362000,2.051287,32.170000,1.909471,0.000000,0.000000,1.000000,0.000000,5000,5000,1.000000,5000,0,3956,1044,3956,0.791200,1.000000,0,1044,0,1044,0.000000,1.000000
51,1.180183,31.890000,1.999922,36.570000,1.895454,0.000000,0.000000,1.000000,0.000000,5000,5000,1.000000,5000,0,3806,1194,3806,0.761200,1.000000,0,1194,0,1194,0.000000,1.000000
52,0.946248,30.100000,2.012486,35.070000,1.895825,0.000000,0.000000,1.000000,0.000000,5000,5000,1.000000,5000,0,4068,932,4068,0.813600,1.000000,0,932,0,932,0.000000,1.000000
53,0.990701,30.336000,2.012439,35.510000,1.870311,0.000000,0.000000,1.000000,0.000000,5000,5000,1.000000,5000,0,3976,1024,3976,0.795200,1.000000,0,1024,0,1024,0.000000,1.000000
54,1.105594,26.986000,2.034694,31.640000,1.898362,0.000000,0.000000,1.000000,0.000000,5000,5000,1.000000,5000,0,3778,1222,3778,0.755600,1.000000,0,1222,0,1222,0.000000,1.000000
55,0.781781,26.522000,2.020169,32.780000,1.851388,0.000000,0.000000,1.000000,0.000000,5000,5000,1.000000,5000,0,4268,732,4268,0.853600,1.000000,0,732,0,732,0.000000,1.000000
56,0.967830,30.602000,1.976052,32.480000,1.848545,0.000000,0.000000,1.000000,0.000000,5000,5000,1.000000,5000,0,4060,940,4060,0.812000,1.000000,0,940,0,940,0.000000,1.000000
57,0.905286,31.616000,1.982462,37.690000,1.844241,0.000000,0.000000,1.000000,0.000000,5000,5000,1.000000,5000,0,4138,862,4138,0.827600,1.000000,0,862,0,862,0.000000,1.000000
58,1.012445,33.458000,1.946461,39.180000,1.800229,0.000000,0.000000,1.000000,0.000000,5000,5000,1.000000,5000,0,4024,976,4024,0.804800,1.000000,0,976,0,976,0.000000,1.000000
59,0.819338,28.772000,2.006620,33.030000,1.856525,0.000000,0.000000,1.000000,0.000000,5000,5000,1.000000,5000,0,4310,690,4310,0.862000,1.000000,0,690,0,690,0.000000,1.000000
60,1.058375,33.160000,1.966225,37.980000,1.839842,0.000000,0.000000,1.000000,0.000000,5000,5000,1.000000,5000,0,3960,1040,3960,0.792000,1.000000,0,1040,0,1040,0.000000,1.000000
61,0.852904,29.980000,1.984415,35.360000,1.824469,0.000000,0.000000,1.000000,0.000000,5000,5000,1.000000,5000,0,4200,800,4200,0.840000,1.000000,0,800,0,800,0.000000,1.000000
62,1.023937,34.764000,1.936260,39.250000,1.814000,0.000000,0.000000,1.000000,0.000000,5000,5000,1.000000,5000,0,3942,1058,3942,0.788400,1.000000,0,1058,0,1058,0.000000,1.000000
63,0.990994,31.878000,1.956863,36.840000,1.818087,0.000000,0.000000,1.000000,0.000000,5000,5000,1.000000,5000,0,4070,930,4070,0.814000,1.000000,0,930,0,930,0.000000,1.000000
64,0.825439,32.304000,1.947175,35.480000,1.806690,0.000000,0.000000,1.000000,0.000000,5000,5000,1.000000,5000,0,4232,768,4232,0.846400,1.000000,0,768,0,768,0.000000,1.000000
65,1.126864,31.590000,1.979839,36.830000,1.837346,0.000000,0.000000,1.000000,0.000000,5000,5000,1.000000,5000,0,3846,1154,3846,0.769200,1.000000,0,1154,0,1154,0.000000,1.000000
66,1.111864,32.640000,1.942743,39.120000,1.796333,0.000000,0.000000,1.000000,0.000000,5000,5000,1.000000,5000,0,3824,1176,3824,0.764800,1.000000,0,1176,0,1176,0.000000,1.000000
67,0.970302,34.880000,1.917892,39.740000,1.791455,0.000000,0.000000,1.000000,0.000000,5000,5000,1.000000,5000,0,4002,998,4002,0.800400,1.000000,0,998,0,998,0.000000,1.000000
68,0.889589,34.200000,1.921763,39.300000,1.782052,0.000000,0.000000,1.000000,0.000000,5000,5000,1.000000,5000,0,4166,834,4166,0.833200,1.000000,0,834,0,834,0.000000,1.000000
69,1.123331,26.956000,2.018463,33.200000,1.869117,0.000000,0.000000,1.000000,0.000000,5000,5000,1.000000,5000,0,3850,1150,3850,0.770000,1.000000,0,1150,0,1150,0.000000,1.000000
70,0.907898,35.944000,1.921189,41.320000,1.782628,0.000000,0.000000,1.000000,0.000000,5000,5000,1.000000,5000,0,4104,896,4104,0.820800,1.000000,0,896,0,896,0.000000,1.000000
71,1.072754,27.902000,1.982459,31.960000,1.850867,0.000000,0.000000,1.000000,0.000000,5000,5000,1.000000,5000,0,3912,1088,3912,0.782400,1.000000,0,1088,0,1088,0.000000,1.000000
72,1.132002,28.162000,2.011217,32.760000,1.890185,0.000000,0.000000,1.000000,0.000000,5000,5000,1.000000,5000,0,3806,1194,3806,0.761200,1.000000,0,1194,0,1194,0.000000,1.000000
73,0.972984,34.438000,1.940287,39.550000,1.820017,0.000000,0.000000,1.000000,0.000000,5000,5000,1.000000,5000,0,4000,1000,4000,0.800000,1.000000,0,1000,0,1000,0.000000,1.000000
74,0.949494,32.938000,1.961242,36.830000,1.853847,0.000000,0.000000,1.000000,0.000000,5000,5000,1.000000,5000,0,3990,1010,3990,0.798000,1.000000,0,1010,0,1010,0.000000,1.000000
75,0.791324,35.416000,1.902392,41.910000,1.751646,0.000000,0.000000,1.000000,0.000000,5000,5000,1.000000,5000,0,4298,702,4298,0.859600,1.000000,0,702,0,702,0.000000,1.000000
76,1.184776,34.434000,1.935903,40.300000,1.820036,0.000000,0.000000,1.000000,0.000000,5000,5000,1.000000,5000,0,3772,1228,3772,0.754400,1.000000,0,1228,0,1228,0.000000,1.000000
77,0.785144,29.136000,2.012136,33.320000,1.875523,0.000000,0.000000,1.000000,0.000000,5000,5000,1.000000,5000,0,4296,704,4296,0.859200,1.000000,0,704,0,704,0.000000,1.000000
78,1.185511,29.958000,1.982479,34.880000,1.840400,0.000000,0.000000,1.000000,0.000000,5000,5000,1.000000,5000,0,3690,1310,3690,0.738000,1.000000,0,1310,0,1310,0.000000,1.000000
79,0.816902,36.204000,1.916495,42.060000,1.766193,0.000000,0.000000,1.000000,0.000000,5000,5000,1.000000,5000,0,4168,832,4168,0.833600,1.000000,0,832,0,832,0.000000,1.000000
80,1.339701,33.492000,1.963559,39.790000,1.835724,0.000000,0.000000,1.000000,0.000000,5000,5000,1.000000,5000,0,3412,1588,3412,0.682400,1.000000,0,1588,0,1588,0.000000,1.000000
81,1.106992,31.926000,1.976829,36.600000,1.859036,0.000000,0.000000,1.000000,0.000000,5000,5000,1.000000,5000,0,3788,1212,3788,0.757600,1.000000,0,1212,0,1212,0.000000,1.000000
82,0.905696,33.128000,1.938274,37.100000,1.821834,0.000000,0.000000,1.000000,0.000000,5000,5000,1.000000,5000,0,4182,818,4182,0.836400,1.000000,0,818,0,818,0.000000,1.000000
83,1.143330,32.712000,1.965583,37.430000,1.859282,0.000000,0.000000,1.000000,0.000000,5000,5000,1.000000,5000,0,3776,1224,3776,0.755200,1.000000,0,1224,0,1224,0.000000,1.000000
84,0.904458,26.540000,2.084866,31.950000,1.943493,0.000000,0.000000,1.000000,0.000000,5000,5000,1.000000,5000,0,4096,904,4096,0.819200,1.000000,0,904,0,904,0.000000,1.000000
85,0.922633,32.924000,1.961492,38.480000,1.837572,0.000000,0.000000,1.000000,0.000000,5000,5000,1.000000,5000,0,4012,988,4012,0.802400,1.000000,0,988,0,988,0.000000,1.000000
86,1.127769,31.600000,1.967357,36.330000,1.843149,0.000000,0.000000,1.000000,0.000000,5000,5000,1.000000,5000,0,3728,1272,3728,0.745600,1.000000,0,1272,0,1272,0.000000,1.000000
87,0.918392,28.972000,1.998290,32.660000,1.869491,0.000000,0.000000,1.000000,0.000000,5000,5000,1.000000,5000,0,4102,898,4102,0.820400,1.000000,0,898,0,898,0.000000,1.000000
88,0.914588,30.048000,1.993717,35.990000,1.843521,0.000000,0.000000,1.000000,0.000000,5000,5000,1.000000,5000,0,4048,952,4048,0.809600,1.000000,0,952,0,952,0.000000,1.000000
89,1.048688,32.408000,1.973282,36.990000,1.861500,0.000000,0.000000,1.000000,0.000000,5000,5000,1.000000,5000,0,3920,1080,3920,0.784000,1.000000,0,1080,0,1080,0.000000,1.000000
90,0.748878,33.128000,1.958493,38.370000,1.822929,0.000000,0.000000,1.000000,0.000000,5000,5000,1.000000,5000,0,4274,726,4274,0.854800,1.000000,0,726,0,726,0.000000,1.000000
91,0.968029,33.390000,1.975407,37.100000,1.864320,0.000000,0.000000,1.000000,0.000000,5000,5000,1.000000,5000,0,3892,1108,3892,0.778400,1.000000,0,1108,0,1108,0.000000,1.000000
92,1.007691,28.264000,2.052168,30.500000,1.970497,0.000000,0.000000,1.000000,0.000000,5000,5000,1.000000,5000,0,3906,1094,3906,0.781200,1.000000,0,1094,0,1094,0.000000,1.000000
93,0.771311,28.998000,2.017486,34.180000,1.871972,0.000000,0.000000,1.000000,0.000000,5000,5000,1.000000,5000,0,4324,676,4324,0.864800,1.000000,0,676,0,676,0.000000,1.000000
94,1.083350,32.188000,1.941552,36.280000,1.826482,0.000000,0.000000,1.000000,0.000000,5000,5000,1.000000,5000,0,3846,1154,3846,0.769200,1.000000,0,1154,0,1154,0.000000,1.000000
95,0.558146,31.820000,1.971704,35.780000,1.817359,0.000000,0.000000,1.000000,0.000000,5000,5000,1.000000,5000,0,4530,470,4530,0.906000,1.000000,0,470,0,470,0.000000,1.000000
96,0.693975,31.490000,1.991479,36.540000,1.833879,0.000000,0.000000,1.000000,0.000000,5000,5000,1.000000,5000,0,4444,556,4444,0.888800,1.000000,0,556,0,556,0.000000,1.000000
97,1.233223,32.896000,1.941841,38.790000,1.823166,0.000000,0.000000,1.000000,0.000000,5000,5000,1.000000,5000,0,3554,1446,3554,0.710800,1.000000,0,1446,0,1446,0.000000,1.000000
98,0.870399,32.018000,1.953729,36.040000,1.839114,0.000000,0.000000,1.000000,0.000000,5000,5000,1.000000,5000,0,4212,788,4212,0.842400,1.000000,0,788,0,788,0.000000,1.000000
99,0.706511,31.090000,1.958527,37.330000,1.815170,0.000000,0.000000,1.000000,0.000000,5000,5000,1.000000,5000,0,4324,676,4324,0.864800,1.000000,0,676,0,676,0.000000,1.000000
100,0.248331,38.018000,1.883463,44.240000,1.703329,0.000000,0.000000,0.784000,0.000000,5000,3920,0.784000,3920,1080,4062,938,3861,0.984949,0.950517,201,59,879,260,0.049483,0.062900
101,0.207071,23.450000,2.293069,25.780000,2.077596,0.000000,0.000000,0.711000,0.000000,5000,3555,0.711000,3555,1445,3832,1168,3526,0.991842,0.920146,306,29,1139,335,0.079854,0.024829
102,0.224444,32.664000,2.142215,37.900000,1.895369,0.000000,0.000000,0.695000,0.000000,5000,3475,0.695000,3475,1525,3766,1234,3436,0.988777,0.912374,330,39,1195,369,0.087626,0.031605
103,0.136924,32.194000,2.152744,37.740000,1.865571,0.000000,0.000000,0.700200,0.000000,5000,3501,0.700200,3501,1499,4246,754,3484,0.995144,0.820537,762,17,737,779,0.179463,0.022546
104,0.136206,29.492000,2.187919,35.500000,1.855837,0.000000,0.000000,0.602800,0.000000,5000,3014,0.602800,3014,1986,3782,1218,2981,0.989051,0.788207,801,33,1185,834,0.211793,0.027094
105,0.193990,30.512000,2.213904,38.490000,1.842535,0.000000,0.000000,0.662800,0.000000,5000,3314,0.662800,3314,1686,3994,1006,3257,0.982800,0.815473,737,57,949,794,0.184527,0.056660
106,0.264735,39.132000,1.975650,43.760000,1.714978,0.000000,0.000000,0.764800,0.000000,5000,3824,0.764800,3824,1176,3908,1092,3774,0.986925,0.965711,134,50,1042,184,0.034289,0.045788
107,0.169306,34.904000,2.260220,43.970000,1.850557,0.000000,0.000000,0.786200,0.000000,5000,3931,0.786200,3931,1069,4028,972,3914,0.995675,0.971698,114,17,955,131,0.028302,0.017490
108,0.151128,35.326000,2.119571,42.730000,1.755752,0.000000,0.000000,0.648800,0.000000,5000,3244,0.648800,3244,1756,3866,1134,3213,0.990444,0.831092,653,31,1103,684,0.168908,0.027337
109,0.126996,37.656000,2.044940,47.190000,1.656351,0.000000,0.000000,0.591600,0.000000,5000,2958,0.591600,2958,2042,3866,1134,2933,0.991548,0.758665,933,25,1109,958,0.241335,0.022046
110,0.191648,41.252000,2.017141,47.570000,1.674158,0.000000,0.000000,0.767000,0.000000,5000,3835,0.767000,3835,1165,4168,832,3813,0.994263,0.914827,355,22,810,377,0.085173,0.026442
111,0.208373,39.704000,2.054346,45.850000,1.717633,0.000000,0.000000,0.661800,0.000000,5000,3309,0.661800,3309,1691,3676,1324,3263,0.986099,0.887650,413,46,1278,459,0.112350,0.034743
112,0.147829,29.546000,2.438428,32.750000,2.138898,0.000000,0.000000,0.720000,0.000000,5000,3600,0.720000,3600,1400,3996,1004,3548,0.985556,0.887888,448,52,952,500,0.112112,0.051793
113,0.236352,35.654000,2.176209,46.330000,1.747708,0.000000,0.000000,0.655000,0.000000,5000,3275,0.655000,3275,1725,3934,1066,3223,0.984122,0.819268,711,52,1014,763,0.180732,0.048780
114,0.133503,36.550000,2.186059,42.980000,1.805169,0.000000,0.000000,0.769000,0.000000,5000,3845,0.769000,3845,1155,4202,798,3822,0.994018,0.909567,380,23,775,403,0.090433,0.028822
115,0.173999,39.694000,2.111550,50.010000,1.645415,0.000000,0.000000,0.777600,0.000000,5000,3888,0.777600,3888,1112,4224,776,3875,0.996656,0.917377,349,13,763,362,0.082623,0.016753
116,0.172417,41.326000,2.133096,50.740000,1.721690,0.000000,0.000000,0.710800,0.000000,5000,3554,0.710800,3554,1446,4042,958,3520,0.990433,0.870856,522,34,924,556,0.129144,0.035491
117,0.135758,34.024000,2.389566,43.170000,1.827919,0.000000,0.000000,0.727800,0.000000,5000,3639,0.727800,3639,1361,4060,940,3611,0.992306,0.889409,449,28,912,477,0.110591,0.029787
118,0.157769,28.680000,2.710824,34.230000,2.281221,0.000000,0.000000,0.662400,0.000000,5000,3312,0.662400,3312,1688,3774,1226,3270,0.987319,0.866455,504,42,1184,546,0.133545,0.034258
119,0.248414,37.844000,2.195406,45.490000,1.738341,0.000000,0.000000,0.658400,0.000000,5000,3292,0.658400,3292,1708,3990,1010,3253,0.988153,0.815288,737,39,971,776,0.184712,0.038614
120,0.184731,43.420000,2.062196,50.990000,1.674058,0.000000,0.000000,0.704000,0.000000,5000,3520,0.704000,3520,1480,4018,982,3490,0.991477,0.868591,528,30,952,558,0.131409,0.030550
121,0.159735,43.292000,2.059387,52.090000,1.590638,0.000000,0.000000,0.648600,0.000000,5000,3243,0.648600,3243,1757,3882,1118,3214,0.991058,0.827924,668,29,1089,697,0.172076,0.025939
122,0.194502,29.716000,2.516434,40.180000,1.869317,0.000000,0.000000,0.736600,0.000000,5000,3683,0.736600,3683,1317,4098,902,3643,0.989139,0.888970,455,40,862,495,0.111030,0.044346
123,0.164951,38.630000,2.252692,48.690000,1.715053,0.000000,0.000000,0.638200,0.000000,5000,3191,0.638200,3191,1809,3796,1204,3140,0.984018,0.827187,656,51,1153,707,0.172813,0.042359
124,0.170262,45.360000,2.017740,53.280000,1.596019,0.000000,0.000000,0.685800,0.000000,5000,3429,0.685800,3429,1571,4052,948,3377,0.984835,0.833416,675,52,896,727,0.166584,0.054852
125,0.178258,37.516000,2.321120,45.950000,1.795005,0.000000,0.000000,0.802600,0.000000,5000,4013,0.802600,4013,987,4140,860,3982,0.992275,0.961836,158,31,829,189,0.038164,0.036047
126,0.203423,42.206000,2.161101,53.040000,1.604640,0.000000,0.000000,0.698400,0.000000,5000,3492,0.698400,3492,1508,3964,1036,3447,0.987113,0.869576,517,45,991,562,0.130424,0.043436
127,0.112238,45.582000,2.059219,54.820000,1.592377,0.000000,0.000000,0.688400,0.000000,5000,3442,0.688400,3442,1558,3884,1116,3413,0.991575,0.878733,471,29,1087,500,0.121267,0.025986
128,0.138380,40.854000,2.159219,49.530000,1.677512,0.000000,0.000000,0.559400,0.000000,5000,2797,0.559400,2797,2203,4018,982,2734,0.977476,0.680438,1284,63,919,1347,0.319562,0.064155
129,0.145246,35.006000,2.529804,38.050000,2.179857,0.000000,0.000000,0.744200,0.000000,5000,3721,0.744200,3721,1279,3842,1158,3687,0.990863,0.959656,155,34,1124,189,0.040344,0.029361
130,0.165690,39.558000,2.398692,48.710000,1.857601,0.000000,0.000000,0.694600,0.000000,5000,3473,0.694600,3473,1527,4230,770,3399,0.978693,0.803546,831,74,696,905,0.196454,0.096104
131,0.131685,40.338000,2.235561,46.790000,1.774074,0.000000,0.000000,0.640200,0.000000,5000,3201,0.640200,3201,1799,3956,1044,3153,0.985005,0.797017,803,48,996,851,0.202983,0.045977
132,0.165330,32.042000,2.658318,35.300000,2.257242,0.000000,0.000000,0.648000,0.000000,5000,3240,0.648000,3240,1760,3828,1172,3189,0.984259,0.833072,639,51,1121,690,0.166928,0.043515
133,0.197943,46.026000,2.085061,56.020000,1.553659,0.000000,0.000000,0.749200,0.000000,5000,3746,0.749200,3746,1254,3972,1028,3707,0.989589,0.933283,265,39,989,304,0.066717,0.037938
134,0.158215,40.154000,2.293076,50.670000,1.688209,0.000000,0.000000,0.680600,0.000000,5000,3403,0.680600,3403,1597,3990,1010,3361,0.987658,0.842356,629,42,968,671,0.157644,0.041584
135,0.134286,42.822000,2.166879,46.900000,1.778484,0.000000,0.000000,0.652000,0.000000,5000,3260,0.652000,3260,1740,3966,1034,3224,0.988957,0.812910,742,36,998,778,0.187090,0.034816
136,0.167199,41.546000,2.233815,48.140000,1.761217,0.000000,0.000000,0.698400,0.000000,5000,3492,0.698400,3492,1508,3704,1296,3446,0.986827,0.930346,258,46,1250,304,0.069654,0.035494
137,0.137377,42.428000,2.222995,51.490000,1.701031,0.000000,0.000000,0.771400,0.000000,5000,3857,0.771400,3857,1143,3922,1078,3828,0.992481,0.976033,94,29,1049,123,0.023967,0.026902
138,0.113667,40.520000,2.333638,50.070000,1.719612,0.000000,0.000000,0.705600,0.000000,5000,3528,0.705600,3528,1472,3970,1030,3508,0.994331,0.883627,462,20,1010,482,0.116373,0.019417
139,0.188924,46.524000,2.104211,55.580000,1.571689,0.000000,0.000000,0.670800,0.000000,5000,3354,0.670800,3354,1646,3944,1056,3284,0.979129,0.832657,660,70,986,730,0.167343,0.066288
140,0.118306,43.304000,2.184923,52.430000,1.679173,0.000000,0.000000,0.796600,0.000000,5000,3983,0.796600,3983,1017,4300,700,3966,0.995732,0.922326,334,17,683,351,0.077674,0.024286
141,0.185455,41.514000,2.294580,50.950000,1.729851,0.000000,0.000000,0.602200,0.000000,5000,3011,0.602200,3011,1989,3786,1214,2919,0.969445,0.770998,867,92,1122,959,0.229002,0.075783
142,0.117541,41.416000,2.259166,48.240000,1.791541,0.000000,0.000000,0.694000,0.000000,5000,3470,0.694000,3470,1530,4270,730,3450,0.994236,0.807963,820,20,710,840,0.192037,0.027397
143,0.161425,42.418000,2.277006,50.480000,1.740118,0.000000,0.000000,0.748200,0.000000,5000,3741,0.748200,3741,1259,4342,658,3680,0.983694,0.847536,662,61,597,723,0.152464,0.092705
144,0.118157,32.974000,2.717887,41.710000,2.075755,0.000000,0.000000,0.709200,0.000000,5000,3546,0.709200,3546,1454,3946,1054,3503,0.987874,0.887734,443,43,1011,486,0.112266,0.040797
145,0.146569,36.430000,2.444634,38.870000,2.038202,0.000000,0.000000,0.670600,0.000000,5000,3353,0.670600,3353,1647,3822,1178,3315,0.988667,0.867347,507,38,1140,545,0.132653,0.032258
146,0.152117,45.792000,2.158886,56.670000,1.548334,0.000000,0.000000,0.638800,0.000000,5000,3194,0.638800,3194,1806,3792,1208,3147,0.985285,0.829905,645,47,1161,692,0.170095,0.038907
147,0.165088,38.250000,2.380937,46.250000,1.876806,0.000000,0.000000,0.704600,0.000000,5000,3523,0.704600,3523,1477,4140,860,3457,0.981266,0.835024,683,66,794,749,0.164976,0.076744
148,0.146849,46.580000,2.145686,55.190000,1.600133,0.000000,0.000000,0.621600,0.000000,5000,3108,0.621600,3108,1892,3874,1126,3045,0.979730,0.786009,829,63,1063,892,0.213991,0.055950
149,0.180232,42.114000,2.295930,52.470000,1.720196,0.000000,0.000000,0.762400,0.000000,5000,3812,0.762400,3812,1188,4270,730,3764,0.987408,0.881499,506,48,682,554,0.118501,0.065753
