0, 2.225039, 2.458993, 10.790000
1, 2.102301, 2.214656, 17.340000
2, 2.078417, 2.096476, 22.680000
3, 2.002858, 2.033895, 25.190000
4, 1.998321, 1.981029, 27.810000
5, 2.038683, 1.928941, 30.270000
6, 2.052416, 1.876305, 32.960000
7, 1.992067, 1.852378, 34.780000
8, 1.979695, 1.822646, 36.720000
9, 1.964177, 1.794994, 37.780000
10, 1.948966, 1.763167, 38.890000
11, 1.943435, 1.737944, 39.840000
12, 1.918268, 1.712643, 41.050000
13, 1.946994, 1.689185, 42.560000
14, 1.910166, 1.674639, 42.810000
15, 1.899732, 1.659104, 42.890000
16, 1.880551, 1.640455, 44.770000
17, 1.875486, 1.618258, 44.550000
18, 1.887414, 1.595124, 46.690000
19, 1.828785, 1.591142, 46.090000
20, 1.835649, 1.572278, 47.270000
21, 1.813651, 1.564237, 48.280000
22, 1.813235, 1.554420, 48.450000
23, 1.847844, 1.551816, 48.290000
24, 1.803583, 1.529018, 49.250000
25, 1.772828, 1.510342, 49.930000
26, 1.726466, 1.501685, 50.090000
27, 1.777970, 1.493877, 50.740000
28, 1.629385, 1.485780, 50.650000
29, 1.768497, 1.479523, 51.310000
30, 1.728786, 1.469717, 51.370000
31, 1.697833, 1.466837, 51.780000
32, 1.639489, 1.459941, 51.630000
33, 1.681181, 1.455402, 51.700000
34, 1.685365, 1.451766, 51.440000
35, 1.709846, 1.434601, 52.800000
36, 1.798369, 1.433405, 52.350000
37, 1.708712, 1.431618, 52.730000
38, 1.692006, 1.420141, 52.990000
39, 1.687527, 1.421090, 52.830000
40, 1.636316, 1.404468, 53.590000
41, 1.671205, 1.397333, 53.580000
42, 1.603596, 1.396620, 53.190000
43, 1.641088, 1.397055, 53.340000
44, 1.577781, 1.393390, 53.000000
45, 1.615230, 1.385563, 53.590000
46, 1.643298, 1.379465, 53.560000
47, 1.629792, 1.376948, 53.960000
48, 1.589844, 1.372392, 53.710000
49, 1.639665, 1.372966, 53.460000
50, 1.555260, 1.365224, 53.840000
51, 1.567496, 1.364397, 53.670000
52, 1.608393, 1.360077, 54.190000
53, 1.587945, 1.352254, 54.140000
54, 1.567745, 1.348080, 54.610000
55, 1.544566, 1.345906, 54.430000
56, 1.555201, 1.334670, 54.810000
57, 1.505647, 1.337113, 54.550000
58, 1.584660, 1.333505, 54.830000
59, 1.482853, 1.333152, 54.850000
60, 1.515410, 1.323548, 55.260000
61, 1.414493, 1.328233, 54.900000
62, 1.480118, 1.313668, 55.240000
63, 1.522773, 1.315618, 54.730000
64, 1.424805, 1.306744, 54.670000
65, 1.447472, 1.303731, 55.790000
66, 1.484122, 1.301255, 55.820000
67, 1.480789, 1.295663, 56.010000
68, 1.420031, 1.286497, 56.810000
69, 1.571535, 1.286980, 55.960000
70, 1.466554, 1.279178, 56.190000
71, 1.394243, 1.277137, 57.040000
72, 1.411825, 1.279891, 56.200000
73, 1.367291, 1.272619, 56.840000
74, 1.481473, 1.266640, 56.780000
75, 1.444984, 1.268494, 56.470000
76, 1.376388, 1.260487, 56.600000
77, 1.392177, 1.261668, 57.150000
78, 1.347927, 1.258696, 56.980000
79, 1.425233, 1.259049, 56.920000
80, 1.218407, 1.254794, 57.070000
81, 1.342079, 1.247548, 56.790000
82, 1.390813, 1.238841, 57.360000
83, 1.382901, 1.240450, 57.360000
84, 1.290241, 1.233377, 57.400000
85, 1.362459, 1.230622, 57.260000
86, 1.323059, 1.228870, 57.240000
87, 1.510118, 1.224533, 57.650000
88, 1.268540, 1.223997, 57.490000
89, 1.155619, 1.217551, 57.860000
90, 1.386175, 1.211906, 58.580000
91, 1.174982, 1.212133, 58.110000
92, 1.249521, 1.210555, 58.220000
93, 1.262281, 1.206285, 58.150000
94, 1.404078, 1.214567, 57.450000
95, 1.288928, 1.209168, 57.970000
96, 1.173183, 1.205550, 57.800000
97, 1.229954, 1.202413, 57.840000
98, 1.325756, 1.199686, 57.700000
99, 1.308037, 1.198888, 58.460000
100, 1.301987, 1.194805, 58.380000
101, 1.381953, 1.203548, 58.040000
102, 1.415690, 1.197515, 58.120000
103, 1.350159, 1.195383, 58.410000
104, 1.350502, 1.195864, 57.750000
105, 1.376163, 1.188533, 58.520000
106, 1.235885, 1.198686, 58.440000
107, 1.249293, 1.192726, 57.870000
108, 1.143204, 1.200716, 57.950000
109, 1.225575, 1.188399, 58.130000
110, 1.329573, 1.193501, 58.190000
111, 1.386129, 1.191371, 57.950000
112, 1.213990, 1.187091, 58.530000
113, 1.275991, 1.181520, 58.970000
114, 1.184825, 1.184237, 58.720000
115, 1.225895, 1.187023, 58.550000
116, 1.256867, 1.186375, 58.660000
117, 1.297618, 1.186068, 58.790000
118, 1.119308, 1.212300, 58.500000
119, 1.244209, 1.212388, 58.690000
120, 1.308870, 1.214169, 58.460000
121, 1.270766, 1.217783, 58.630000
122, 1.385122, 1.216164, 57.850000
123, 1.155116, 1.218914, 58.050000
124, 1.276400, 1.212332, 58.110000
125, 1.261411, 1.215768, 58.160000
126, 1.229683, 1.209781, 58.520000
127, 1.315911, 1.214274, 58.180000
128, 1.123653, 1.213006, 58.230000
129, 1.158492, 1.207582, 58.280000
130, 1.259189, 1.212146, 58.250000
131, 1.198456, 1.206379, 58.480000
132, 1.120938, 1.206617, 58.110000
133, 1.297667, 1.205043, 58.440000
134, 1.117340, 1.215535, 58.180000
135, 1.175645, 1.207670, 58.110000
136, 1.254396, 1.213393, 58.150000
137, 0.927665, 1.208277, 58.940000
138, 1.244117, 1.208427, 58.950000
139, 1.290953, 1.199678, 59.560000
140, 1.215015, 1.207425, 58.780000
141, 1.169121, 1.201715, 59.040000
142, 1.284642, 1.191256, 59.360000
143, 1.355860, 1.197240, 59.060000
144, 1.199134, 1.201088, 59.140000
145, 1.085126, 1.202349, 59.110000
146, 1.239539, 1.195179, 59.160000
147, 1.091444, 1.201623, 59.120000
148, 1.204045, 1.193355, 59.220000
149, 1.381449, 1.196308, 59.490000
150, 1.235548, 1.192754, 59.730000
151, 1.175360, 1.163415, 59.640000
152, 1.148327, 1.162414, 59.840000
153, 1.076087, 1.168481, 59.930000
154, 1.220775, 1.170297, 59.340000
155, 1.161526, 1.173899, 59.520000
156, 1.174256, 1.167368, 59.490000
157, 1.200744, 1.164278, 60.200000
158, 1.295499, 1.177103, 59.010000
159, 1.238141, 1.164807, 59.770000
160, 1.283842, 1.163422, 59.380000
161, 1.208481, 1.171451, 59.590000
162, 1.116674, 1.173309, 59.250000
163, 1.178525, 1.170694, 59.400000
164, 1.081243, 1.165796, 60.090000
165, 1.237558, 1.167687, 60.010000
166, 1.221917, 1.168917, 59.960000
167, 1.277650, 1.168427, 59.740000
168, 1.110749, 1.166707, 59.480000
169, 1.095884, 1.157148, 59.540000
170, 1.094392, 1.162584, 59.560000
171, 1.201173, 1.159072, 60.140000
172, 1.142858, 1.158084, 60.080000
173, 1.168616, 1.153201, 60.080000
174, 1.107580, 1.160456, 60.200000
175, 1.241530, 1.156557, 60.020000
176, 1.279041, 1.160613, 60.160000
177, 1.027984, 1.160406, 59.700000
178, 1.128195, 1.159455, 60.000000
179, 1.136023, 1.157972, 60.170000
180, 1.152636, 1.161148, 59.910000
181, 1.137423, 1.155345, 60.260000
182, 1.105702, 1.171943, 60.150000
183, 1.108322, 1.167209, 59.450000
184, 1.081803, 1.158565, 60.340000
185, 1.181056, 1.167548, 59.570000
186, 1.206235, 1.165751, 59.420000
187, 1.145597, 1.159215, 59.790000
188, 1.137782, 1.158396, 60.130000
189, 0.960479, 1.155097, 60.190000
190, 0.971157, 1.154366, 60.400000
191, 1.105079, 1.152494, 60.290000
192, 1.274393, 1.155190, 60.010000
193, 1.195076, 1.151818, 59.910000
194, 1.146391, 1.159131, 60.240000
195, 1.106317, 1.157284, 59.960000
196, 1.181130, 1.156503, 59.700000
197, 1.138765, 1.141105, 61.000000
198, 1.086106, 1.148117, 60.100000
199, 1.124916, 1.148453, 60.580000
200, 1.163682, 1.147412, 60.770000
201, 1.097143, 1.142808, 60.660000
202, 1.153804, 1.152175, 60.360000
203, 1.194081, 1.146119, 61.050000
204, 1.201732, 1.145439, 60.760000
205, 1.089520, 1.146013, 60.560000
206, 1.237027, 1.152392, 60.390000
207, 1.098815, 1.152772, 60.510000
208, 1.108283, 1.151336, 60.010000
209, 1.160740, 1.146216, 60.180000
210, 1.052401, 1.147900, 60.340000
211, 1.127020, 1.147387, 61.220000
212, 1.148721, 1.149790, 60.070000
213, 1.091833, 1.139016, 60.630000
214, 1.093117, 1.141391, 60.710000
215, 1.158942, 1.147640, 60.210000
216, 1.139486, 1.152506, 60.630000
217, 1.088176, 1.138584, 60.470000
218, 1.122305, 1.146430, 60.360000
219, 1.046234, 1.149192, 60.040000
220, 1.115397, 1.150342, 60.320000
221, 0.978189, 1.157112, 59.920000
222, 1.180961, 1.154735, 59.860000
223, 1.231262, 1.152544, 59.770000
224, 1.111194, 1.154000, 59.600000
225, 1.111844, 1.157626, 59.530000
226, 1.094125, 1.152899, 59.800000
227, 1.204025, 1.144674, 60.400000
228, 1.186862, 1.147573, 60.090000
229, 1.189387, 1.149594, 60.420000
230, 1.067003, 1.155103, 60.210000
231, 1.127857, 1.153074, 60.050000
232, 1.059345, 1.147073, 60.510000
233, 1.059881, 1.155108, 60.210000
234, 1.070239, 1.144451, 60.050000
235, 1.191775, 1.148941, 59.770000
236, 1.044605, 1.145911, 60.530000
237, 1.122661, 1.145897, 60.350000
238, 1.116643, 1.154746, 60.090000
239, 1.022640, 1.145460, 60.220000
240, 1.175322, 1.145781, 60.050000
241, 1.084468, 1.145631, 60.030000
242, 1.171968, 1.143159, 60.070000
243, 1.048730, 1.136921, 60.650000
244, 1.105150, 1.145025, 60.540000
245, 1.100510, 1.143136, 60.070000
246, 1.043201, 1.140694, 60.360000
247, 1.132435, 1.138272, 60.570000
248, 1.062777, 1.142161, 60.380000
249, 1.186737, 1.147254, 60.010000
250, 0.978251, 1.142455, 60.500000
251, 1.041933, 1.139130, 60.200000
252, 1.079519, 1.141425, 60.570000
253, 1.129315, 1.133466, 60.750000
254, 1.040486, 1.138030, 60.740000
255, 0.976758, 1.131523, 60.980000
256, 0.944005, 1.131880, 60.760000
257, 1.048245, 1.134696, 60.710000
258, 1.096950, 1.128542, 61.250000
259, 1.123962, 1.132653, 60.900000
260, 1.031653, 1.143109, 60.480000
261, 1.074594, 1.138917, 60.380000
262, 1.191563, 1.133805, 61.110000
263, 1.068918, 1.140484, 60.570000
264, 1.140848, 1.134547, 61.070000
265, 1.128071, 1.137764, 60.730000
266, 0.967637, 1.142573, 60.750000
267, 1.029420, 1.136594, 60.680000
268, 1.062647, 1.138522, 60.560000
269, 1.124027, 1.147529, 60.100000
270, 1.083327, 1.144784, 59.860000
271, 1.148905, 1.148701, 60.250000
272, 1.063972, 1.154872, 59.980000
273, 1.030037, 1.143534, 60.500000
274, 1.087308, 1.144987, 60.420000
275, 1.113630, 1.147395, 60.510000
276, 0.961647, 1.139037, 60.440000
277, 1.190928, 1.141521, 60.530000
278, 1.060128, 1.139409, 60.510000
279, 0.923664, 1.143321, 60.330000
280, 1.030623, 1.140418, 60.740000
281, 1.022915, 1.141337, 60.260000
282, 1.087396, 1.143572, 60.060000
283, 1.069660, 1.141236, 60.480000
284, 1.096535, 1.137888, 60.240000
285, 1.066668, 1.139852, 60.390000
286, 0.954643, 1.145772, 59.980000
287, 1.067087, 1.138953, 60.780000
288, 1.114536, 1.143355, 60.280000
289, 1.031115, 1.143610, 60.140000
290, 1.025863, 1.141279, 60.750000
291, 0.976899, 1.144066, 59.890000
292, 1.108745, 1.140242, 60.900000
293, 0.932535, 1.136008, 61.160000
294, 0.957318, 1.142806, 60.330000
295, 1.021177, 1.134538, 60.770000
296, 1.049628, 1.143867, 60.560000
297, 0.942133, 1.134297, 60.980000
298, 1.194346, 1.144464, 60.590000
299, 1.095374, 1.139838, 60.400000
300, 1.018236, 1.137864, 60.400000
301, 1.050876, 1.144539, 60.530000
302, 1.042588, 1.132977, 61.170000
303, 1.042455, 1.134755, 60.930000
304, 1.068073, 1.132374, 60.940000
305, 1.072938, 1.139324, 60.880000
306, 1.040029, 1.137861, 60.930000
307, 1.087355, 1.144465, 60.530000
308, 1.002666, 1.137358, 60.210000
309, 0.910614, 1.144202, 60.430000
310, 1.056776, 1.141416, 61.000000
311, 1.041438, 1.132608, 60.470000
312, 1.060211, 1.136929, 60.650000
313, 1.060398, 1.136761, 60.850000
314, 0.928067, 1.133152, 60.520000
315, 1.119888, 1.129819, 60.770000
316, 1.026428, 1.137166, 60.480000
317, 0.976570, 1.135954, 60.500000
318, 1.048202, 1.138794, 59.820000
319, 1.058953, 1.138179, 60.570000
320, 0.961205, 1.137052, 60.350000
321, 1.012462, 1.140532, 60.590000
322, 0.931949, 1.136653, 60.210000
323, 1.008910, 1.134599, 60.620000
324, 0.955602, 1.134822, 60.500000
325, 0.980724, 1.137015, 60.440000
326, 1.001819, 1.127789, 60.480000
327, 1.121618, 1.136110, 60.420000
328, 0.909169, 1.133633, 60.560000
329, 0.987083, 1.131690, 60.590000
330, 1.065363, 1.134627, 60.550000
