0, 1.395319, 2.334966, 15.310000
1, 1.318872, 2.127593, 22.270000
2, 1.499847, 1.956510, 27.620000
3, 1.342897, 1.823823, 32.890000
4, 1.215426, 1.712497, 37.260000
5, 1.339443, 1.621826, 40.780000
6, 1.388652, 1.493966, 45.840000
7, 1.351061, 1.434532, 48.380000
8, 1.317893, 1.366930, 50.650000
9, 1.286991, 1.298188, 53.180000
10, 1.199139, 1.227386, 56.590000
11, 1.333182, 1.130558, 60.240000
12, 1.289716, 1.101920, 61.310000
13, 1.207064, 1.041697, 64.470000
14, 1.205582, 1.012064, 65.710000
15, 1.242102, 0.979910, 67.120000
16, 1.299884, 0.966063, 67.830000
17, 1.225655, 0.904551, 70.670000
18, 1.279143, 0.843913, 73.590000
19, 1.178465, 0.829483, 74.500000
20, 1.120971, 0.822137, 74.700000
21, 1.201962, 0.799027, 75.700000
22, 1.222764, 0.774517, 76.550000
23, 1.165135, 0.749760, 77.490000
24, 1.171518, 0.718490, 78.890000
25, 1.190176, 0.716182, 78.880000
26, 1.234680, 0.698914, 79.930000
27, 1.121555, 0.696643, 79.810000
28, 1.067136, 0.685649, 80.240000
29, 1.184559, 0.684309, 80.240000
30, 1.040437, 0.680993, 79.840000
31, 1.119287, 0.679157, 80.590000
32, 1.122098, 0.671651, 81.000000
33, 1.146548, 0.672111, 80.640000
34, 0.993536, 0.670697, 80.740000
35, 1.176379, 0.645119, 81.540000
36, 1.188471, 0.640360, 81.690000
37, 1.055274, 0.638729, 81.760000
38, 1.081932, 0.638732, 82.210000
39, 1.177918, 0.632871, 82.050000
40, 1.103225, 0.617575, 82.650000
41, 1.166334, 0.612748, 83.170000
42, 1.219931, 0.611787, 82.670000
43, 1.143802, 0.603919, 83.050000
44, 1.087144, 0.600926, 82.740000
45, 1.109916, 0.593880, 83.050000
46, 1.113435, 0.599751, 83.590000
47, 1.070396, 0.599380, 83.340000
48, 1.160503, 0.594090, 83.390000
49, 1.167290, 0.594492, 83.520000
50, 1.112314, 0.584630, 84.050000
51, 1.060862, 0.584645, 84.090000
52, 1.137115, 0.583302, 84.470000
53, 1.104994, 0.578208, 83.920000
54, 1.063546, 0.576900, 83.820000
55, 1.019590, 0.570509, 84.420000
56, 1.205783, 0.570715, 84.270000
57, 1.126868, 0.568621, 84.970000
58, 1.124300, 0.568390, 84.770000
59, 1.027271, 0.567161, 84.620000
60, 1.141138, 0.568027, 84.630000
61, 1.010114, 0.567749, 84.300000
62, 0.952497, 0.569152, 84.790000
63, 1.046707, 0.570090, 84.790000
64, 0.990176, 0.564744, 84.990000
65, 0.998075, 0.570397, 84.860000
66, 1.129080, 0.574072, 84.700000
67, 1.071587, 0.562204, 85.360000
68, 1.079888, 0.561199, 85.390000
69, 1.157000, 0.557881, 85.510000
70, 1.131149, 0.558612, 85.290000
71, 0.979512, 0.553309, 85.310000
72, 1.089080, 0.550423, 85.640000
73, 0.977871, 0.553068, 85.130000
74, 1.165760, 0.545117, 85.830000
75, 1.091130, 0.544512, 85.940000
76, 1.021975, 0.545696, 85.510000
77, 1.049455, 0.546680, 85.760000
78, 1.050985, 0.546020, 85.830000
79, 1.148583, 0.544053, 85.920000
80, 1.108924, 0.548453, 85.710000
81, 1.090856, 0.546152, 85.530000
82, 1.096799, 0.541300, 86.110000
83, 1.109293, 0.542823, 85.570000
84, 1.073470, 0.539705, 85.720000
85, 1.073882, 0.542316, 85.780000
86, 1.145099, 0.538418, 86.120000
87, 1.104128, 0.545710, 85.690000
88, 1.067351, 0.543391, 85.810000
89, 1.097808, 0.543941, 85.870000
90, 0.961185, 0.540866, 85.780000
91, 1.036334, 0.541824, 85.810000
92, 1.039495, 0.540531, 85.570000
93, 1.055647, 0.537746, 86.120000
94, 1.038244, 0.532479, 86.110000
95, 1.047161, 0.536095, 85.910000
96, 1.061005, 0.533824, 86.160000
97, 1.073276, 0.537177, 86.040000
98, 1.045978, 0.535638, 85.950000
99, 1.115898, 0.541152, 86.140000
100, 1.060128, 0.540821, 86.030000
101, 1.028997, 0.533316, 86.120000
102, 1.070936, 0.533160, 86.080000
103, 1.018907, 0.535004, 86.260000
104, 1.076271, 0.531625, 86.230000
105, 0.986162, 0.527212, 86.140000
106, 1.087356, 0.526590, 86.440000
107, 1.113036, 0.524406, 86.460000
108, 1.115640, 0.525606, 86.140000
109, 1.018103, 0.527968, 86.620000
110, 1.091033, 0.530994, 86.360000
111, 1.049303, 0.528522, 86.260000
112, 1.013231, 0.531190, 86.240000
113, 1.065330, 0.534991, 86.530000
114, 1.062583, 0.531974, 86.430000
115, 1.026072, 0.533664, 86.140000
116, 1.037317, 0.533434, 86.370000
117, 1.020521, 0.533526, 86.490000
118, 1.126046, 0.531907, 86.540000
119, 1.117062, 0.533383, 86.380000
120, 1.103131, 0.531598, 86.790000
121, 1.110486, 0.531439, 86.580000
122, 1.062746, 0.531134, 86.900000
123, 1.018770, 0.527572, 86.960000
124, 1.010246, 0.528604, 87.220000
125, 1.034909, 0.523995, 86.920000
126, 1.093706, 0.521652, 87.170000
127, 1.078992, 0.522951, 87.040000
128, 1.042946, 0.522919, 87.080000
129, 1.026007, 0.525710, 87.020000
130, 0.997478, 0.522920, 87.070000
131, 1.079740, 0.520061, 86.940000
132, 1.031101, 0.522538, 87.020000
133, 0.978927, 0.524162, 86.860000
134, 1.089329, 0.523081, 86.890000
135, 1.045817, 0.517022, 87.300000
136, 1.011490, 0.516490, 86.970000
137, 1.041686, 0.517299, 87.400000
138, 1.055963, 0.518490, 86.990000
139, 0.967442, 0.517022, 87.080000
140, 0.987809, 0.518019, 87.070000
141, 1.079046, 0.519643, 87.180000
142, 1.029785, 0.519891, 87.480000
143, 1.062206, 0.518909, 87.290000
144, 1.063031, 0.525036, 87.450000
145, 1.076860, 0.517496, 87.350000
146, 1.051356, 0.515332, 87.270000
147, 1.024010, 0.510407, 87.520000
148, 0.988537, 0.513940, 87.360000
149, 0.912344, 0.512297, 87.710000
150, 0.978476, 0.516401, 87.230000
151, 0.938209, 0.511629, 87.730000
152, 0.974274, 0.512090, 87.510000
153, 0.993664, 0.509990, 87.540000
154, 1.026865, 0.507824, 87.480000
155, 0.967468, 0.508041, 87.770000
156, 1.080524, 0.505518, 87.440000
157, 0.972828, 0.502000, 87.720000
158, 1.061298, 0.506223, 87.680000
159, 1.022205, 0.509192, 87.590000
160, 1.031417, 0.509166, 87.370000
161, 1.019155, 0.505751, 88.230000
162, 1.055315, 0.509759, 87.280000
163, 1.007550, 0.515462, 87.490000
164, 0.939600, 0.510129, 87.740000
165, 1.025634, 0.510121, 87.790000
166, 0.991180, 0.504555, 87.880000
167, 0.971730, 0.507207, 87.780000
168, 1.035147, 0.500493, 88.260000
169, 1.024926, 0.503491, 87.890000
170, 1.028013, 0.507640, 87.720000
171, 1.088238, 0.503397, 88.030000
172, 1.018135, 0.504052, 88.060000
173, 1.091195, 0.504620, 87.810000
174, 0.962058, 0.503496, 88.270000
175, 0.973843, 0.502993, 88.140000
176, 0.993393, 0.507135, 87.960000
177, 1.064709, 0.506124, 87.970000
178, 1.013406, 0.505402, 87.830000
179, 1.030346, 0.506352, 87.790000
180, 0.992153, 0.502415, 87.800000
181, 0.989623, 0.499573, 88.410000
182, 0.959030, 0.499628, 88.020000
183, 1.013194, 0.500834, 87.920000
184, 1.011148, 0.501292, 87.900000
185, 1.005150, 0.500462, 88.080000
186, 0.909915, 0.494590, 88.490000
187, 1.024773, 0.494088, 88.210000
188, 1.033328, 0.491080, 88.350000
189, 1.021166, 0.491901, 88.320000
190, 0.956871, 0.496743, 88.120000
191, 0.996889, 0.497997, 87.570000
192, 1.055792, 0.497122, 87.940000
193, 1.022579, 0.493935, 88.090000
194, 1.019807, 0.499421, 87.830000
195, 0.975106, 0.499705, 88.050000
196, 1.036370, 0.502302, 87.870000
197, 0.939060, 0.499507, 88.140000
198, 1.012308, 0.497862, 88.060000
199, 1.044011, 0.500407, 87.940000
200, 0.988892, 0.496527, 88.500000
201, 1.011519, 0.498108, 87.970000
202, 0.999506, 0.498888, 87.910000
203, 0.967514, 0.494621, 88.200000
204, 1.000516, 0.494540, 87.960000
205, 1.003696, 0.500820, 88.200000
206, 0.993650, 0.497839, 88.140000
207, 1.020866, 0.488752, 88.480000
208, 1.015505, 0.489266, 88.450000
209, 0.964305, 0.493343, 88.200000
210, 0.963712, 0.493966, 87.910000
211, 1.056872, 0.494164, 88.170000
212, 1.079717, 0.491662, 88.360000
213, 0.987834, 0.493143, 88.500000
214, 1.014021, 0.492289, 88.200000
215, 0.999621, 0.494500, 87.870000
216, 0.906530, 0.491277, 88.560000
217, 0.998399, 0.494225, 88.260000
218, 0.995146, 0.496630, 88.060000
219, 0.977391, 0.492185, 88.430000
220, 0.994970, 0.495381, 88.140000
221, 0.993533, 0.495841, 88.320000
222, 0.890129, 0.496805, 88.590000
223, 0.980122, 0.495634, 88.090000
224, 1.025784, 0.496946, 88.300000
225, 0.978781, 0.497196, 88.050000
226, 0.955679, 0.499587, 88.130000
227, 0.925568, 0.500157, 88.360000
228, 0.994514, 0.494873, 88.160000
229, 1.035181, 0.496867, 88.240000
230, 0.907113, 0.498538, 87.980000
231, 0.959559, 0.498918, 88.340000
232, 0.939129, 0.500068, 88.230000
233, 0.968580, 0.496566, 88.460000
234, 0.999519, 0.497540, 88.620000
235, 1.014667, 0.497953, 88.590000
236, 0.975414, 0.498886, 88.270000
237, 0.936127, 0.495521, 88.510000
238, 1.037104, 0.495227, 88.410000
239, 0.969930, 0.495529, 88.190000
240, 0.938474, 0.494614, 88.360000
241, 0.908383, 0.493097, 88.110000
242, 1.058047, 0.491705, 88.590000
243, 1.005588, 0.495708, 88.270000
244, 1.018827, 0.493693, 88.800000
245, 0.915929, 0.498234, 88.560000
246, 0.966675, 0.491650, 88.570000
247, 0.990645, 0.488982, 88.570000
248, 0.991612, 0.494589, 88.490000
249, 1.001830, 0.488337, 88.870000
250, 0.957307, 0.489509, 88.650000
251, 0.936804, 0.488875, 88.780000
252, 0.960529, 0.489927, 88.560000
253, 0.948622, 0.490959, 88.580000
254, 0.954594, 0.490875, 88.420000
255, 1.056227, 0.489197, 88.440000
256, 0.929365, 0.484428, 88.970000
257, 1.046090, 0.485953, 89.220000
258, 1.001260, 0.487746, 88.700000
259, 0.939691, 0.489178, 88.540000
260, 1.014025, 0.489103, 88.520000
261, 1.027581, 0.486697, 88.690000
262, 0.965038, 0.488718, 88.540000
263, 0.919664, 0.488540, 88.720000
264, 0.978254, 0.486892, 88.900000
265, 0.889504, 0.494504, 88.330000
266, 0.882584, 0.491987, 88.710000
267, 0.992838, 0.489423, 88.580000
268, 0.912415, 0.486273, 88.670000
269, 0.959583, 0.489184, 88.610000
270, 0.912502, 0.495004, 88.310000
271, 0.938080, 0.490295, 88.420000
272, 0.867791, 0.487537, 88.580000
273, 0.985727, 0.485448, 88.550000
274, 0.920968, 0.485770, 88.730000
275, 0.940335, 0.484853, 88.450000
276, 1.029288, 0.491100, 88.140000
277, 1.000513, 0.490722, 88.460000
278, 1.016937, 0.488888, 88.560000
279, 0.945041, 0.484885, 88.350000
280, 1.019011, 0.488028, 88.340000
281, 0.936437, 0.485442, 88.410000
282, 0.962749, 0.485440, 88.620000
283, 0.912576, 0.491927, 88.350000
284, 0.999449, 0.492652, 88.110000
285, 1.003932, 0.490655, 88.260000
286, 0.919937, 0.491083, 88.540000
287, 1.029738, 0.489868, 88.400000
288, 1.017825, 0.489929, 88.500000
289, 0.889921, 0.488023, 87.990000
290, 0.942131, 0.487581, 88.210000
291, 0.984765, 0.486405, 88.530000
292, 0.972400, 0.485483, 88.340000
293, 1.004886, 0.486383, 88.370000
294, 0.945297, 0.486052, 88.650000
295, 0.921757, 0.483559, 88.810000
296, 0.996661, 0.485251, 88.540000
297, 0.935546, 0.485595, 88.840000
298, 0.880606, 0.487231, 88.450000
299, 0.918396, 0.488296, 88.420000
300, 0.940397, 0.486400, 88.500000
301, 1.000850, 0.483954, 88.840000
302, 0.909204, 0.488698, 88.450000
303, 1.002296, 0.484152, 88.710000
304, 1.017469, 0.489006, 88.260000
305, 0.919266, 0.483455, 88.700000
306, 0.938115, 0.481073, 88.450000
307, 0.963286, 0.483164, 88.440000
308, 0.941292, 0.481984, 88.920000
309, 0.957975, 0.486442, 88.310000
310, 0.898032, 0.483481, 88.590000
311, 0.899928, 0.484277, 88.180000
312, 0.948791, 0.483036, 88.620000
313, 0.981340, 0.485362, 88.620000
314, 0.929739, 0.483895, 88.290000
315, 0.913105, 0.485067, 88.500000
316, 0.947880, 0.483196, 88.500000
317, 0.890129, 0.483866, 88.450000
318, 0.934468, 0.481251, 88.550000
319, 0.935880, 0.479749, 88.720000
320, 0.902764, 0.486497, 88.440000
321, 0.958255, 0.480781, 88.830000
322, 0.965690, 0.482338, 88.820000
323, 0.888153, 0.478615, 89.400000
324, 0.885946, 0.483406, 89.080000
325, 0.983257, 0.479682, 88.810000
326, 0.975511, 0.483810, 88.850000
327, 0.900773, 0.479405, 88.890000
328, 0.891399, 0.479842, 88.740000
329, 0.949132, 0.484919, 88.550000
330, 0.959289, 0.486804, 88.490000
331, 0.948922, 0.487198, 88.870000
332, 0.962266, 0.482549, 88.780000
333, 0.938060, 0.482000, 88.760000
334, 0.951384, 0.481006, 89.000000
335, 0.875012, 0.481600, 88.940000
336, 0.849177, 0.482044, 88.660000
337, 0.947784, 0.479856, 88.980000
338, 0.915371, 0.478983, 88.770000
339, 0.912077, 0.477943, 88.640000
340, 0.859699, 0.474121, 89.220000
341, 0.914629, 0.483315, 88.630000
342, 0.946568, 0.479509, 88.970000
343, 0.909555, 0.478517, 88.740000
344, 0.912434, 0.478594, 88.430000
345, 0.969634, 0.478732, 88.540000
346, 0.832413, 0.473250, 89.070000
347, 0.846200, 0.481020, 88.590000
348, 0.905045, 0.482294, 88.410000
349, 0.896533, 0.483519, 88.650000
350, 0.934465, 0.478240, 88.910000
351, 0.848969, 0.478177, 88.660000
352, 0.909760, 0.482429, 88.570000
353, 0.917116, 0.477900, 88.670000
354, 0.922351, 0.481862, 88.620000
355, 0.965704, 0.483306, 89.040000
356, 0.880376, 0.481780, 88.960000
357, 0.983329, 0.478229, 88.830000
358, 0.899742, 0.479400, 88.710000
359, 0.925809, 0.478493, 88.690000
360, 0.899462, 0.477533, 88.640000
361, 0.907543, 0.478350, 88.710000
362, 0.939405, 0.477630, 89.100000
363, 0.964664, 0.478674, 88.860000
364, 0.969012, 0.480053, 88.740000
365, 0.944409, 0.481845, 88.780000
366, 0.949969, 0.481823, 88.590000
367, 0.943161, 0.483002, 88.640000
368, 0.906365, 0.481741, 88.530000
369, 0.893613, 0.478680, 88.740000
370, 0.850922, 0.485011, 88.810000
371, 0.980913, 0.477620, 88.980000
372, 0.933193, 0.479416, 88.770000
373, 0.866466, 0.483092, 88.570000
374, 0.897089, 0.477589, 89.040000
375, 0.908183, 0.482594, 88.930000
376, 0.875791, 0.476980, 89.280000
377, 0.931420, 0.481803, 88.810000
378, 0.896614, 0.473005, 88.970000
379, 0.947484, 0.475725, 89.110000
380, 0.949100, 0.473113, 89.010000
381, 0.888382, 0.473811, 89.090000
382, 0.921978, 0.474623, 88.950000
383, 0.909768, 0.471009, 89.370000
384, 0.875541, 0.469777, 89.220000
385, 0.939098, 0.472526, 89.250000
386, 0.940112, 0.476296, 88.800000
387, 0.908685, 0.470307, 89.040000
388, 0.875797, 0.477438, 88.910000
389, 0.891266, 0.478689, 89.100000
390, 0.898793, 0.482069, 88.760000
391, 0.911756, 0.481118, 88.890000
392, 0.927738, 0.480726, 88.730000
393, 0.874689, 0.481698, 89.070000
394, 0.890212, 0.484860, 88.750000
395, 0.977557, 0.481689, 89.080000
396, 0.871528, 0.479569, 89.070000
397, 0.932528, 0.476524, 89.330000
398, 0.876961, 0.480547, 89.160000
399, 0.904085, 0.480811, 89.110000
400, 0.866361, 0.480828, 89.230000
401, 0.941755, 0.483006, 88.790000
402, 0.897057, 0.477640, 88.940000
403, 0.857508, 0.478873, 88.940000
404, 0.946888, 0.483397, 88.940000
405, 0.859521, 0.477590, 89.070000
406, 0.912882, 0.478273, 88.960000
407, 0.952840, 0.477900, 89.100000
408, 0.908481, 0.476397, 89.160000
409, 0.895747, 0.477008, 89.110000
410, 0.950568, 0.482445, 88.890000
411, 0.871066, 0.482400, 88.790000
412, 0.892841, 0.481855, 88.780000
413, 0.925735, 0.478138, 89.160000
414, 0.928476, 0.486218, 88.680000
415, 0.887698, 0.477495, 88.950000
416, 0.941479, 0.476820, 88.950000
417, 0.879371, 0.481209, 88.620000
418, 0.845475, 0.475157, 88.960000
419, 0.920085, 0.475103, 88.690000
420, 0.954218, 0.480265, 88.720000
421, 0.882982, 0.474379, 88.980000
422, 0.854170, 0.472677, 88.940000
423, 0.887800, 0.477266, 88.810000
424, 0.890925, 0.478457, 89.060000
425, 0.844045, 0.478557, 88.710000
426, 0.920798, 0.480624, 89.170000
427, 0.889145, 0.476316, 89.110000
428, 0.803828, 0.476335, 89.080000
429, 0.952654, 0.479687, 89.170000
430, 0.871175, 0.479880, 88.880000
431, 0.885000, 0.482118, 88.670000
432, 0.827519, 0.479585, 89.120000
433, 0.864326, 0.484205, 88.930000
434, 0.889537, 0.480901, 89.100000
435, 0.848587, 0.478894, 88.990000
436, 0.909341, 0.479528, 89.020000
437, 0.852002, 0.475673, 89.300000
438, 0.857345, 0.474885, 89.200000
439, 0.798371, 0.475137, 89.110000
440, 0.876654, 0.475192, 89.170000
441, 0.919381, 0.477051, 88.820000
442, 0.860947, 0.479166, 88.660000
443, 0.902694, 0.478204, 89.310000
444, 0.865376, 0.476319, 89.170000
445, 0.839800, 0.474017, 89.130000
446, 0.863619, 0.473354, 89.340000
447, 0.939323, 0.472165, 89.250000
448, 0.862452, 0.477787, 89.040000
449, 0.878254, 0.472106, 89.250000
450, 0.920317, 0.473391, 89.280000
451, 0.862069, 0.473410, 88.810000
452, 0.884519, 0.473963, 89.050000
453, 0.863855, 0.475907, 88.930000
454, 0.951446, 0.478699, 89.090000
455, 0.908938, 0.475878, 89.020000
456, 0.871619, 0.477484, 89.080000
457, 0.868891, 0.475843, 88.970000
458, 0.832177, 0.477523, 88.930000
459, 0.876269, 0.476191, 88.880000
460, 0.849240, 0.477042, 88.750000
461, 0.822662, 0.473155, 89.150000
462, 0.830789, 0.477315, 88.950000
463, 0.849389, 0.483524, 88.810000
464, 0.914623, 0.481382, 88.790000
465, 0.927789, 0.480135, 88.900000
466, 0.893253, 0.480829, 88.830000
467, 0.862968, 0.478753, 88.890000
468, 0.904390, 0.481781, 88.700000
469, 0.892121, 0.481776, 88.820000
470, 0.835039, 0.477050, 88.730000
471, 0.924971, 0.474729, 89.010000
472, 0.919998, 0.476174, 88.740000
473, 0.854465, 0.475392, 89.140000
474, 0.869410, 0.478646, 88.850000
475, 0.890414, 0.468422, 89.350000
476, 0.829495, 0.471494, 88.800000
477, 0.850044, 0.473457, 88.900000
478, 0.897851, 0.469739, 88.870000
479, 0.846141, 0.471878, 89.090000
480, 0.887416, 0.475888, 88.920000
481, 0.887792, 0.474451, 88.880000
482, 0.794636, 0.474534, 89.000000
483, 0.925189, 0.477671, 88.820000
484, 0.892275, 0.477463, 88.780000
485, 0.784434, 0.476449, 88.950000
486, 0.935931, 0.474576, 89.230000
487, 0.849587, 0.474744, 89.090000
488, 0.909405, 0.475745, 88.910000
489, 0.858524, 0.478181, 89.180000
490, 0.894689, 0.479171, 88.600000
491, 0.851985, 0.473904, 89.050000
492, 0.880228, 0.474897, 89.080000
493, 0.839014, 0.475930, 88.920000
494, 0.877811, 0.474352, 89.180000
495, 0.846724, 0.471393, 89.170000
496, 0.885968, 0.469553, 89.180000
497, 0.874745, 0.473297, 88.970000
498, 0.899810, 0.468456, 89.280000
499, 0.895271, 0.466019, 89.590000
