0, 1.139296, 2.392307, 13.870000
1, 1.025444, 2.221393, 19.950000
2, 1.196571, 2.080308, 25.350000
3, 1.081774, 1.964174, 30.080000
4, 1.015730, 1.878913, 33.180000
5, 1.088359, 1.824586, 35.560000
6, 1.138890, 1.733192, 40.270000
7, 1.101332, 1.670238, 42.770000
8, 1.008426, 1.635076, 44.920000
9, 0.951907, 1.572374, 47.230000
10, 0.931641, 1.504068, 50.850000
11, 0.986639, 1.428312, 53.750000
12, 1.014867, 1.392930, 56.050000
13, 0.902973, 1.347706, 58.620000
14, 0.919575, 1.328004, 59.060000
15, 0.953772, 1.312925, 59.960000
16, 0.949128, 1.298306, 60.730000
17, 0.859778, 1.261966, 62.790000
18, 0.914780, 1.234874, 64.790000
19, 0.833619, 1.220598, 65.550000
20, 0.789190, 1.224050, 65.240000
21, 0.847539, 1.213429, 65.800000
22, 0.887995, 1.198292, 67.120000
23, 0.815008, 1.191003, 67.850000
24, 0.805332, 1.168587, 69.090000
25, 0.792173, 1.169547, 69.250000
26, 0.809210, 1.159069, 69.940000
27, 0.726361, 1.166462, 69.820000
28, 0.665918, 1.167584, 69.880000
29, 0.779381, 1.166575, 69.930000
30, 0.667035, 1.165916, 69.900000
31, 0.702159, 1.161726, 70.060000
32, 0.675991, 1.165091, 70.350000
33, 0.706006, 1.171698, 70.220000
34, 0.599501, 1.168938, 70.460000
35, 0.709935, 1.168222, 70.870000
36, 0.718585, 1.181420, 70.810000
37, 0.621118, 1.172034, 71.240000
38, 0.631253, 1.183413, 70.830000
39, 0.715711, 1.183294, 70.960000
40, 0.567502, 1.177205, 71.810000
41, 0.649587, 1.181546, 71.640000
42, 0.700762, 1.186992, 71.480000
43, 0.608766, 1.194742, 71.940000
44, 0.546829, 1.198250, 71.510000
45, 0.578070, 1.204486, 71.770000
46, 0.594318, 1.201890, 71.720000
47, 0.585971, 1.201511, 71.770000
48, 0.589056, 1.214283, 71.750000
49, 0.605124, 1.219364, 71.880000
50, 0.539932, 1.220402, 71.920000
51, 0.489545, 1.212980, 72.170000
52, 0.576233, 1.224138, 71.770000
53, 0.559260, 1.227024, 72.090000
54, 0.500570, 1.234267, 71.820000
55, 0.452514, 1.241339, 71.990000
56, 0.566384, 1.243572, 72.250000
57, 0.463601, 1.248759, 72.060000
58, 0.528026, 1.254475, 71.760000
59, 0.421444, 1.257120, 72.180000
60, 0.514044, 1.261775, 72.290000
61, 0.421232, 1.265794, 72.300000
62, 0.410144, 1.268547, 72.280000
63, 0.429146, 1.274042, 72.380000
64, 0.361848, 1.289301, 72.400000
65, 0.364919, 1.294312, 72.450000
66, 0.426538, 1.300502, 71.950000
67, 0.392023, 1.304597, 72.140000
68, 0.440953, 1.312639, 72.340000
69, 0.452634, 1.321609, 72.360000
70, 0.451124, 1.328383, 72.420000
71, 0.295931, 1.330117, 72.490000
72, 0.357945, 1.339054, 72.470000
73, 0.297983, 1.341077, 72.750000
74, 0.430458, 1.353950, 72.490000
75, 0.380431, 1.355716, 72.560000
76, 0.316821, 1.366377, 72.650000
77, 0.407622, 1.371997, 72.400000
78, 0.323608, 1.365070, 72.860000
79, 0.392401, 1.375895, 72.440000
80, 0.109020, 1.403138, 72.730000
81, 0.112397, 1.435087, 73.010000
82, 0.145546, 1.471822, 72.850000
83, 0.133743, 1.494764, 73.000000
84, 0.128523, 1.514932, 73.240000
85, 0.147136, 1.535286, 73.340000
86, 0.132773, 1.552628, 73.260000
87, 0.099776, 1.573667, 73.090000
88, 0.153545, 1.589110, 73.100000
89, 0.101830, 1.605351, 73.540000
90, 0.187303, 1.625322, 73.540000
91, 0.183854, 1.635127, 73.460000
92, 0.104285, 1.642438, 73.290000
93, 0.186675, 1.665757, 73.310000
94, 0.195109, 1.681725, 73.670000
95, 0.124954, 1.702000, 73.300000
96, 0.203458, 1.703543, 73.720000
97, 0.147094, 1.717392, 73.440000
98, 0.151065, 1.720540, 73.570000
99, 0.132832, 1.734522, 73.700000
100, 0.138662, 1.743255, 73.710000
101, 0.101632, 1.755659, 73.890000
102, 0.230329, 1.768851, 73.610000
103, 0.178472, 1.765046, 73.890000
104, 0.167921, 1.767691, 73.800000
105, 0.186865, 1.783111, 73.770000
106, 0.138114, 1.782764, 74.220000
107, 0.135398, 1.798671, 73.620000
108, 0.089694, 1.794591, 73.770000
109, 0.141103, 1.810336, 73.820000
110, 0.179182, 1.815407, 73.750000
111, 0.168362, 1.825383, 73.900000
112, 0.109233, 1.821992, 74.040000
113, 0.156131, 1.827420, 74.050000
114, 0.140548, 1.832903, 73.760000
115, 0.100467, 1.837830, 73.890000
116, 0.126939, 1.845309, 74.090000
117, 0.120611, 1.850477, 73.930000
118, 0.113405, 1.862580, 73.970000
119, 0.115093, 1.868135, 74.180000
120, 0.145171, 1.873211, 74.000000
121, 0.114887, 1.869913, 74.360000
122, 0.129679, 1.882244, 74.170000
123, 0.068378, 1.885055, 73.900000
124, 0.140636, 1.886402, 73.800000
125, 0.089455, 1.878243, 74.250000
126, 0.153582, 1.882834, 74.100000
127, 0.133973, 1.880664, 74.760000
128, 0.129276, 1.890269, 74.390000
129, 0.181667, 1.894697, 74.170000
130, 0.116016, 1.899920, 74.500000
131, 0.140829, 1.898655, 74.250000
132, 0.166574, 1.903198, 74.290000
133, 0.128170, 1.913042, 74.350000
134, 0.220895, 1.914323, 74.630000
135, 0.144390, 1.915050, 74.290000
136, 0.078760, 1.921636, 74.430000
137, 0.098272, 1.924816, 74.570000
138, 0.134522, 1.940077, 74.430000
139, 0.111144, 1.945752, 74.200000
140, 0.163846, 1.945932, 74.590000
141, 0.139449, 1.941414, 74.750000
142, 0.123872, 1.933720, 74.440000
143, 0.164053, 1.938933, 74.350000
144, 0.091827, 1.940663, 74.460000
145, 0.078936, 1.949060, 74.500000
146, 0.085516, 1.958946, 74.500000
147, 0.157593, 1.981620, 74.470000
148, 0.102608, 1.971400, 74.420000
149, 0.099753, 1.982569, 74.360000
150, 0.136626, 1.986887, 74.590000
151, 0.124818, 1.977340, 74.710000
152, 0.084704, 1.977403, 74.860000
153, 0.111163, 1.981972, 74.420000
154, 0.153002, 1.988485, 74.750000
155, 0.130192, 2.002800, 74.430000
156, 0.100730, 2.005726, 74.660000
157, 0.084511, 2.007457, 74.580000
158, 0.089807, 2.004886, 74.500000
159, 0.139251, 2.010634, 74.440000
160, 0.093076, 2.006582, 74.500000
161, 0.085780, 2.012900, 74.480000
162, 0.129448, 2.021591, 74.420000
163, 0.123167, 2.014620, 74.740000
164, 0.085678, 2.023073, 74.640000
165, 0.083610, 2.034230, 74.530000
166, 0.085192, 2.043092, 74.580000
167, 0.120938, 2.043002, 74.590000
168, 0.119353, 2.029856, 74.810000
169, 0.123377, 2.032854, 74.600000
170, 0.106458, 2.050826, 74.540000
171, 0.095862, 2.046351, 74.510000
172, 0.129999, 2.062244, 74.450000
173, 0.075013, 2.055493, 74.340000
174, 0.070194, 2.060101, 74.470000
175, 0.068746, 2.066681, 74.710000
176, 0.055820, 2.061760, 74.550000
177, 0.133223, 2.071182, 74.670000
178, 0.122772, 2.071811, 74.930000
179, 0.093328, 2.069184, 74.580000
180, 0.075214, 2.062876, 74.780000
181, 0.117891, 2.071787, 74.910000
182, 0.078308, 2.078510, 74.820000
183, 0.126399, 2.070393, 74.950000
184, 0.139875, 2.082341, 74.660000
185, 0.117188, 2.079580, 74.900000
186, 0.089788, 2.091680, 74.740000
187, 0.119253, 2.085290, 75.010000
188, 0.093458, 2.084762, 74.990000
189, 0.093754, 2.091868, 74.600000
190, 0.086673, 2.096658, 74.610000
191, 0.106937, 2.095923, 74.710000
192, 0.119582, 2.094188, 74.830000
193, 0.075743, 2.103006, 74.800000
194, 0.115577, 2.107093, 74.940000
195, 0.084104, 2.105605, 74.600000
196, 0.085112, 2.100427, 74.790000
197, 0.096195, 2.107248, 75.040000
198, 0.073434, 2.116044, 75.040000
199, 0.042671, 2.113302, 74.830000
200, 0.107666, 2.120410, 74.700000
201, 0.071197, 2.111662, 75.020000
202, 0.145393, 2.110138, 74.940000
203, 0.108452, 2.099349, 75.220000
204, 0.129264, 2.105912, 75.160000
205, 0.082639, 2.108786, 75.280000
206, 0.070985, 2.120042, 74.870000
207, 0.097330, 2.135339, 74.810000
208, 0.157372, 2.131579, 74.930000
209, 0.142887, 2.121074, 74.780000
210, 0.121645, 2.130921, 74.890000
211, 0.100268, 2.130204, 74.880000
212, 0.092347, 2.133708, 75.150000
213, 0.105322, 2.135038, 75.030000
214, 0.116412, 2.134877, 74.740000
215, 0.130876, 2.142027, 75.150000
216, 0.067787, 2.125544, 74.950000
217, 0.070304, 2.132475, 75.060000
218, 0.125516, 2.143557, 75.120000
219, 0.095736, 2.135378, 75.160000
220, 0.086356, 2.146163, 74.880000
221, 0.108883, 2.145865, 75.130000
222, 0.060624, 2.150197, 75.550000
223, 0.133250, 2.159485, 75.060000
224, 0.059707, 2.145499, 74.910000
225, 0.094886, 2.156278, 74.840000
226, 0.139165, 2.148438, 75.140000
227, 0.083238, 2.147715, 75.050000
228, 0.123732, 2.157440, 74.860000
229, 0.057005, 2.155244, 75.120000
230, 0.122421, 2.159311, 75.100000
231, 0.100721, 2.158646, 75.120000
232, 0.070495, 2.162978, 75.190000
233, 0.073652, 2.167189, 74.970000
234, 0.070079, 2.172675, 75.290000
235, 0.108795, 2.176978, 75.270000
236, 0.093653, 2.169317, 75.340000
237, 0.149941, 2.175766, 75.180000
238, 0.159715, 2.177002, 75.200000
239, 0.109547, 2.169479, 75.360000
240, 0.148989, 2.170908, 75.360000
241, 0.083407, 2.173529, 75.190000
242, 0.130709, 2.169899, 75.050000
243, 0.076283, 2.175016, 75.250000
244, 0.070122, 2.165039, 75.320000
245, 0.087625, 2.186715, 75.180000
246, 0.072506, 2.174205, 75.240000
247, 0.097561, 2.182140, 75.390000
248, 0.062166, 2.183031, 75.330000
249, 0.128208, 2.190513, 75.330000
250, 0.068947, 2.179293, 75.570000
251, 0.100937, 2.181542, 75.530000
252, 0.070636, 2.196278, 75.180000
253, 0.080983, 2.200243, 75.230000
254, 0.083015, 2.194520, 75.140000
255, 0.054489, 2.204321, 75.330000
256, 0.054009, 2.195690, 75.470000
257, 0.112634, 2.207795, 75.150000
258, 0.081983, 2.205389, 74.950000
259, 0.046520, 2.205628, 74.960000
260, 0.072476, 2.214336, 75.290000
261, 0.063502, 2.208383, 75.270000
262, 0.088079, 2.212731, 75.240000
263, 0.111492, 2.204361, 75.170000
264, 0.059326, 2.212991, 75.280000
265, 0.117364, 2.219363, 75.450000
266, 0.063685, 2.208561, 75.370000
267, 0.085369, 2.215644, 75.210000
268, 0.086874, 2.202161, 75.340000
269, 0.058551, 2.210249, 75.160000
270, 0.081475, 2.212558, 75.410000
271, 0.105572, 2.221088, 75.310000
272, 0.072715, 2.222595, 75.290000
273, 0.053474, 2.226554, 75.350000
274, 0.114385, 2.231684, 75.120000
275, 0.101004, 2.218920, 75.170000
276, 0.091777, 2.223144, 75.130000
277, 0.077358, 2.228493, 75.250000
278, 0.080222, 2.231894, 75.270000
279, 0.084272, 2.222997, 75.310000
280, 0.076782, 2.238753, 75.160000
281, 0.095205, 2.241195, 75.100000
282, 0.093166, 2.234369, 75.330000
283, 0.093463, 2.245272, 75.160000
284, 0.103690, 2.236919, 75.440000
285, 0.087982, 2.249201, 74.970000
286, 0.090083, 2.235379, 75.140000
287, 0.110229, 2.243726, 75.170000
288, 0.098340, 2.237529, 75.270000
289, 0.047167, 2.230893, 75.180000
290, 0.125845, 2.237129, 75.230000
291, 0.079268, 2.242025, 75.210000
292, 0.116372, 2.246013, 75.250000
293, 0.071775, 2.255126, 75.280000
294, 0.104104, 2.250123, 75.510000
295, 0.076040, 2.259360, 75.310000
296, 0.092273, 2.245175, 75.530000
297, 0.075511, 2.243476, 75.420000
298, 0.103104, 2.243077, 75.170000
299, 0.092115, 2.245254, 75.460000
300, 0.091971, 2.243074, 75.580000
301, 0.063786, 2.250779, 75.360000
302, 0.076760, 2.256697, 75.290000
303, 0.072478, 2.253784, 75.560000
304, 0.038626, 2.256778, 75.570000
305, 0.107908, 2.258866, 75.590000
306, 0.100607, 2.257221, 75.300000
307, 0.042607, 2.260515, 75.280000
308, 0.096667, 2.273783, 75.200000
309, 0.083574, 2.264994, 75.380000
310, 0.075905, 2.264885, 75.480000
311, 0.117076, 2.270747, 75.130000
312, 0.054541, 2.271955, 75.410000
313, 0.123448, 2.265832, 75.670000
314, 0.039521, 2.265019, 75.440000
315, 0.074364, 2.271375, 75.330000
316, 0.115947, 2.277958, 75.430000
317, 0.064286, 2.280021, 75.430000
318, 0.115381, 2.288964, 75.330000
319, 0.126536, 2.277243, 75.590000
320, 0.078229, 2.274530, 75.420000
321, 0.053315, 2.281125, 75.240000
322, 0.063738, 2.282656, 75.290000
323, 0.058935, 2.286423, 75.450000
324, 0.073490, 2.288536, 75.390000
325, 0.070512, 2.278010, 75.550000
326, 0.047513, 2.287207, 75.650000
327, 0.072288, 2.296611, 75.290000
328, 0.067987, 2.292672, 75.750000
329, 0.079907, 2.288487, 75.640000
330, 0.075834, 2.290703, 75.300000
331, 0.074040, 2.295024, 75.380000
332, 0.084150, 2.293395, 75.590000
333, 0.078421, 2.303628, 75.480000
334, 0.068902, 2.290288, 75.670000
335, 0.083081, 2.305452, 75.520000
336, 0.077647, 2.294798, 75.320000
337, 0.097629, 2.312771, 75.300000
338, 0.118132, 2.303651, 75.430000
339, 0.079331, 2.299534, 75.620000
340, 0.107185, 2.302784, 75.460000
341, 0.074692, 2.303879, 75.140000
342, 0.064566, 2.307496, 75.470000
343, 0.051992, 2.310519, 75.270000
344, 0.047427, 2.309290, 75.350000
345, 0.084096, 2.314640, 75.420000
346, 0.041216, 2.306661, 75.410000
347, 0.047501, 2.311989, 75.240000
348, 0.070236, 2.312529, 75.430000
349, 0.061374, 2.317014, 75.170000
350, 0.083714, 2.315442, 75.430000
351, 0.057512, 2.316095, 75.670000
352, 0.089857, 2.312400, 75.760000
353, 0.033316, 2.308927, 75.740000
354, 0.047810, 2.324294, 75.700000
355, 0.101087, 2.325799, 75.340000
356, 0.082812, 2.326266, 75.250000
357, 0.076663, 2.321357, 75.460000
358, 0.082879, 2.325564, 75.480000
359, 0.092820, 2.323531, 75.470000
360, 0.154643, 2.334451, 75.420000
361, 0.097072, 2.315264, 75.490000
362, 0.049319, 2.316910, 75.390000
363, 0.062952, 2.312238, 75.790000
364, 0.065612, 2.326498, 75.490000
365, 0.069393, 2.327536, 75.570000
366, 0.066501, 2.323724, 75.720000
367, 0.088480, 2.324538, 75.610000
368, 0.057196, 2.330696, 75.660000
369, 0.055765, 2.332650, 75.450000
370, 0.111276, 2.328871, 75.600000
371, 0.049328, 2.323420, 75.450000
372, 0.083458, 2.334798, 75.570000
373, 0.058512, 2.330127, 75.720000
374, 0.103191, 2.334241, 75.420000
375, 0.073233, 2.329919, 75.660000
376, 0.083751, 2.331892, 75.320000
377, 0.065144, 2.321990, 75.460000
378, 0.051590, 2.332622, 75.390000
379, 0.073789, 2.333741, 75.650000
380, 0.073020, 2.343075, 75.720000
381, 0.092477, 2.340003, 75.190000
382, 0.063955, 2.346127, 75.680000
383, 0.069744, 2.350361, 75.740000
384, 0.075088, 2.349862, 75.460000
385, 0.071542, 2.349549, 75.900000
386, 0.114630, 2.346067, 75.630000
387, 0.072435, 2.357407, 75.410000
388, 0.086542, 2.351962, 75.690000
389, 0.090453, 2.351416, 75.510000
390, 0.059946, 2.349111, 75.440000
391, 0.100228, 2.350534, 75.350000
392, 0.053569, 2.348957, 75.320000
393, 0.054016, 2.352030, 75.590000
394, 0.070455, 2.339416, 75.470000
395, 0.063517, 2.349646, 75.580000
396, 0.064265, 2.356972, 75.550000
397, 0.058920, 2.361320, 75.620000
398, 0.065067, 2.350069, 75.590000
399, 0.061992, 2.356679, 75.690000
400, 0.098644, 2.374679, 75.450000
401, 0.064300, 2.357348, 75.520000
402, 0.059503, 2.368437, 75.620000
403, 0.063844, 2.367255, 75.660000
404, 0.042722, 2.371980, 75.620000
405, 0.043606, 2.369746, 75.580000
406, 0.048674, 2.375775, 75.490000
407, 0.053283, 2.377245, 75.650000
408, 0.078643, 2.373765, 75.630000
409, 0.050601, 2.381043, 75.520000
410, 0.073278, 2.380808, 75.510000
411, 0.054578, 2.380931, 75.640000
412, 0.054540, 2.388729, 75.490000
413, 0.092671, 2.387190, 75.720000
414, 0.065877, 2.385015, 75.660000
415, 0.089787, 2.372897, 75.700000
416, 0.076995, 2.386227, 75.510000
417, 0.084194, 2.387408, 75.480000
418, 0.057420, 2.373178, 75.520000
419, 0.101938, 2.388388, 75.690000
420, 0.066930, 2.378927, 75.590000
421, 0.088146, 2.383745, 75.740000
422, 0.078453, 2.388135, 75.400000
423, 0.059246, 2.390030, 75.640000
424, 0.066087, 2.379778, 75.340000
425, 0.075880, 2.383467, 75.370000
426, 0.082621, 2.373841, 75.340000
427, 0.065296, 2.381928, 75.410000
428, 0.102845, 2.387699, 75.650000
429, 0.051075, 2.399728, 75.530000
430, 0.063829, 2.393581, 75.720000
431, 0.070477, 2.392143, 75.640000
432, 0.081421, 2.399810, 75.710000
433, 0.055514, 2.405236, 75.400000
434, 0.063630, 2.412114, 75.660000
435, 0.077126, 2.396758, 75.530000
436, 0.076249, 2.399603, 75.490000
437, 0.051344, 2.403184, 75.680000
438, 0.049099, 2.404726, 75.470000
439, 0.070044, 2.405251, 75.530000
440, 0.072849, 2.402047, 75.660000
441, 0.070032, 2.405331, 75.640000
442, 0.054236, 2.416802, 75.480000
443, 0.059215, 2.411606, 75.440000
444, 0.067953, 2.399276, 75.650000
445, 0.064676, 2.405561, 75.590000
446, 0.071790, 2.427394, 75.240000
447, 0.059034, 2.409716, 75.750000
448, 0.080768, 2.405399, 75.770000
449, 0.063286, 2.420617, 75.730000
450, 0.095244, 2.406654, 75.400000
451, 0.084754, 2.414407, 75.710000
452, 0.060654, 2.412616, 75.540000
453, 0.056078, 2.420312, 75.450000
454, 0.063432, 2.415389, 75.490000
455, 0.078481, 2.422377, 75.250000
456, 0.060703, 2.410392, 75.510000
457, 0.088304, 2.415938, 75.580000
458, 0.089947, 2.417826, 75.340000
459, 0.069090, 2.414688, 75.630000
460, 0.032337, 2.423195, 75.420000
461, 0.039561, 2.412172, 75.630000
462, 0.117389, 2.409085, 75.750000
463, 0.046660, 2.402802, 75.770000
464, 0.060055, 2.409658, 75.500000
465, 0.062114, 2.425641, 75.710000
466, 0.052087, 2.416014, 75.500000
467, 0.065988, 2.429695, 75.570000
468, 0.067098, 2.426186, 75.380000
469, 0.050475, 2.432600, 75.580000
470, 0.052297, 2.428513, 75.570000
471, 0.065352, 2.438324, 75.620000
472, 0.071357, 2.430983, 75.780000
473, 0.070005, 2.436702, 75.480000
474, 0.064792, 2.443117, 75.670000
475, 0.065247, 2.444097, 75.460000
476, 0.093446, 2.433938, 75.610000
477, 0.067452, 2.440205, 75.650000
478, 0.062986, 2.431061, 75.980000
479, 0.075731, 2.447197, 75.780000
480, 0.066234, 2.441974, 75.840000
481, 0.067645, 2.434791, 75.890000
482, 0.078923, 2.435829, 75.750000
483, 0.056599, 2.438248, 75.870000
484, 0.061982, 2.430132, 75.930000
485, 0.060610, 2.441145, 75.780000
486, 0.062568, 2.435646, 75.680000
487, 0.074870, 2.435545, 75.550000
488, 0.050768, 2.438360, 75.850000
489, 0.072931, 2.435103, 75.520000
490, 0.050853, 2.447587, 75.680000
491, 0.052554, 2.437245, 75.880000
492, 0.041869, 2.447491, 75.470000
493, 0.069921, 2.438973, 75.910000
494, 0.039510, 2.443072, 75.790000
495, 0.083615, 2.451737, 75.810000
496, 0.063641, 2.444152, 75.410000
497, 0.042007, 2.449033, 75.510000
498, 0.084278, 2.453985, 75.620000
499, 0.059095, 2.462318, 75.310000
