0, 1.811469, 2.404333, 12.950000
1, 1.810293, 2.155994, 20.840000
2, 1.873324, 2.020548, 26.830000
3, 1.785289, 1.920595, 31.430000
4, 1.706672, 1.836739, 34.860000
5, 1.775252, 1.769763, 38.550000
6, 1.852087, 1.705480, 41.420000
7, 1.775750, 1.666233, 43.800000
8, 1.783870, 1.631226, 45.760000
9, 1.733480, 1.589616, 48.980000
10, 1.730674, 1.544721, 49.690000
11, 1.715293, 1.494363, 52.400000
12, 1.726335, 1.462411, 53.720000
13, 1.698997, 1.432048, 55.880000
14, 1.678593, 1.433159, 56.500000
15, 1.669049, 1.405257, 57.310000
16, 1.629085, 1.383930, 58.500000
17, 1.656706, 1.361798, 59.120000
18, 1.639361, 1.316006, 61.520000
19, 1.607599, 1.317657, 61.160000
20, 1.592531, 1.295720, 62.560000
21, 1.643039, 1.301201, 62.010000
22, 1.656154, 1.292175, 62.850000
23, 1.673690, 1.285693, 63.160000
24, 1.604051, 1.260356, 63.930000
25, 1.586569, 1.251608, 64.090000
26, 1.613544, 1.244281, 64.430000
27, 1.609633, 1.236324, 64.420000
28, 1.589676, 1.230828, 65.090000
29, 1.569569, 1.213962, 65.000000
30, 1.529195, 1.215744, 64.850000
31, 1.555635, 1.216853, 65.440000
32, 1.580890, 1.214905, 65.130000
33, 1.630877, 1.198230, 65.850000
34, 1.470778, 1.200613, 65.810000
35, 1.644928, 1.189806, 65.920000
36, 1.642412, 1.188311, 65.790000
37, 1.582864, 1.187425, 66.200000
38, 1.514408, 1.187110, 66.450000
39, 1.537608, 1.174903, 66.550000
40, 1.572011, 1.165596, 67.300000
41, 1.651380, 1.166786, 67.370000
42, 1.594547, 1.163931, 67.840000
43, 1.565646, 1.166114, 67.030000
44, 1.546656, 1.156397, 67.800000
45, 1.494997, 1.152970, 67.410000
46, 1.514961, 1.151846, 67.020000
47, 1.500834, 1.160079, 67.550000
48, 1.559707, 1.149409, 67.280000
49, 1.534202, 1.148184, 67.390000
50, 1.533966, 1.158384, 67.120000
51, 1.469714, 1.159741, 67.440000
52, 1.486415, 1.159376, 67.120000
53, 1.551209, 1.150500, 67.460000
54, 1.564148, 1.157081, 67.270000
55, 1.443069, 1.147152, 67.260000
56, 1.485796, 1.141168, 67.460000
57, 1.522626, 1.147560, 66.980000
58, 1.484068, 1.144775, 67.390000
59, 1.433159, 1.147289, 67.150000
60, 1.507839, 1.145000, 67.210000
61, 1.414097, 1.142727, 67.250000
62, 1.397379, 1.138149, 67.630000
63, 1.423060, 1.139404, 67.350000
64, 1.388040, 1.140364, 67.590000
65, 1.417991, 1.144447, 67.060000
66, 1.434776, 1.143191, 66.630000
67, 1.480578, 1.145959, 66.970000
68, 1.392541, 1.135418, 67.070000
69, 1.551405, 1.139542, 66.460000
70, 1.527908, 1.130108, 67.290000
71, 1.406346, 1.131047, 67.200000
72, 1.433025, 1.122348, 67.370000
73, 1.343680, 1.127090, 66.810000
74, 1.503810, 1.127560, 67.120000
75, 1.465131, 1.136268, 66.750000
76, 1.402548, 1.122537, 67.590000
77, 1.392182, 1.123474, 67.550000
78, 1.354546, 1.120058, 67.380000
79, 1.418894, 1.127587, 66.400000
80, 0.556623, 1.103655, 67.530000
81, 0.623402, 1.062209, 67.060000
82, 0.653406, 1.009450, 68.220000
83, 0.630555, 0.957436, 69.360000
84, 0.656867, 0.929663, 70.180000
85, 0.648175, 0.904114, 70.520000
86, 0.701666, 0.891261, 70.380000
87, 0.611012, 0.881398, 70.620000
88, 0.583219, 0.860978, 71.000000
89, 0.691334, 0.864004, 70.780000
90, 0.580197, 0.847233, 70.980000
91, 0.558614, 0.838848, 71.500000
92, 0.686362, 0.835311, 71.170000
93, 0.591155, 0.832545, 71.330000
94, 0.558801, 0.823953, 71.180000
95, 0.610811, 0.830277, 70.900000
96, 0.561435, 0.805247, 72.060000
97, 0.567403, 0.812404, 72.120000
98, 0.577975, 0.797054, 71.730000
99, 0.555222, 0.813140, 71.590000
100, 0.583427, 0.806693, 71.420000
101, 0.440952, 0.803177, 71.730000
102, 0.664642, 0.812221, 71.060000
103, 0.511671, 0.800998, 71.480000
104, 0.608933, 0.807370, 71.370000
105, 0.662472, 0.815914, 70.920000
106, 0.569496, 0.805731, 71.270000
107, 0.651348, 0.795297, 71.220000
108, 0.537774, 0.808301, 71.300000
109, 0.544799, 0.808386, 71.600000
110, 0.568204, 0.821606, 71.210000
111, 0.564242, 0.799500, 71.710000
112, 0.574338, 0.796808, 72.340000
113, 0.641168, 0.798349, 72.550000
114, 0.609168, 0.804173, 72.290000
115, 0.492523, 0.801585, 71.900000
116, 0.460810, 0.782061, 72.710000
117, 0.531246, 0.793567, 71.880000
118, 0.612632, 0.797888, 72.140000
119, 0.416707, 0.791874, 72.310000
120, 0.718097, 0.794684, 72.600000
121, 0.545253, 0.798766, 71.830000
122, 0.527260, 0.796188, 71.900000
123, 0.431446, 0.794742, 72.030000
124, 0.558840, 0.784310, 72.150000
125, 0.551202, 0.789168, 72.220000
126, 0.477047, 0.780232, 72.470000
127, 0.614151, 0.781894, 72.680000
128, 0.556956, 0.780195, 72.580000
129, 0.619214, 0.773436, 72.790000
130, 0.489640, 0.784157, 72.530000
131, 0.461971, 0.776010, 72.660000
132, 0.474465, 0.769963, 72.840000
133, 0.549146, 0.779935, 72.740000
134, 0.499408, 0.774300, 73.040000
135, 0.594669, 0.773862, 72.850000
136, 0.576457, 0.780945, 72.900000
137, 0.523117, 0.785783, 72.340000
138, 0.538539, 0.788933, 72.600000
139, 0.574094, 0.792670, 72.330000
140, 0.493725, 0.791782, 72.170000
141, 0.458706, 0.802388, 72.060000
142, 0.475275, 0.799855, 72.000000
143, 0.429133, 0.793713, 72.580000
144, 0.486105, 0.796952, 71.920000
145, 0.514663, 0.803258, 72.380000
146, 0.481367, 0.806442, 72.230000
147, 0.377552, 0.807701, 72.430000
148, 0.503320, 0.801098, 72.240000
149, 0.411984, 0.807507, 72.200000
150, 0.488350, 0.814375, 72.420000
151, 0.398422, 0.814413, 71.980000
152, 0.570028, 0.817015, 72.020000
153, 0.450924, 0.812190, 71.910000
154, 0.582379, 0.823577, 71.590000
155, 0.484341, 0.813905, 71.860000
156, 0.496734, 0.812997, 72.290000
157, 0.457449, 0.801602, 72.260000
158, 0.488620, 0.823549, 71.850000
159, 0.457235, 0.809108, 71.980000
160, 0.521514, 0.824676, 71.780000
161, 0.405940, 0.811546, 72.020000
162, 0.457762, 0.810217, 72.100000
163, 0.556259, 0.824062, 71.940000
164, 0.508222, 0.814769, 72.290000
165, 0.518832, 0.807794, 72.270000
166, 0.409337, 0.809626, 72.360000
167, 0.495564, 0.816428, 72.210000
168, 0.494038, 0.812150, 72.160000
169, 0.503367, 0.806849, 72.300000
170, 0.503654, 0.822074, 72.100000
171, 0.409144, 0.825194, 71.880000
172, 0.587503, 0.827704, 71.980000
173, 0.539126, 0.829541, 71.790000
174, 0.555924, 0.815661, 72.130000
175, 0.376754, 0.823294, 71.940000
176, 0.544588, 0.822610, 72.160000
177, 0.611983, 0.823580, 71.600000
178, 0.466937, 0.825756, 71.730000
179, 0.514466, 0.822965, 72.180000
180, 0.456293, 0.816962, 72.440000
181, 0.497884, 0.825483, 72.170000
182, 0.579216, 0.832155, 71.680000
183, 0.427919, 0.831798, 71.910000
184, 0.440630, 0.838951, 72.300000
185, 0.416138, 0.835775, 71.700000
186, 0.527879, 0.827753, 71.900000
187, 0.453213, 0.825608, 72.310000
188, 0.441180, 0.839224, 71.800000
189, 0.339674, 0.829411, 72.110000
190, 0.511871, 0.844049, 72.020000
191, 0.535219, 0.853163, 71.910000
192, 0.351729, 0.847103, 71.810000
193, 0.448978, 0.834263, 72.240000
194, 0.494029, 0.843560, 72.040000
195, 0.427743, 0.844863, 71.830000
196, 0.450977, 0.847107, 71.980000
197, 0.473185, 0.842580, 72.250000
198, 0.508351, 0.841038, 72.690000
199, 0.358285, 0.851679, 71.910000
200, 0.512202, 0.845661, 71.810000
201, 0.539569, 0.848333, 72.270000
202, 0.425165, 0.851473, 71.940000
203, 0.363859, 0.854019, 72.130000
204, 0.533199, 0.853975, 71.440000
205, 0.404874, 0.851062, 71.870000
206, 0.462296, 0.862041, 71.620000
207, 0.389641, 0.848857, 72.300000
208, 0.518834, 0.835877, 72.340000
209, 0.474412, 0.844301, 72.190000
210, 0.507668, 0.850720, 71.980000
211, 0.430049, 0.848729, 71.930000
212, 0.461438, 0.844432, 72.240000
213, 0.477442, 0.844033, 71.680000
214, 0.496900, 0.859327, 71.240000
215, 0.482734, 0.862281, 71.470000
216, 0.383181, 0.863638, 71.200000
217, 0.568520, 0.873335, 71.200000
218, 0.522443, 0.856295, 71.530000
219, 0.556722, 0.852295, 72.180000
220, 0.452260, 0.854179, 72.110000
221, 0.393310, 0.856956, 71.980000
222, 0.245765, 0.859948, 72.270000
223, 0.420799, 0.853472, 72.440000
224, 0.444261, 0.842927, 72.230000
225, 0.450860, 0.841302, 72.380000
226, 0.321752, 0.852819, 72.330000
227, 0.444842, 0.852715, 72.070000
228, 0.400194, 0.859411, 72.300000
229, 0.299033, 0.871033, 72.100000
230, 0.442272, 0.858221, 72.050000
231, 0.433234, 0.859280, 72.260000
232, 0.447780, 0.862589, 72.300000
233, 0.482997, 0.860215, 72.370000
234, 0.407424, 0.853045, 72.530000
235, 0.324023, 0.856018, 72.880000
236, 0.333707, 0.852866, 71.870000
237, 0.372113, 0.863437, 72.030000
238, 0.470577, 0.863411, 72.290000
239, 0.424800, 0.863586, 71.840000
240, 0.460838, 0.857528, 72.120000
241, 0.475467, 0.864363, 71.950000
242, 0.416298, 0.868098, 72.110000
243, 0.375145, 0.863015, 72.010000
244, 0.366190, 0.858108, 72.100000
245, 0.377818, 0.864336, 72.230000
246, 0.434697, 0.859589, 72.350000
247, 0.394557, 0.857452, 72.470000
248, 0.372095, 0.856896, 72.420000
249, 0.446378, 0.855601, 72.120000
250, 0.371880, 0.846262, 72.500000
251, 0.368083, 0.848624, 72.580000
252, 0.463047, 0.855336, 72.240000
253, 0.360072, 0.858286, 72.440000
254, 0.399878, 0.856607, 72.420000
255, 0.331881, 0.870991, 71.850000
256, 0.409987, 0.869467, 72.200000
257, 0.414952, 0.869793, 72.240000
258, 0.460958, 0.866579, 72.460000
259, 0.442459, 0.873110, 72.110000
260, 0.315650, 0.870668, 71.960000
261, 0.398060, 0.878291, 71.840000
262, 0.369933, 0.884927, 71.810000
263, 0.483788, 0.883869, 71.930000
264, 0.354072, 0.879951, 72.200000
265, 0.276218, 0.872501, 71.510000
266, 0.380299, 0.871945, 72.130000
267, 0.383987, 0.873431, 71.680000
268, 0.536540, 0.863065, 72.100000
269, 0.354382, 0.870290, 71.810000
270, 0.316845, 0.868653, 72.140000
271, 0.407054, 0.887852, 71.520000
272, 0.478225, 0.873825, 71.970000
273, 0.384951, 0.891193, 71.470000
274, 0.470840, 0.890282, 71.560000
275, 0.557545, 0.891892, 71.720000
276, 0.375318, 0.886514, 71.880000
277, 0.488071, 0.887221, 71.620000
278, 0.398867, 0.877762, 71.960000
279, 0.459138, 0.881417, 71.630000
280, 0.284170, 0.892503, 71.140000
281, 0.315765, 0.883425, 71.450000
282, 0.409301, 0.882798, 72.070000
283, 0.356836, 0.878844, 71.520000
284, 0.417345, 0.891216, 71.760000
285, 0.363444, 0.893404, 71.360000
286, 0.377422, 0.897970, 71.360000
287, 0.370541, 0.896211, 71.610000
288, 0.481295, 0.885745, 71.600000
289, 0.429757, 0.890289, 71.460000
290, 0.383925, 0.892592, 71.550000
291, 0.392392, 0.880589, 71.930000
292, 0.381622, 0.881705, 72.050000
293, 0.273436, 0.885745, 71.800000
294, 0.349495, 0.892089, 71.660000
295, 0.369667, 0.886618, 71.510000
296, 0.369850, 0.887544, 71.070000
297, 0.410065, 0.894602, 71.280000
298, 0.382419, 0.885796, 71.750000
299, 0.375729, 0.902496, 71.590000
300, 0.480306, 0.902856, 70.870000
301, 0.235456, 0.902272, 71.360000
302, 0.345598, 0.904564, 71.610000
303, 0.281806, 0.904809, 71.240000
304, 0.349412, 0.898632, 71.550000
305, 0.380842, 0.913281, 71.610000
306, 0.279932, 0.902992, 71.550000
307, 0.311912, 0.907962, 71.410000
308, 0.291456, 0.898482, 72.040000
309, 0.265244, 0.906943, 71.460000
310, 0.404785, 0.910621, 71.640000
311, 0.292075, 0.899654, 71.920000
312, 0.321092, 0.905800, 71.480000
313, 0.334371, 0.900277, 71.880000
314, 0.393723, 0.897556, 71.380000
315, 0.309593, 0.914410, 71.330000
316, 0.368538, 0.898401, 71.970000
317, 0.350824, 0.905548, 71.340000
318, 0.384718, 0.912481, 71.660000
319, 0.352929, 0.920700, 71.600000
320, 0.424673, 0.914965, 71.280000
321, 0.334868, 0.910055, 71.570000
322, 0.405721, 0.935666, 70.900000
323, 0.475279, 0.910907, 71.040000
324, 0.348832, 0.907202, 71.800000
325, 0.350736, 0.906745, 71.760000
326, 0.304627, 0.908155, 71.490000
327, 0.296553, 0.907843, 71.810000
328, 0.231659, 0.906214, 71.980000
329, 0.429417, 0.927111, 71.320000
330, 0.390898, 0.906591, 72.210000
331, 0.328336, 0.916172, 71.400000
332, 0.351418, 0.910843, 71.370000
333, 0.318110, 0.913295, 71.430000
334, 0.300394, 0.901680, 71.400000
335, 0.345146, 0.913676, 71.730000
336, 0.395725, 0.914587, 71.960000
337, 0.343139, 0.920843, 71.430000
338, 0.273329, 0.928624, 71.110000
339, 0.317869, 0.919406, 71.320000
340, 0.359064, 0.921490, 71.640000
341, 0.281322, 0.933787, 71.440000
342, 0.290625, 0.911801, 71.850000
343, 0.352664, 0.923687, 71.910000
344, 0.423711, 0.944293, 71.140000
345, 0.272774, 0.925518, 71.110000
346, 0.463613, 0.921284, 71.500000
347, 0.319550, 0.914815, 71.050000
348, 0.296841, 0.916590, 71.380000
349, 0.298650, 0.924695, 71.230000
350, 0.288080, 0.924383, 71.340000
351, 0.324521, 0.918863, 71.540000
352, 0.376147, 0.919389, 71.440000
353, 0.306073, 0.908273, 71.480000
354, 0.357793, 0.918557, 71.880000
355, 0.339109, 0.923774, 71.790000
356, 0.451049, 0.920577, 71.530000
357, 0.266189, 0.928282, 71.400000
358, 0.331854, 0.918146, 71.490000
359, 0.374397, 0.931132, 71.360000
360, 0.359724, 0.905902, 71.660000
361, 0.281645, 0.912534, 71.630000
362, 0.295853, 0.912056, 71.810000
363, 0.282449, 0.915241, 71.630000
364, 0.388256, 0.920465, 71.460000
365, 0.343573, 0.911888, 71.280000
366, 0.387687, 0.904386, 71.750000
367, 0.254797, 0.898352, 72.030000
368, 0.365777, 0.913110, 71.550000
369, 0.336322, 0.899946, 72.190000
370, 0.324008, 0.905430, 71.500000
371, 0.464089, 0.909076, 71.250000
372, 0.399077, 0.925356, 70.780000
373, 0.415221, 0.912864, 71.150000
374, 0.396987, 0.908538, 71.070000
375, 0.227269, 0.919110, 70.920000
376, 0.383359, 0.924747, 71.100000
377, 0.230499, 0.935546, 70.690000
378, 0.312273, 0.923663, 71.100000
379, 0.316915, 0.925190, 71.240000
380, 0.296091, 0.925176, 70.840000
381, 0.259972, 0.920161, 71.020000
382, 0.445008, 0.925650, 71.100000
383, 0.382066, 0.931674, 71.150000
384, 0.307470, 0.927201, 71.570000
385, 0.256809, 0.928812, 71.000000
386, 0.332272, 0.920317, 71.150000
387, 0.312750, 0.926836, 71.200000
388, 0.267510, 0.916548, 71.070000
389, 0.403037, 0.922141, 71.650000
390, 0.362163, 0.912580, 71.890000
391, 0.296500, 0.916823, 71.490000
392, 0.354462, 0.924077, 71.180000
393, 0.313601, 0.927865, 71.420000
394, 0.373846, 0.928470, 71.550000
395, 0.360339, 0.940799, 70.910000
396, 0.328210, 0.936715, 71.370000
397, 0.388936, 0.941061, 70.980000
398, 0.260530, 0.924356, 71.220000
399, 0.335299, 0.932325, 71.150000
