epoch,train_loss,global_test_acc,global_test_loss,aux_apa,aux_loss,core_clean_ratio,recover_ratio,train_ratio,agreement_ratio,recovery_trigger,core_count,recover_count,train_count,total_count,actual_train_clean_count,actual_round_clean_count,missed_clean_count,actual_train_clean_ratio,clean_recall
0,1.131415,19.670000,2.295932,0.000000,0.000000,1.000000,0.000000,1.000000,0.000000,0,5000,0,5000,5000,4108,4108,0,0.821600,1.000000
1,1.180318,19.180000,2.195565,0.000000,0.000000,1.000000,0.000000,1.000000,0.000000,0,5000,0,5000,5000,3990,3990,0,0.798000,1.000000
2,1.070256,17.330000,2.216765,0.000000,0.000000,1.000000,0.000000,1.000000,0.000000,0,5000,0,5000,5000,4056,4056,0,0.811200,1.000000
3,1.092484,27.450000,2.089737,0.000000,0.000000,1.000000,0.000000,1.000000,0.000000,0,5000,0,5000,5000,4048,4048,0,0.809600,1.000000
4,1.188790,28.320000,2.097332,0.000000,0.000000,1.000000,0.000000,1.000000,0.000000,0,5000,0,5000,5000,3962,3962,0,0.792400,1.000000
5,1.367532,25.610000,2.082659,0.000000,0.000000,1.000000,0.000000,1.000000,0.000000,0,5000,0,5000,5000,3636,3636,0,0.727200,1.000000
6,1.119326,26.910000,2.051766,0.000000,0.000000,1.000000,0.000000,1.000000,0.000000,0,5000,0,5000,5000,4006,4006,0,0.801200,1.000000
7,0.981545,24.910000,2.096269,0.000000,0.000000,1.000000,0.000000,1.000000,0.000000,0,5000,0,5000,5000,4082,4082,0,0.816400,1.000000
8,0.824173,31.080000,1.979152,0.000000,0.000000,1.000000,0.000000,1.000000,0.000000,0,5000,0,5000,5000,4386,4386,0,0.877200,1.000000
9,1.099780,26.450000,2.000195,0.000000,0.000000,1.000000,0.000000,1.000000,0.000000,0,5000,0,5000,5000,3876,3876,0,0.775200,1.000000
10,1.111965,21.170000,2.141579,0.000000,0.000000,1.000000,0.000000,1.000000,0.000000,0,5000,0,5000,5000,3944,3944,0,0.788800,1.000000
11,1.105905,27.530000,1.970617,0.000000,0.000000,1.000000,0.000000,1.000000,0.000000,0,5000,0,5000,5000,3970,3970,0,0.794000,1.000000
12,1.209735,29.280000,1.945286,0.000000,0.000000,1.000000,0.000000,1.000000,0.000000,0,5000,0,5000,5000,3868,3868,0,0.773600,1.000000
13,1.034833,28.320000,1.954430,0.000000,0.000000,1.000000,0.000000,1.000000,0.000000,0,5000,0,5000,5000,4074,4074,0,0.814800,1.000000
14,0.914096,26.950000,1.982187,0.000000,0.000000,1.000000,0.000000,1.000000,0.000000,0,5000,0,5000,5000,4246,4246,0,0.849200,1.000000
15,1.056109,22.290000,1.993412,0.000000,0.000000,1.000000,0.000000,1.000000,0.000000,0,5000,0,5000,5000,4080,4080,0,0.816000,1.000000
16,0.896718,34.920000,1.903675,0.000000,0.000000,1.000000,0.000000,1.000000,0.000000,0,5000,0,5000,5000,4254,4254,0,0.850800,1.000000
17,1.158523,36.440000,1.884597,0.000000,0.000000,1.000000,0.000000,1.000000,0.000000,0,5000,0,5000,5000,3890,3890,0,0.778000,1.000000
18,1.160897,29.570000,1.932863,0.000000,0.000000,1.000000,0.000000,1.000000,0.000000,0,5000,0,5000,5000,3816,3816,0,0.763200,1.000000
19,1.167934,35.100000,1.893023,0.000000,0.000000,1.000000,0.000000,1.000000,0.000000,0,5000,0,5000,5000,3858,3858,0,0.771600,1.000000
20,0.980135,34.070000,1.888680,0.000000,0.000000,1.000000,0.000000,1.000000,0.000000,0,5000,0,5000,5000,4136,4136,0,0.827200,1.000000
21,1.037781,37.390000,1.869045,0.000000,0.000000,1.000000,0.000000,1.000000,0.000000,0,5000,0,5000,5000,4086,4086,0,0.817200,1.000000
22,1.022867,33.000000,1.949231,0.000000,0.000000,1.000000,0.000000,1.000000,0.000000,0,5000,0,5000,5000,4014,4014,0,0.802800,1.000000
23,1.039430,31.910000,1.911055,0.000000,0.000000,1.000000,0.000000,1.000000,0.000000,0,5000,0,5000,5000,4002,4002,0,0.800400,1.000000
24,1.029192,29.320000,1.904278,0.000000,0.000000,1.000000,0.000000,1.000000,0.000000,0,5000,0,5000,5000,4014,4014,0,0.802800,1.000000
25,0.922332,35.590000,1.861260,0.000000,0.000000,1.000000,0.000000,1.000000,0.000000,0,5000,0,5000,5000,4182,4182,0,0.836400,1.000000
26,1.054210,32.880000,1.878122,0.000000,0.000000,1.000000,0.000000,1.000000,0.000000,0,5000,0,5000,5000,4104,4104,0,0.820800,1.000000
27,0.966443,35.820000,1.837131,0.000000,0.000000,1.000000,0.000000,1.000000,0.000000,0,5000,0,5000,5000,4162,4162,0,0.832400,1.000000
28,1.048371,35.000000,1.873803,0.000000,0.000000,1.000000,0.000000,1.000000,0.000000,0,5000,0,5000,5000,3984,3984,0,0.796800,1.000000
29,0.975295,36.160000,1.846433,0.000000,0.000000,1.000000,0.000000,1.000000,0.000000,0,5000,0,5000,5000,4132,4132,0,0.826400,1.000000
30,0.874551,29.870000,1.895919,0.000000,0.000000,1.000000,0.000000,1.000000,0.000000,0,5000,0,5000,5000,4252,4252,0,0.850400,1.000000
31,1.021648,35.260000,1.846494,0.000000,0.000000,1.000000,0.000000,1.000000,0.000000,0,5000,0,5000,5000,4074,4074,0,0.814800,1.000000
32,1.163579,37.680000,1.823565,0.000000,0.000000,1.000000,0.000000,1.000000,0.000000,0,5000,0,5000,5000,3894,3894,0,0.778800,1.000000
33,1.182299,34.350000,1.893596,0.000000,0.000000,1.000000,0.000000,1.000000,0.000000,0,5000,0,5000,5000,3898,3898,0,0.779600,1.000000
34,0.843950,37.480000,1.850355,0.000000,0.000000,1.000000,0.000000,1.000000,0.000000,0,5000,0,5000,5000,4248,4248,0,0.849600,1.000000
35,1.081060,34.270000,1.864629,0.000000,0.000000,1.000000,0.000000,1.000000,0.000000,0,5000,0,5000,5000,3954,3954,0,0.790800,1.000000
36,0.896581,26.450000,1.906764,0.000000,0.000000,1.000000,0.000000,1.000000,0.000000,0,5000,0,5000,5000,4214,4214,0,0.842800,1.000000
37,0.988429,33.900000,1.823415,0.000000,0.000000,1.000000,0.000000,1.000000,0.000000,0,5000,0,5000,5000,4098,4098,0,0.819600,1.000000
38,1.292766,37.380000,1.856919,0.000000,0.000000,1.000000,0.000000,1.000000,0.000000,0,5000,0,5000,5000,3574,3574,0,0.714800,1.000000
39,1.048585,33.430000,1.876247,0.000000,0.000000,1.000000,0.000000,1.000000,0.000000,0,5000,0,5000,5000,4086,4086,0,0.817200,1.000000
40,0.970754,35.100000,1.844583,0.000000,0.000000,1.000000,0.000000,1.000000,0.000000,0,5000,0,5000,5000,4098,4098,0,0.819600,1.000000
41,1.006391,31.750000,1.865882,0.000000,0.000000,1.000000,0.000000,1.000000,0.000000,0,5000,0,5000,5000,4018,4018,0,0.803600,1.000000
42,0.998900,41.450000,1.808078,0.000000,0.000000,1.000000,0.000000,1.000000,0.000000,0,5000,0,5000,5000,4056,4056,0,0.811200,1.000000
43,0.979773,35.630000,1.836567,0.000000,0.000000,1.000000,0.000000,1.000000,0.000000,0,5000,0,5000,5000,4076,4076,0,0.815200,1.000000
44,1.062440,36.630000,1.810443,0.000000,0.000000,1.000000,0.000000,1.000000,0.000000,0,5000,0,5000,5000,3988,3988,0,0.797600,1.000000
45,0.960752,34.250000,1.837136,0.000000,0.000000,1.000000,0.000000,1.000000,0.000000,0,5000,0,5000,5000,4102,4102,0,0.820400,1.000000
46,1.008795,32.290000,1.915374,0.000000,0.000000,1.000000,0.000000,1.000000,0.000000,0,5000,0,5000,5000,3936,3936,0,0.787200,1.000000
47,0.895500,34.470000,1.878796,0.000000,0.000000,1.000000,0.000000,1.000000,0.000000,0,5000,0,5000,5000,4198,4198,0,0.839600,1.000000
48,1.032796,34.530000,1.830921,0.000000,0.000000,1.000000,0.000000,1.000000,0.000000,0,5000,0,5000,5000,3878,3878,0,0.775600,1.000000
49,1.233809,31.900000,1.896490,0.000000,0.000000,1.000000,0.000000,1.000000,0.000000,0,5000,0,5000,5000,3726,3726,0,0.745200,1.000000
50,1.015610,31.610000,1.895443,0.000000,0.000000,1.000000,0.000000,1.000000,0.000000,0,5000,0,5000,5000,3956,3956,0,0.791200,1.000000
51,1.165118,34.090000,1.904166,0.000000,0.000000,1.000000,0.000000,1.000000,0.000000,0,5000,0,5000,5000,3806,3806,0,0.761200,1.000000
52,0.934481,33.610000,1.888457,0.000000,0.000000,1.000000,0.000000,1.000000,0.000000,0,5000,0,5000,5000,4068,4068,0,0.813600,1.000000
53,0.985374,34.330000,1.871728,0.000000,0.000000,1.000000,0.000000,1.000000,0.000000,0,5000,0,5000,5000,3976,3976,0,0.795200,1.000000
54,1.102758,28.550000,1.941558,0.000000,0.000000,1.000000,0.000000,1.000000,0.000000,0,5000,0,5000,5000,3778,3778,0,0.755600,1.000000
55,0.785111,33.950000,1.811491,0.000000,0.000000,1.000000,0.000000,1.000000,0.000000,0,5000,0,5000,5000,4268,4268,0,0.853600,1.000000
56,0.955482,34.590000,1.831356,0.000000,0.000000,1.000000,0.000000,1.000000,0.000000,0,5000,0,5000,5000,4060,4060,0,0.812000,1.000000
57,0.910421,38.330000,1.808564,0.000000,0.000000,1.000000,0.000000,1.000000,0.000000,0,5000,0,5000,5000,4138,4138,0,0.827600,1.000000
58,1.019072,35.320000,1.832964,0.000000,0.000000,1.000000,0.000000,1.000000,0.000000,0,5000,0,5000,5000,4024,4024,0,0.804800,1.000000
59,0.819152,32.280000,1.859854,0.000000,0.000000,1.000000,0.000000,1.000000,0.000000,0,5000,0,5000,5000,4310,4310,0,0.862000,1.000000
60,1.051157,36.950000,1.839778,0.000000,0.000000,1.000000,0.000000,1.000000,0.000000,0,5000,0,5000,5000,3960,3960,0,0.792000,1.000000
61,0.855480,35.360000,1.820010,0.000000,0.000000,1.000000,0.000000,1.000000,0.000000,0,5000,0,5000,5000,4200,4200,0,0.840000,1.000000
62,1.025399,40.570000,1.807378,0.000000,0.000000,1.000000,0.000000,1.000000,0.000000,0,5000,0,5000,5000,3942,3942,0,0.788400,1.000000
63,0.978020,40.080000,1.775336,0.000000,0.000000,1.000000,0.000000,1.000000,0.000000,0,5000,0,5000,5000,4070,4070,0,0.814000,1.000000
64,0.820196,35.650000,1.811020,0.000000,0.000000,1.000000,0.000000,1.000000,0.000000,0,5000,0,5000,5000,4232,4232,0,0.846400,1.000000
65,1.108966,34.470000,1.874108,0.000000,0.000000,1.000000,0.000000,1.000000,0.000000,0,5000,0,5000,5000,3846,3846,0,0.769200,1.000000
66,1.115867,38.100000,1.814005,0.000000,0.000000,1.000000,0.000000,1.000000,0.000000,0,5000,0,5000,5000,3824,3824,0,0.764800,1.000000
67,0.963907,38.810000,1.804300,0.000000,0.000000,1.000000,0.000000,1.000000,0.000000,0,5000,0,5000,5000,4002,4002,0,0.800400,1.000000
68,0.883781,37.780000,1.811332,0.000000,0.000000,1.000000,0.000000,1.000000,0.000000,0,5000,0,5000,5000,4166,4166,0,0.833200,1.000000
69,1.113027,33.500000,1.860967,0.000000,0.000000,1.000000,0.000000,1.000000,0.000000,0,5000,0,5000,5000,3850,3850,0,0.770000,1.000000
70,0.905604,42.600000,1.745165,0.000000,0.000000,1.000000,0.000000,1.000000,0.000000,0,5000,0,5000,5000,4104,4104,0,0.820800,1.000000
71,1.064219,28.270000,1.905132,0.000000,0.000000,1.000000,0.000000,1.000000,0.000000,0,5000,0,5000,5000,3912,3912,0,0.782400,1.000000
72,1.121699,33.850000,1.860253,0.000000,0.000000,1.000000,0.000000,1.000000,0.000000,0,5000,0,5000,5000,3806,3806,0,0.761200,1.000000
73,0.961476,40.470000,1.795838,0.000000,0.000000,1.000000,0.000000,1.000000,0.000000,0,5000,0,5000,5000,4000,4000,0,0.800000,1.000000
74,0.938657,35.390000,1.850723,0.000000,0.000000,1.000000,0.000000,1.000000,0.000000,0,5000,0,5000,5000,3990,3990,0,0.798000,1.000000
75,0.801552,41.390000,1.735621,0.000000,0.000000,1.000000,0.000000,1.000000,0.000000,0,5000,0,5000,5000,4298,4298,0,0.859600,1.000000
76,1.176165,40.710000,1.798008,0.000000,0.000000,1.000000,0.000000,1.000000,0.000000,0,5000,0,5000,5000,3772,3772,0,0.754400,1.000000
77,0.774505,36.640000,1.840573,0.000000,0.000000,1.000000,0.000000,1.000000,0.000000,0,5000,0,5000,5000,4296,4296,0,0.859200,1.000000
78,1.190192,36.330000,1.818544,0.000000,0.000000,1.000000,0.000000,1.000000,0.000000,0,5000,0,5000,5000,3690,3690,0,0.738000,1.000000
79,0.820540,39.640000,1.774455,0.000000,0.000000,1.000000,0.000000,1.000000,0.000000,0,5000,0,5000,5000,4168,4168,0,0.833600,1.000000
80,1.338553,35.640000,1.847244,0.000000,0.000000,1.000000,0.000000,1.000000,0.000000,0,5000,0,5000,5000,3412,3412,0,0.682400,1.000000
81,1.104435,37.090000,1.844898,0.000000,0.000000,1.000000,0.000000,1.000000,0.000000,0,5000,0,5000,5000,3788,3788,0,0.757600,1.000000
82,0.897101,35.890000,1.817981,0.000000,0.000000,1.000000,0.000000,1.000000,0.000000,0,5000,0,5000,5000,4182,4182,0,0.836400,1.000000
83,1.133674,37.870000,1.839942,0.000000,0.000000,1.000000,0.000000,1.000000,0.000000,0,5000,0,5000,5000,3776,3776,0,0.755200,1.000000
84,0.902970,29.970000,1.941303,0.000000,0.000000,1.000000,0.000000,1.000000,0.000000,0,5000,0,5000,5000,4096,4096,0,0.819200,1.000000
85,0.909600,40.060000,1.782591,0.000000,0.000000,1.000000,0.000000,1.000000,0.000000,0,5000,0,5000,5000,4012,4012,0,0.802400,1.000000
86,1.128861,36.890000,1.825771,0.000000,0.000000,1.000000,0.000000,1.000000,0.000000,0,5000,0,5000,5000,3728,3728,0,0.745600,1.000000
87,0.921572,33.430000,1.869210,0.000000,0.000000,1.000000,0.000000,1.000000,0.000000,0,5000,0,5000,5000,4102,4102,0,0.820400,1.000000
88,0.894939,36.340000,1.799760,0.000000,0.000000,1.000000,0.000000,1.000000,0.000000,0,5000,0,5000,5000,4048,4048,0,0.809600,1.000000
89,1.053882,36.790000,1.834932,0.000000,0.000000,1.000000,0.000000,1.000000,0.000000,0,5000,0,5000,5000,3920,3920,0,0.784000,1.000000
90,0.751103,37.060000,1.829883,0.000000,0.000000,1.000000,0.000000,1.000000,0.000000,0,5000,0,5000,5000,4274,4274,0,0.854800,1.000000
91,0.961942,37.490000,1.848628,0.000000,0.000000,1.000000,0.000000,1.000000,0.000000,0,5000,0,5000,5000,3892,3892,0,0.778400,1.000000
92,0.999444,33.340000,1.883115,0.000000,0.000000,1.000000,0.000000,1.000000,0.000000,0,5000,0,5000,5000,3906,3906,0,0.781200,1.000000
93,0.758625,35.050000,1.811872,0.000000,0.000000,1.000000,0.000000,1.000000,0.000000,0,5000,0,5000,5000,4324,4324,0,0.864800,1.000000
94,1.077147,38.750000,1.783722,0.000000,0.000000,1.000000,0.000000,1.000000,0.000000,0,5000,0,5000,5000,3846,3846,0,0.769200,1.000000
95,0.553209,36.240000,1.783442,0.000000,0.000000,1.000000,0.000000,1.000000,0.000000,0,5000,0,5000,5000,4530,4530,0,0.906000,1.000000
96,0.689549,37.410000,1.823604,0.000000,0.000000,1.000000,0.000000,1.000000,0.000000,0,5000,0,5000,5000,4444,4444,0,0.888800,1.000000
97,1.236526,38.040000,1.822491,0.000000,0.000000,1.000000,0.000000,1.000000,0.000000,0,5000,0,5000,5000,3554,3554,0,0.710800,1.000000
98,0.849560,35.140000,1.816422,0.000000,0.000000,1.000000,0.000000,1.000000,0.000000,0,5000,0,5000,5000,4212,4212,0,0.842400,1.000000
99,0.704429,36.730000,1.790448,0.000000,0.000000,1.000000,0.000000,1.000000,0.000000,0,5000,0,5000,5000,4324,4324,0,0.864800,1.000000
100,0.245081,42.030000,1.707608,0.000000,0.000000,0.742400,0.041000,0.783400,0.352600,1,3712,205,3917,5000,3842,4062,220,0.980853,0.945839
101,0.191178,38.840000,1.692192,0.000000,0.000000,0.704200,0.000000,0.704200,0.366000,0,3521,0,3521,5000,3506,4168,662,0.995740,0.841171
102,0.273512,37.930000,1.740637,0.000000,0.000000,0.729000,0.048000,0.777000,0.284800,1,3645,240,3885,5000,3804,3886,82,0.979151,0.978899
103,0.159151,40.390000,1.627195,0.000000,0.000000,0.757200,0.000000,0.757200,0.380200,0,3786,0,3786,5000,3768,4142,374,0.995246,0.909705
104,0.180734,40.990000,1.640877,0.000000,0.000000,0.761000,0.047800,0.808800,0.357800,1,3805,239,4044,5000,4020,4302,282,0.994065,0.934449
105,0.114198,48.390000,1.469006,0.000000,0.000000,0.815200,0.000000,0.815200,0.335400,0,4076,0,4076,5000,4061,4294,233,0.996320,0.945738
106,0.271406,47.150000,1.453990,0.000000,0.000000,0.757800,0.036000,0.793800,0.445200,1,3789,180,3969,5000,3897,3980,83,0.981859,0.979146
107,0.252249,38.590000,1.643652,0.000000,0.000000,0.747000,0.000000,0.747000,0.342200,0,3735,0,3735,5000,3697,3894,197,0.989826,0.949409
108,0.221341,41.290000,1.608607,0.000000,0.000000,0.728200,0.041400,0.769600,0.390800,1,3641,207,3848,5000,3792,3910,118,0.985447,0.969821
109,0.171049,42.120000,1.583551,0.000000,0.000000,0.806800,0.000000,0.806800,0.340600,0,4034,0,4034,5000,4005,4284,279,0.992811,0.934874
110,0.258260,44.440000,1.514193,0.000000,0.000000,0.781800,0.027000,0.808800,0.336200,1,3909,135,4044,5000,3975,4062,87,0.982938,0.978582
111,0.188316,38.510000,1.667466,0.000000,0.000000,0.794400,0.000000,0.794400,0.462200,0,3972,0,3972,5000,3956,4120,164,0.995972,0.960194
112,0.223341,47.470000,1.457091,0.000000,0.000000,0.788800,0.036200,0.825000,0.365200,1,3944,181,4125,5000,4069,4198,129,0.986424,0.969271
113,0.274023,41.190000,1.602849,0.000000,0.000000,0.705800,0.000000,0.705800,0.396600,0,3529,0,3529,5000,3461,3670,209,0.980731,0.943052
114,0.263808,38.650000,1.679934,0.000000,0.000000,0.763200,0.018000,0.781200,0.457400,1,3816,90,3906,5000,3838,3952,114,0.982591,0.971154
115,0.214807,44.720000,1.527948,0.000000,0.000000,0.663600,0.000000,0.663600,0.349200,0,3318,0,3318,5000,3267,3882,615,0.984629,0.841577
116,0.319879,52.180000,1.313395,0.000000,0.000000,0.770400,0.019400,0.789800,0.355400,1,3852,97,3949,5000,3860,3904,44,0.977463,0.988730
117,0.172882,47.490000,1.524387,0.000000,0.000000,0.751200,0.000000,0.751200,0.384600,0,3756,0,3756,5000,3722,3914,192,0.990948,0.950945
118,0.208998,52.520000,1.475988,0.000000,0.000000,0.794200,0.022600,0.816800,0.531600,1,3971,113,4084,5000,4021,4122,101,0.984574,0.975497
119,0.231364,53.960000,1.403130,0.000000,0.000000,0.745200,0.000000,0.745200,0.490800,0,3726,0,3726,5000,3666,3984,318,0.983897,0.920181
120,0.302534,46.590000,1.516272,0.000000,0.000000,0.682400,0.069400,0.751800,0.560000,1,3412,347,3759,5000,3657,3754,97,0.972865,0.974161
121,0.176605,49.910000,1.447477,0.000000,0.000000,0.725200,0.000000,0.725200,0.420600,0,3626,0,3626,5000,3593,4010,417,0.990899,0.896010
122,0.240580,45.720000,1.513733,0.000000,0.000000,0.820800,0.021200,0.842000,0.455600,1,4104,106,4210,5000,4152,4234,82,0.986223,0.980633
123,0.254774,33.700000,1.865653,0.000000,0.000000,0.692800,0.000000,0.692800,0.315800,0,3464,0,3464,5000,3392,3614,222,0.979215,0.938572
124,0.183530,51.820000,1.375263,0.000000,0.000000,0.782800,0.023600,0.806400,0.314400,1,3914,118,4032,5000,4006,4094,88,0.993552,0.978505
125,0.185233,41.550000,1.731491,0.000000,0.000000,0.756200,0.000000,0.756200,0.556400,0,3781,0,3781,5000,3751,3868,117,0.992066,0.969752
126,0.181795,54.960000,1.267539,0.000000,0.000000,0.700400,0.065800,0.766200,0.356800,1,3502,329,3831,5000,3784,4084,300,0.987732,0.926543
127,0.214428,48.270000,1.418667,0.000000,0.000000,0.720400,0.000000,0.720400,0.456400,0,3602,0,3602,5000,3545,3668,123,0.984175,0.966467
128,0.264332,57.680000,1.189121,0.000000,0.000000,0.806800,0.021800,0.828600,0.371600,1,4034,109,4143,5000,4066,4162,96,0.981414,0.976934
129,0.205040,54.480000,1.267054,0.000000,0.000000,0.795000,0.000000,0.795000,0.443600,0,3975,0,3975,5000,3947,4162,215,0.992956,0.948342
130,0.240361,56.720000,1.217471,0.000000,0.000000,0.773600,0.032600,0.806200,0.508800,1,3868,163,4031,5000,3980,4042,62,0.987348,0.984661
131,0.099148,52.500000,1.340654,0.000000,0.000000,0.766600,0.000000,0.766600,0.497400,0,3833,0,3833,5000,3820,4026,206,0.996608,0.948833
132,0.156490,56.070000,1.245046,0.000000,0.000000,0.782000,0.018800,0.800800,0.469600,1,3910,94,4004,5000,3963,4000,37,0.989760,0.990750
133,0.108304,45.000000,1.512998,0.000000,0.000000,0.756200,0.000000,0.756200,0.551600,0,3781,0,3781,5000,3766,3866,100,0.996033,0.974133
134,0.269434,43.410000,1.639592,0.000000,0.000000,0.734600,0.037000,0.771600,0.278200,1,3673,185,3858,5000,3764,3798,34,0.975635,0.991048
135,0.184224,57.620000,1.293920,0.000000,0.000000,0.739600,0.000000,0.739600,0.397200,0,3698,0,3698,5000,3661,3894,233,0.989995,0.940164
136,0.213107,52.470000,1.378224,0.000000,0.000000,0.771200,0.042000,0.813200,0.505800,1,3856,210,4066,5000,4022,4150,128,0.989179,0.969157
137,0.176247,53.710000,1.309039,0.000000,0.000000,0.755800,0.000000,0.755800,0.468400,0,3779,0,3779,5000,3731,3888,157,0.987298,0.959619
138,0.231225,50.230000,1.436414,0.000000,0.000000,0.801200,0.020600,0.821800,0.360000,1,4006,103,4109,5000,4066,4134,68,0.989535,0.983551
139,0.213479,50.240000,1.360227,0.000000,0.000000,0.785400,0.000000,0.785400,0.514800,0,3927,0,3927,5000,3887,4056,169,0.989814,0.958333
140,0.203516,51.430000,1.337876,0.000000,0.000000,0.769000,0.022400,0.791400,0.363200,1,3845,112,3957,5000,3901,3950,49,0.985848,0.987595
141,0.153184,52.190000,1.341994,0.000000,0.000000,0.767400,0.000000,0.767400,0.547600,0,3837,0,3837,5000,3811,3974,163,0.993224,0.958983
142,0.275701,51.280000,1.336703,0.000000,0.000000,0.751000,0.035400,0.786400,0.470600,1,3755,177,3932,5000,3865,3908,43,0.982960,0.988997
143,0.124402,50.050000,1.411790,0.000000,0.000000,0.811800,0.000000,0.811800,0.312000,0,4059,0,4059,5000,4021,4142,121,0.990638,0.970787
144,0.174310,48.720000,1.477399,0.000000,0.000000,0.770600,0.027800,0.798400,0.395600,1,3853,139,3992,5000,3953,4064,111,0.990230,0.972687
145,0.174615,45.770000,1.547372,0.000000,0.000000,0.759400,0.000000,0.759400,0.579000,0,3797,0,3797,5000,3764,3906,142,0.991309,0.963646
146,0.155080,52.070000,1.426165,0.000000,0.000000,0.769600,0.017000,0.786600,0.531800,1,3848,85,3933,5000,3886,3954,68,0.988050,0.982802
147,0.149925,49.190000,1.437190,0.000000,0.000000,0.774200,0.000000,0.774200,0.478400,0,3871,0,3871,5000,3841,4094,253,0.992250,0.938202
148,0.156642,50.170000,1.422108,0.000000,0.000000,0.770200,0.019200,0.789400,0.489200,1,3851,96,3947,5000,3903,3956,53,0.988852,0.986603
149,0.163351,51.620000,1.479251,0.000000,0.000000,0.805400,0.000000,0.805400,0.493000,0,4027,0,4027,5000,3989,4152,163,0.990564,0.960742
150,0.190310,44.520000,1.647337,0.000000,0.000000,0.760800,0.039400,0.800200,0.559600,1,3804,197,4001,5000,3954,4106,152,0.988253,0.962981
151,0.251925,56.520000,1.257824,0.000000,0.000000,0.772000,0.000000,0.772000,0.442600,0,3860,0,3860,5000,3800,3964,164,0.984456,0.958628
152,0.156475,39.720000,1.779149,0.000000,0.000000,0.852200,0.021200,0.873400,0.477200,1,4261,106,4367,5000,4336,4420,84,0.992901,0.980995
153,0.193376,41.620000,1.640191,0.000000,0.000000,0.740600,0.000000,0.740600,0.446400,0,3703,0,3703,5000,3657,4264,607,0.987578,0.857645
154,0.202075,48.840000,1.488228,0.000000,0.000000,0.708400,0.048200,0.756600,0.569200,1,3542,241,3783,5000,3707,3798,91,0.979910,0.976040
155,0.208535,48.910000,1.403624,0.000000,0.000000,0.830400,0.000000,0.830400,0.389800,0,4152,0,4152,5000,4114,4274,160,0.990848,0.962564
156,0.157954,56.400000,1.299563,0.000000,0.000000,0.761800,0.025400,0.787200,0.532000,1,3809,127,3936,5000,3905,3998,93,0.992124,0.976738
157,0.169348,47.910000,1.513433,0.000000,0.000000,0.708200,0.000000,0.708200,0.618400,0,3541,0,3541,5000,3504,3612,108,0.989551,0.970100
158,0.145723,55.270000,1.266085,0.000000,0.000000,0.806200,0.018800,0.825000,0.496200,1,4031,94,4125,5000,4097,4170,73,0.993212,0.982494
159,0.193851,55.220000,1.257848,0.000000,0.000000,0.815200,0.000000,0.815200,0.532200,0,4076,0,4076,5000,4041,4218,177,0.991413,0.958037
160,0.148443,55.140000,1.301987,0.000000,0.000000,0.767600,0.021200,0.788800,0.499200,1,3838,106,3944,5000,3918,4002,84,0.993408,0.979010
161,0.133462,55.690000,1.343584,0.000000,0.000000,0.789000,0.000000,0.789000,0.578200,0,3945,0,3945,5000,3922,4076,154,0.994170,0.962218
162,0.190141,49.430000,1.479467,0.000000,0.000000,0.788400,0.027800,0.816200,0.459600,1,3942,139,4081,5000,4038,4128,90,0.989463,0.978198
163,0.121692,53.020000,1.403808,0.000000,0.000000,0.788600,0.000000,0.788600,0.582400,0,3943,0,3943,5000,3920,4084,164,0.994167,0.959843
164,0.171231,51.890000,1.390223,0.000000,0.000000,0.747600,0.038800,0.786400,0.603800,1,3738,194,3932,5000,3895,4088,193,0.990590,0.952789
165,0.120320,53.320000,1.316025,0.000000,0.000000,0.826200,0.000000,0.826200,0.454600,0,4131,0,4131,5000,4117,4244,127,0.996611,0.970075
166,0.179289,53.800000,1.304292,0.000000,0.000000,0.798800,0.019800,0.818600,0.629800,1,3994,99,4093,5000,4052,4124,72,0.989983,0.982541
167,0.190782,56.940000,1.220799,0.000000,0.000000,0.737000,0.000000,0.737000,0.476400,0,3685,0,3685,5000,3647,3742,95,0.989688,0.974613
168,0.117053,48.980000,1.489136,0.000000,0.000000,0.713400,0.021200,0.734600,0.554000,1,3567,106,3673,5000,3648,3702,54,0.993194,0.985413
169,0.185572,58.250000,1.168426,0.000000,0.000000,0.809600,0.000000,0.809600,0.374200,0,4048,0,4048,5000,4007,4228,221,0.989872,0.947729
170,0.253653,52.160000,1.357345,0.000000,0.000000,0.795400,0.018000,0.813400,0.394400,1,3977,90,4067,5000,3982,4060,78,0.979100,0.980788
171,0.178434,50.660000,1.412759,0.000000,0.000000,0.745600,0.000000,0.745600,0.513800,0,3728,0,3728,5000,3703,3796,93,0.993294,0.975501
172,0.127366,50.030000,1.434449,0.000000,0.000000,0.817200,0.023200,0.840400,0.462800,1,4086,116,4202,5000,4178,4292,114,0.994288,0.973439
173,0.156977,52.850000,1.328853,0.000000,0.000000,0.777800,0.000000,0.777800,0.486200,0,3889,0,3889,5000,3863,3974,111,0.993314,0.972068
174,0.226499,48.950000,1.435555,0.000000,0.000000,0.778600,0.017400,0.796000,0.435200,1,3893,87,3980,5000,3936,4032,96,0.988945,0.976190
175,0.171940,52.820000,1.342745,0.000000,0.000000,0.816200,0.000000,0.816200,0.499600,0,4081,0,4081,5000,4035,4226,191,0.988728,0.954804
176,0.149300,60.560000,1.169322,0.000000,0.000000,0.745400,0.021600,0.767000,0.518800,1,3727,108,3835,5000,3792,3882,90,0.988787,0.976816
177,0.173890,56.860000,1.290170,0.000000,0.000000,0.732800,0.000000,0.732800,0.626200,0,3664,0,3664,5000,3618,3758,140,0.987445,0.962746
178,0.206716,54.920000,1.271962,0.000000,0.000000,0.769200,0.024000,0.793200,0.532600,1,3846,120,3966,5000,3905,3956,51,0.984619,0.987108
179,0.127487,50.010000,1.400308,0.000000,0.000000,0.770200,0.000000,0.770200,0.483400,0,3851,0,3851,5000,3816,3956,140,0.990911,0.964611
180,0.221367,52.680000,1.367932,0.000000,0.000000,0.781800,0.023800,0.805600,0.411000,1,3909,119,4028,5000,3979,4038,59,0.987835,0.985389
181,0.107781,59.130000,1.161005,0.000000,0.000000,0.743400,0.000000,0.743400,0.456400,0,3717,0,3717,5000,3696,4056,360,0.994350,0.911243
182,0.219174,55.970000,1.251853,0.000000,0.000000,0.806400,0.024600,0.831000,0.564800,1,4032,123,4155,5000,4098,4152,54,0.986282,0.986994
183,0.144878,53.130000,1.313939,0.000000,0.000000,0.807400,0.000000,0.807400,0.537600,0,4037,0,4037,5000,4015,4156,141,0.994550,0.966073
184,0.201386,51.690000,1.426114,0.000000,0.000000,0.825200,0.025600,0.850800,0.616400,1,4126,128,4254,5000,4205,4260,55,0.988481,0.987089
185,0.128795,58.160000,1.157467,0.000000,0.000000,0.769000,0.000000,0.769000,0.450600,0,3845,0,3845,5000,3829,4296,467,0.995839,0.891294
186,0.191023,56.490000,1.209899,0.000000,0.000000,0.752400,0.018800,0.771200,0.555200,1,3762,94,3856,5000,3812,3852,40,0.988589,0.989616
187,0.151442,48.580000,1.421293,0.000000,0.000000,0.840600,0.000000,0.840600,0.574800,0,4203,0,4203,5000,4192,4354,162,0.997383,0.962793
188,0.203089,51.100000,1.397294,0.000000,0.000000,0.766600,0.018400,0.785000,0.535800,1,3833,92,3925,5000,3853,3878,25,0.981656,0.993553
189,0.206069,56.280000,1.246605,0.000000,0.000000,0.793200,0.000000,0.793200,0.546600,0,3966,0,3966,5000,3922,4086,164,0.988906,0.959863
190,0.170666,56.260000,1.221925,0.000000,0.000000,0.777200,0.017800,0.795000,0.632800,1,3886,89,3975,5000,3925,3992,67,0.987421,0.983216
191,0.175955,61.880000,1.087576,0.000000,0.000000,0.753200,0.000000,0.753200,0.494000,0,3766,0,3766,5000,3723,3906,183,0.988582,0.953149
192,0.147925,56.170000,1.236773,0.000000,0.000000,0.748400,0.014800,0.763200,0.568200,1,3742,74,3816,5000,3777,3828,51,0.989780,0.986677
193,0.135816,50.800000,1.449325,0.000000,0.000000,0.772600,0.000000,0.772600,0.558800,0,3863,0,3863,5000,3827,3964,137,0.990681,0.965439
194,0.221520,61.550000,1.091208,0.000000,0.000000,0.753800,0.021200,0.775000,0.511000,1,3769,106,3875,5000,3823,3868,45,0.986581,0.988366
195,0.202929,62.140000,1.055249,0.000000,0.000000,0.763200,0.000000,0.763200,0.580800,0,3816,0,3816,5000,3762,3930,168,0.985849,0.957252
196,0.168486,52.930000,1.322000,0.000000,0.000000,0.775200,0.011200,0.786400,0.652600,1,3876,56,3932,5000,3890,3928,38,0.989318,0.990326
197,0.137054,54.140000,1.323644,0.000000,0.000000,0.767800,0.000000,0.767800,0.492200,0,3839,0,3839,5000,3781,3912,131,0.984892,0.966513
198,0.176173,55.530000,1.358046,0.000000,0.000000,0.756400,0.027600,0.784000,0.553800,1,3782,138,3920,5000,3892,3956,64,0.992857,0.983822
199,0.160985,54.100000,1.381887,0.000000,0.000000,0.732400,0.000000,0.732400,0.650600,0,3662,0,3662,5000,3596,3708,112,0.981977,0.969795
200,0.130825,55.130000,1.334433,0.000000,0.000000,0.843800,0.015000,0.858800,0.623800,1,4219,75,4294,5000,4272,4326,54,0.994877,0.987517
201,0.159507,52.360000,1.385214,0.000000,0.000000,0.797800,0.000000,0.797800,0.532800,0,3989,0,3989,5000,3963,4124,161,0.993482,0.960960
202,0.173083,52.270000,1.357016,0.000000,0.000000,0.783400,0.014600,0.798000,0.520400,1,3917,73,3990,5000,3955,4036,81,0.991228,0.979931
203,0.177995,59.510000,1.141979,0.000000,0.000000,0.761400,0.000000,0.761400,0.528600,0,3807,0,3807,5000,3774,3890,116,0.991332,0.970180
204,0.203471,52.190000,1.317926,0.000000,0.000000,0.809400,0.013400,0.822800,0.569000,1,4047,67,4114,5000,4074,4152,78,0.990277,0.981214
205,0.178520,60.850000,1.111540,0.000000,0.000000,0.792000,0.000000,0.792000,0.492200,0,3960,0,3960,5000,3928,4106,178,0.991919,0.956649
206,0.147760,61.400000,1.099672,0.000000,0.000000,0.796200,0.017000,0.813200,0.509000,1,3981,85,4066,5000,4043,4118,75,0.994343,0.981787
207,0.180481,56.830000,1.246758,0.000000,0.000000,0.783000,0.000000,0.783000,0.585000,0,3915,0,3915,5000,3891,4050,159,0.993870,0.960741
208,0.146065,59.900000,1.156663,0.000000,0.000000,0.725400,0.018000,0.743400,0.499400,1,3627,90,3717,5000,3678,3724,46,0.989508,0.987648
209,0.181548,57.520000,1.256023,0.000000,0.000000,0.761600,0.000000,0.761600,0.583400,0,3808,0,3808,5000,3768,3986,218,0.989496,0.945309
210,0.218835,57.530000,1.283295,0.000000,0.000000,0.754600,0.023400,0.778000,0.577800,1,3773,117,3890,5000,3805,3842,37,0.978149,0.990370
211,0.121001,54.340000,1.370681,0.000000,0.000000,0.738400,0.000000,0.738400,0.632600,0,3692,0,3692,5000,3656,3780,124,0.990249,0.967196
212,0.201226,60.460000,1.118239,0.000000,0.000000,0.760800,0.022400,0.783200,0.485000,1,3804,112,3916,5000,3870,3916,46,0.988253,0.988253
213,0.138959,55.490000,1.275094,0.000000,0.000000,0.784800,0.000000,0.784800,0.644400,0,3924,0,3924,5000,3888,4012,124,0.990826,0.969093
214,0.112986,53.630000,1.354307,0.000000,0.000000,0.821800,0.012600,0.834400,0.572400,1,4109,63,4172,5000,4147,4190,43,0.994008,0.989737
215,0.113913,62.840000,1.071052,0.000000,0.000000,0.771800,0.000000,0.771800,0.541600,0,3859,0,3859,5000,3823,4068,245,0.990671,0.939774
216,0.216413,55.300000,1.244551,0.000000,0.000000,0.769600,0.019400,0.789000,0.572000,1,3848,97,3945,5000,3882,3916,34,0.984030,0.991318
217,0.118633,50.970000,1.454411,0.000000,0.000000,0.776200,0.000000,0.776200,0.546000,0,3881,0,3881,5000,3852,3970,118,0.992528,0.970277
218,0.142694,55.750000,1.264135,0.000000,0.000000,0.770000,0.016600,0.786600,0.532200,1,3850,83,3933,5000,3896,3934,38,0.990592,0.990341
219,0.148445,60.870000,1.164461,0.000000,0.000000,0.781800,0.000000,0.781800,0.571800,0,3909,0,3909,5000,3884,4060,176,0.993605,0.956650
220,0.152157,57.570000,1.286025,0.000000,0.000000,0.797200,0.019800,0.817000,0.634800,1,3986,99,4085,5000,4043,4112,69,0.989718,0.983220
221,0.186587,59.480000,1.162512,0.000000,0.000000,0.751800,0.000000,0.751800,0.523600,0,3759,0,3759,5000,3717,3962,245,0.988827,0.938163
222,0.209441,50.310000,1.346075,0.000000,0.000000,0.819000,0.020600,0.839600,0.618800,1,4095,103,4198,5000,4163,4224,61,0.991663,0.985559
223,0.175575,58.370000,1.154295,0.000000,0.000000,0.793000,0.000000,0.793000,0.537600,0,3965,0,3965,5000,3924,4052,128,0.989660,0.968411
224,0.128653,55.230000,1.256056,0.000000,0.000000,0.762400,0.017000,0.779400,0.666600,1,3812,85,3897,5000,3864,3938,74,0.991532,0.981209
225,0.089262,50.740000,1.391361,0.000000,0.000000,0.778400,0.000000,0.778400,0.571800,0,3892,0,3892,5000,3871,3974,103,0.994604,0.974082
226,0.091487,51.380000,1.418797,0.000000,0.000000,0.730600,0.009800,0.740400,0.632200,1,3653,49,3702,5000,3678,3704,26,0.993517,0.992981
227,0.203234,57.100000,1.228901,0.000000,0.000000,0.747600,0.000000,0.747600,0.537200,0,3738,0,3738,5000,3703,3854,151,0.990637,0.960820
228,0.169549,63.140000,1.062031,0.000000,0.000000,0.720800,0.019400,0.740200,0.511000,1,3604,97,3701,5000,3640,3682,42,0.983518,0.988593
229,0.119836,56.180000,1.256498,0.000000,0.000000,0.716600,0.000000,0.716600,0.616200,0,3583,0,3583,5000,3551,3670,119,0.991069,0.967575
230,0.158052,64.070000,1.019580,0.000000,0.000000,0.769000,0.023800,0.792800,0.534400,1,3845,119,3964,5000,3911,3938,27,0.986630,0.993144
231,0.117597,54.640000,1.257498,0.000000,0.000000,0.792800,0.000000,0.792800,0.621000,0,3964,0,3964,5000,3939,4032,93,0.993693,0.976935
232,0.143524,55.770000,1.261831,0.000000,0.000000,0.768000,0.019800,0.787800,0.466400,1,3840,99,3939,5000,3905,3972,67,0.991368,0.983132
233,0.203925,58.190000,1.178475,0.000000,0.000000,0.732400,0.000000,0.732400,0.555400,0,3662,0,3662,5000,3621,3746,125,0.988804,0.966631
234,0.154580,55.670000,1.278524,0.000000,0.000000,0.756400,0.018000,0.774400,0.669800,1,3782,90,3872,5000,3829,3904,75,0.988895,0.980789
235,0.144062,61.960000,1.103308,0.000000,0.000000,0.764000,0.000000,0.764000,0.539800,0,3820,0,3820,5000,3784,3910,126,0.990576,0.967775
236,0.113095,60.400000,1.112830,0.000000,0.000000,0.824000,0.016200,0.840200,0.594400,1,4120,81,4201,5000,4176,4246,70,0.994049,0.983514
237,0.103588,59.060000,1.170520,0.000000,0.000000,0.750600,0.000000,0.750600,0.639000,0,3753,0,3753,5000,3735,3854,119,0.995204,0.969123
238,0.129779,58.890000,1.232138,0.000000,0.000000,0.764000,0.015000,0.779000,0.677200,1,3820,75,3895,5000,3880,3918,38,0.996149,0.990301
239,0.137169,55.000000,1.244318,0.000000,0.000000,0.780200,0.000000,0.780200,0.563800,0,3901,0,3901,5000,3873,3998,125,0.992822,0.968734
240,0.147949,57.260000,1.251091,0.000000,0.000000,0.784000,0.018000,0.802000,0.495200,1,3920,90,4010,5000,3967,3994,27,0.989277,0.993240
241,0.131802,58.890000,1.178630,0.000000,0.000000,0.767200,0.000000,0.767200,0.595800,0,3836,0,3836,5000,3816,3946,130,0.994786,0.967055
242,0.146139,55.450000,1.251088,0.000000,0.000000,0.795200,0.018800,0.814000,0.626200,1,3976,94,4070,5000,4029,4092,63,0.989926,0.984604
243,0.108147,58.020000,1.256334,0.000000,0.000000,0.737600,0.000000,0.737600,0.622400,0,3688,0,3688,5000,3655,3756,101,0.991052,0.973110
244,0.120723,61.490000,1.135050,0.000000,0.000000,0.816400,0.015200,0.831600,0.642200,1,4082,76,4158,5000,4135,4244,109,0.994468,0.974317
245,0.151808,55.970000,1.289657,0.000000,0.000000,0.779400,0.000000,0.779400,0.676800,0,3897,0,3897,5000,3854,3980,126,0.988966,0.968342
246,0.109276,56.450000,1.322371,0.000000,0.000000,0.814000,0.010200,0.824200,0.646600,1,4070,51,4121,5000,4090,4136,46,0.992478,0.988878
247,0.122294,56.930000,1.260923,0.000000,0.000000,0.707200,0.000000,0.707200,0.566600,0,3536,0,3536,5000,3511,3872,361,0.992930,0.906767
248,0.194610,54.110000,1.331279,0.000000,0.000000,0.760200,0.021200,0.781400,0.611600,1,3801,106,3907,5000,3856,3906,50,0.986947,0.987199
249,0.146528,56.860000,1.197942,0.000000,0.000000,0.785400,0.000000,0.785400,0.568000,0,3927,0,3927,5000,3899,3994,95,0.992870,0.976214
250,0.141528,52.530000,1.364991,0.000000,0.000000,0.767800,0.016000,0.783800,0.620000,1,3839,80,3919,5000,3882,3932,50,0.990559,0.987284
251,0.165812,60.660000,1.129765,0.000000,0.000000,0.775200,0.000000,0.775200,0.472400,0,3876,0,3876,5000,3850,4032,182,0.993292,0.954861
252,0.197532,57.320000,1.181212,0.000000,0.000000,0.803000,0.012800,0.815800,0.547400,1,4015,64,4079,5000,4036,4074,38,0.989458,0.990673
253,0.112018,53.190000,1.385765,0.000000,0.000000,0.833400,0.000000,0.833400,0.555600,0,4167,0,4167,5000,4142,4312,170,0.994000,0.960575
254,0.154955,57.020000,1.205161,0.000000,0.000000,0.725000,0.018800,0.743800,0.572000,1,3625,94,3719,5000,3672,3712,40,0.987362,0.989224
255,0.164972,55.460000,1.309906,0.000000,0.000000,0.806400,0.000000,0.806400,0.486200,0,4032,0,4032,5000,3988,4128,140,0.989087,0.966085
256,0.177254,58.240000,1.195720,0.000000,0.000000,0.772200,0.020000,0.792200,0.604400,1,3861,100,3961,5000,3917,3974,57,0.988892,0.985657
257,0.170788,61.550000,1.101200,0.000000,0.000000,0.722200,0.000000,0.722200,0.613200,0,3611,0,3611,5000,3559,3702,143,0.985600,0.961372
258,0.139818,61.320000,1.107178,0.000000,0.000000,0.798000,0.018400,0.816400,0.524200,1,3990,92,4082,5000,4053,4102,49,0.992896,0.988055
259,0.130643,60.850000,1.125399,0.000000,0.000000,0.800000,0.000000,0.800000,0.537600,0,4000,0,4000,5000,3969,4088,119,0.992250,0.970890
260,0.204864,63.290000,1.048182,0.000000,0.000000,0.810600,0.014000,0.824600,0.653800,1,4053,70,4123,5000,4048,4088,40,0.981809,0.990215
261,0.106574,57.660000,1.311041,0.000000,0.000000,0.791800,0.000000,0.791800,0.641800,0,3959,0,3959,5000,3934,4062,128,0.993685,0.968488
262,0.159055,57.060000,1.293688,0.000000,0.000000,0.809800,0.012200,0.822000,0.635000,1,4049,61,4110,5000,4071,4106,35,0.990511,0.991476
263,0.148699,59.900000,1.170649,0.000000,0.000000,0.767400,0.000000,0.767400,0.637000,0,3837,0,3837,5000,3805,3974,169,0.991660,0.957474
264,0.148522,59.470000,1.186141,0.000000,0.000000,0.755200,0.015400,0.770600,0.631600,1,3776,77,3853,5000,3804,3844,40,0.987283,0.989594
265,0.134924,60.520000,1.147656,0.000000,0.000000,0.787600,0.000000,0.787600,0.624600,0,3938,0,3938,5000,3906,4050,144,0.991874,0.964444
266,0.180852,58.100000,1.235856,0.000000,0.000000,0.798200,0.021600,0.819800,0.556800,1,3991,108,4099,5000,4036,4068,32,0.984630,0.992134
267,0.147804,60.820000,1.125424,0.000000,0.000000,0.812600,0.000000,0.812600,0.532800,0,4063,0,4063,5000,4032,4198,166,0.992370,0.960457
268,0.112543,55.600000,1.299480,0.000000,0.000000,0.798800,0.015000,0.813800,0.703000,1,3994,75,4069,5000,4041,4114,73,0.993119,0.982256
269,0.129670,63.880000,1.039666,0.000000,0.000000,0.762000,0.000000,0.762000,0.561200,0,3810,0,3810,5000,3771,3906,135,0.989764,0.965438
270,0.169907,62.570000,1.071783,0.000000,0.000000,0.792800,0.013000,0.805800,0.625400,1,3964,65,4029,5000,3965,4010,45,0.984115,0.988778
271,0.097663,55.650000,1.278904,0.000000,0.000000,0.827000,0.000000,0.827000,0.638800,0,4135,0,4135,5000,4114,4270,156,0.994921,0.963466
272,0.166063,59.160000,1.170384,0.000000,0.000000,0.771600,0.015600,0.787200,0.601800,1,3858,78,3936,5000,3885,3936,51,0.987043,0.987043
273,0.109018,49.430000,1.460136,0.000000,0.000000,0.790000,0.000000,0.790000,0.734000,0,3950,0,3950,5000,3922,4026,104,0.992911,0.974168
274,0.235815,56.650000,1.212423,0.000000,0.000000,0.808000,0.019800,0.827800,0.571000,1,4040,99,4139,5000,4073,4136,63,0.984054,0.984768
275,0.121893,58.890000,1.167663,0.000000,0.000000,0.861600,0.000000,0.861600,0.550400,0,4308,0,4308,5000,4290,4430,140,0.995822,0.968397
276,0.106681,61.790000,1.127338,0.000000,0.000000,0.827600,0.021600,0.849200,0.529600,1,4138,108,4246,5000,4225,4318,93,0.995054,0.978462
277,0.227033,61.930000,1.095805,0.000000,0.000000,0.793400,0.000000,0.793400,0.603000,0,3967,0,3967,5000,3926,4094,168,0.989665,0.958964
278,0.126420,56.200000,1.255830,0.000000,0.000000,0.848000,0.015200,0.863200,0.614400,1,4240,76,4316,5000,4302,4368,66,0.996756,0.984890
279,0.132507,56.570000,1.260364,0.000000,0.000000,0.833200,0.000000,0.833200,0.599400,0,4166,0,4166,5000,4133,4290,157,0.992079,0.963403
280,0.121240,59.820000,1.183459,0.000000,0.000000,0.828000,0.015400,0.843400,0.612800,1,4140,77,4217,5000,4187,4254,67,0.992886,0.984250
281,0.107442,62.640000,1.094796,0.000000,0.000000,0.723600,0.000000,0.723600,0.605600,0,3618,0,3618,5000,3581,3682,101,0.989773,0.972569
282,0.158408,61.420000,1.184396,0.000000,0.000000,0.782600,0.019000,0.801600,0.665000,1,3913,95,4008,5000,3954,4010,56,0.986527,0.986035
283,0.174906,56.980000,1.215945,0.000000,0.000000,0.785800,0.000000,0.785800,0.566000,0,3929,0,3929,5000,3892,4052,160,0.990583,0.960513
284,0.115622,63.060000,1.088173,0.000000,0.000000,0.789800,0.023600,0.813400,0.566600,1,3949,118,4067,5000,4039,4072,33,0.993115,0.991896
285,0.139535,63.270000,1.063873,0.000000,0.000000,0.786400,0.000000,0.786400,0.601800,0,3932,0,3932,5000,3910,4064,154,0.994405,0.962106
286,0.133654,63.650000,1.090195,0.000000,0.000000,0.784400,0.015600,0.800000,0.678200,1,3922,78,4000,5000,3958,4002,44,0.989500,0.989005
287,0.093263,58.720000,1.269246,0.000000,0.000000,0.781000,0.000000,0.781000,0.658600,0,3905,0,3905,5000,3884,3992,108,0.994622,0.972946
288,0.168585,57.700000,1.227861,0.000000,0.000000,0.791000,0.023000,0.814000,0.533400,1,3955,115,4070,5000,4021,4064,43,0.987961,0.989419
289,0.157086,49.760000,1.484616,0.000000,0.000000,0.834400,0.000000,0.834400,0.617200,0,4172,0,4172,5000,4141,4230,89,0.992570,0.978960
290,0.098227,55.800000,1.331620,0.000000,0.000000,0.767400,0.012400,0.779800,0.614400,1,3837,62,3899,5000,3876,3938,62,0.994101,0.984256
291,0.097016,58.140000,1.187822,0.000000,0.000000,0.806600,0.000000,0.806600,0.645200,0,4033,0,4033,5000,4010,4154,144,0.994297,0.965335
292,0.106630,60.250000,1.169916,0.000000,0.000000,0.804600,0.015000,0.819600,0.591600,1,4023,75,4098,5000,4064,4114,50,0.991703,0.987846
293,0.109727,55.990000,1.259112,0.000000,0.000000,0.835600,0.000000,0.835600,0.626000,0,4178,0,4178,5000,4152,4244,92,0.993777,0.978322
294,0.228366,61.070000,1.164600,0.000000,0.000000,0.770600,0.025000,0.795600,0.586000,1,3853,125,3978,5000,3917,3982,65,0.984666,0.983677
295,0.135433,61.220000,1.127758,0.000000,0.000000,0.726200,0.000000,0.726200,0.636600,0,3631,0,3631,5000,3583,3704,121,0.986781,0.967333
296,0.159977,53.610000,1.355910,0.000000,0.000000,0.767600,0.015400,0.783000,0.633800,1,3838,77,3915,5000,3871,3908,37,0.988761,0.990532
297,0.155157,61.210000,1.112183,0.000000,0.000000,0.824600,0.000000,0.824600,0.575000,0,4123,0,4123,5000,4071,4172,101,0.987388,0.975791
298,0.139820,57.630000,1.256622,0.000000,0.000000,0.802600,0.012600,0.815200,0.650400,1,4013,63,4076,5000,4048,4130,82,0.993131,0.980145
299,0.157732,59.280000,1.186246,0.000000,0.000000,0.743400,0.000000,0.743400,0.646600,0,3717,0,3717,5000,3681,3810,129,0.990315,0.966142
300,0.113316,59.930000,1.221191,0.000000,0.000000,0.814400,0.014800,0.829200,0.578000,1,4072,74,4146,5000,4118,4194,76,0.993247,0.981879
301,0.139197,65.630000,0.996467,0.000000,0.000000,0.803800,0.000000,0.803800,0.524800,0,4019,0,4019,5000,3980,4128,148,0.990296,0.964147
302,0.141777,59.340000,1.200888,0.000000,0.000000,0.818000,0.014800,0.832800,0.729600,1,4090,74,4164,5000,4120,4174,54,0.989433,0.987063
303,0.110079,55.970000,1.296875,0.000000,0.000000,0.734000,0.000000,0.734000,0.611800,0,3670,0,3670,5000,3630,3716,86,0.989101,0.976857
304,0.211389,57.510000,1.220238,0.000000,0.000000,0.786600,0.018200,0.804800,0.553200,1,3933,91,4024,5000,3970,4010,40,0.986581,0.990025
305,0.135275,63.710000,1.080791,0.000000,0.000000,0.815800,0.000000,0.815800,0.618600,0,4079,0,4079,5000,4015,4154,139,0.984310,0.966538
306,0.107093,57.600000,1.287897,0.000000,0.000000,0.831200,0.012800,0.844000,0.643000,1,4156,64,4220,5000,4201,4270,69,0.995498,0.983841
307,0.165666,61.230000,1.133390,0.000000,0.000000,0.776200,0.000000,0.776200,0.557600,0,3881,0,3881,5000,3849,3988,139,0.991755,0.965145
308,0.187888,57.540000,1.231222,0.000000,0.000000,0.722400,0.011200,0.733600,0.569200,1,3612,56,3668,5000,3615,3676,61,0.985551,0.983406
309,0.152295,57.980000,1.284393,0.000000,0.000000,0.812200,0.000000,0.812200,0.382600,0,4061,0,4061,5000,4031,4182,151,0.992613,0.963893
310,0.200546,62.500000,1.045316,0.000000,0.000000,0.768400,0.027600,0.796000,0.476000,1,3842,138,3980,5000,3928,3976,48,0.986935,0.987928
311,0.119342,61.750000,1.117525,0.000000,0.000000,0.753600,0.000000,0.753600,0.577600,0,3768,0,3768,5000,3728,3840,112,0.989384,0.970833
312,0.119605,59.510000,1.215713,0.000000,0.000000,0.785800,0.017000,0.802800,0.721400,1,3929,85,4014,5000,3970,4028,58,0.989038,0.985601
313,0.199530,62.310000,1.131161,0.000000,0.000000,0.734600,0.000000,0.734600,0.643200,0,3673,0,3673,5000,3611,3726,115,0.983120,0.969136
314,0.112405,60.870000,1.159413,0.000000,0.000000,0.781000,0.016000,0.797000,0.613600,1,3905,80,3985,5000,3951,4014,63,0.991468,0.984305
315,0.092468,62.570000,1.111814,0.000000,0.000000,0.777000,0.000000,0.777000,0.704800,0,3885,0,3885,5000,3867,4020,153,0.995367,0.961940
316,0.152438,64.450000,1.049033,0.000000,0.000000,0.810000,0.018600,0.828600,0.636000,1,4050,93,4143,5000,4118,4198,80,0.993966,0.980943
317,0.160877,61.620000,1.133362,0.000000,0.000000,0.789400,0.000000,0.789400,0.629200,0,3947,0,3947,5000,3904,4018,114,0.989106,0.971628
318,0.091735,64.610000,1.037157,0.000000,0.000000,0.806800,0.011400,0.818200,0.601400,1,4034,57,4091,5000,4070,4096,26,0.994867,0.993652
319,0.116458,61.370000,1.143444,0.000000,0.000000,0.762800,0.000000,0.762800,0.694800,0,3814,0,3814,5000,3789,3904,115,0.993445,0.970543
320,0.146180,59.000000,1.188546,0.000000,0.000000,0.745200,0.021800,0.767000,0.582200,1,3726,109,3835,5000,3786,3858,72,0.987223,0.981337
321,0.137569,66.830000,0.980128,0.000000,0.000000,0.779200,0.000000,0.779200,0.559800,0,3896,0,3896,5000,3855,3962,107,0.989476,0.972993
322,0.153911,64.040000,1.084164,0.000000,0.000000,0.824800,0.012200,0.837000,0.668000,1,4124,61,4185,5000,4152,4214,62,0.992115,0.985287
323,0.128170,58.800000,1.240529,0.000000,0.000000,0.808000,0.000000,0.808000,0.554400,0,4040,0,4040,5000,4012,4164,152,0.993069,0.963497
324,0.132890,62.010000,1.115413,0.000000,0.000000,0.821800,0.011400,0.833200,0.657000,1,4109,57,4166,5000,4133,4178,45,0.992079,0.989229
325,0.100218,58.280000,1.277339,0.000000,0.000000,0.741400,0.000000,0.741400,0.693800,0,3707,0,3707,5000,3677,3784,107,0.991907,0.971723
326,0.162362,56.400000,1.279331,0.000000,0.000000,0.767800,0.013800,0.781600,0.604800,1,3839,69,3908,5000,3878,3914,36,0.992323,0.990802
327,0.125387,59.340000,1.214198,0.000000,0.000000,0.782600,0.000000,0.782600,0.664000,0,3913,0,3913,5000,3875,4014,139,0.990289,0.965371
328,0.102693,54.710000,1.378550,0.000000,0.000000,0.815200,0.024400,0.839600,0.600200,1,4076,122,4198,5000,4172,4300,128,0.993807,0.970233
329,0.137015,59.710000,1.188251,0.000000,0.000000,0.744200,0.000000,0.744200,0.673400,0,3721,0,3721,5000,3691,3798,107,0.991938,0.971827
330,0.156095,57.900000,1.271790,0.000000,0.000000,0.755200,0.013200,0.768400,0.577000,1,3776,66,3842,5000,3795,3834,39,0.987767,0.989828
331,0.109399,57.960000,1.291913,0.000000,0.000000,0.771800,0.000000,0.771800,0.699400,0,3859,0,3859,5000,3822,3962,140,0.990412,0.964664
332,0.137568,61.890000,1.103233,0.000000,0.000000,0.817400,0.016400,0.833800,0.586600,1,4087,82,4169,5000,4135,4196,61,0.991845,0.985462
333,0.112797,59.700000,1.179339,0.000000,0.000000,0.761000,0.000000,0.761000,0.609400,0,3805,0,3805,5000,3772,3892,120,0.991327,0.969168
334,0.225248,61.690000,1.104401,0.000000,0.000000,0.737400,0.020400,0.757800,0.624000,1,3687,102,3789,5000,3725,3768,43,0.983109,0.988588
335,0.119351,63.000000,1.089416,0.000000,0.000000,0.789000,0.000000,0.789000,0.622000,0,3945,0,3945,5000,3906,4014,108,0.990114,0.973094
336,0.135262,59.650000,1.194509,0.000000,0.000000,0.800400,0.013200,0.813600,0.629000,1,4002,66,4068,5000,4018,4054,36,0.987709,0.991120
337,0.145799,59.150000,1.173225,0.000000,0.000000,0.770600,0.000000,0.770600,0.631400,0,3853,0,3853,5000,3815,3908,93,0.990138,0.976203
338,0.153275,60.000000,1.190712,0.000000,0.000000,0.810400,0.013800,0.824200,0.606200,1,4052,69,4121,5000,4078,4152,74,0.989566,0.982177
339,0.114153,60.780000,1.139952,0.000000,0.000000,0.794400,0.000000,0.794400,0.640600,0,3972,0,3972,5000,3937,4046,109,0.991188,0.973060
340,0.147911,59.570000,1.227499,0.000000,0.000000,0.768000,0.023200,0.791200,0.563800,1,3840,116,3956,5000,3903,3950,47,0.986603,0.988101
341,0.112651,60.790000,1.116848,0.000000,0.000000,0.785200,0.000000,0.785200,0.654400,0,3926,0,3926,5000,3890,3974,84,0.990830,0.978863
342,0.137070,52.770000,1.472727,0.000000,0.000000,0.800200,0.011000,0.811200,0.728600,1,4001,55,4056,5000,4015,4088,73,0.989892,0.982143
343,0.152113,61.120000,1.163792,0.000000,0.000000,0.823000,0.000000,0.823000,0.535000,0,4115,0,4115,5000,4068,4232,164,0.988578,0.961248
344,0.228584,57.470000,1.312186,0.000000,0.000000,0.830000,0.017000,0.847000,0.625400,1,4150,85,4235,5000,4195,4268,73,0.990555,0.982896
345,0.131201,60.460000,1.185861,0.000000,0.000000,0.763000,0.000000,0.763000,0.581400,0,3815,0,3815,5000,3769,3908,139,0.987942,0.964432
346,0.109669,58.750000,1.252497,0.000000,0.000000,0.808200,0.018400,0.826600,0.653800,1,4041,92,4133,5000,4105,4200,95,0.993225,0.977381
347,0.123793,62.330000,1.107364,0.000000,0.000000,0.775800,0.000000,0.775800,0.590400,0,3879,0,3879,5000,3851,4010,159,0.992782,0.960349
348,0.144502,63.930000,1.068085,0.000000,0.000000,0.777200,0.010400,0.787600,0.644000,1,3886,52,3938,5000,3889,3934,45,0.987557,0.988561
349,0.147579,63.670000,1.088290,0.000000,0.000000,0.832000,0.000000,0.832000,0.640600,0,4160,0,4160,5000,4133,4256,123,0.993510,0.971100
350,0.121899,65.660000,1.025634,0.000000,0.000000,0.798200,0.013000,0.811200,0.655800,1,3991,65,4056,5000,4022,4070,48,0.991617,0.988206
351,0.087737,61.450000,1.178020,0.000000,0.000000,0.776400,0.000000,0.776400,0.677000,0,3882,0,3882,5000,3855,3972,117,0.993045,0.970544
352,0.164138,57.700000,1.280535,0.000000,0.000000,0.756600,0.011200,0.767800,0.708000,1,3783,56,3839,5000,3783,3824,41,0.985413,0.989278
353,0.133386,61.940000,1.113656,0.000000,0.000000,0.775800,0.000000,0.775800,0.607200,0,3879,0,3879,5000,3848,3986,138,0.992008,0.965379
354,0.114829,64.850000,1.021358,0.000000,0.000000,0.785200,0.013000,0.798200,0.681000,1,3926,65,3991,5000,3948,4002,54,0.989226,0.986507
355,0.097654,53.570000,1.338726,0.000000,0.000000,0.765200,0.000000,0.765200,0.695400,0,3826,0,3826,5000,3789,3916,127,0.990329,0.967569
356,0.131615,58.340000,1.225973,0.000000,0.000000,0.797400,0.019000,0.816400,0.531600,1,3987,95,4082,5000,4045,4086,41,0.990936,0.989966
357,0.084812,62.350000,1.083415,0.000000,0.000000,0.778000,0.000000,0.778000,0.559000,0,3890,0,3890,5000,3865,3952,87,0.993573,0.977986
358,0.166433,62.070000,1.123853,0.000000,0.000000,0.788000,0.017200,0.805200,0.659600,1,3940,86,4026,5000,3976,4048,72,0.987581,0.982213
359,0.121034,63.890000,1.071300,0.000000,0.000000,0.805000,0.000000,0.805000,0.611000,0,4025,0,4025,5000,3993,4114,121,0.992050,0.970588
360,0.175573,62.340000,1.128709,0.000000,0.000000,0.733800,0.013000,0.746800,0.649200,1,3669,65,3734,5000,3667,3708,41,0.982057,0.988943
361,0.135872,61.130000,1.193736,0.000000,0.000000,0.784000,0.000000,0.784000,0.643200,0,3920,0,3920,5000,3890,3996,106,0.992347,0.973473
362,0.127204,63.450000,1.102017,0.000000,0.000000,0.779200,0.016000,0.795200,0.620400,1,3896,80,3976,5000,3940,3994,54,0.990946,0.986480
363,0.082293,57.390000,1.291620,0.000000,0.000000,0.773200,0.000000,0.773200,0.692600,0,3866,0,3866,5000,3841,3946,105,0.993533,0.973391
364,0.163630,66.060000,1.000802,0.000000,0.000000,0.794200,0.016800,0.811000,0.478800,1,3971,84,4055,5000,3999,4044,45,0.986190,0.988872
365,0.179090,59.610000,1.190028,0.000000,0.000000,0.840000,0.000000,0.840000,0.655200,0,4200,0,4200,5000,4187,4368,181,0.996905,0.958562
366,0.139628,54.700000,1.352413,0.000000,0.000000,0.806000,0.016800,0.822800,0.644000,1,4030,84,4114,5000,4070,4144,74,0.989305,0.982143
367,0.152162,57.110000,1.242203,0.000000,0.000000,0.766200,0.000000,0.766200,0.615800,0,3831,0,3831,5000,3783,3888,105,0.987471,0.972994
368,0.149923,65.500000,1.038601,0.000000,0.000000,0.722200,0.019600,0.741800,0.624800,1,3611,98,3709,5000,3654,3696,42,0.985171,0.988636
369,0.122184,58.470000,1.219585,0.000000,0.000000,0.756600,0.000000,0.756600,0.655800,0,3783,0,3783,5000,3740,3838,98,0.988633,0.974466
370,0.132105,63.960000,1.048224,0.000000,0.000000,0.802800,0.013600,0.816400,0.608000,1,4014,68,4082,5000,4042,4080,38,0.990201,0.990686
371,0.089781,60.520000,1.221606,0.000000,0.000000,0.816800,0.000000,0.816800,0.716800,0,4084,0,4084,5000,4064,4160,96,0.995103,0.976923
372,0.121510,62.100000,1.167868,0.000000,0.000000,0.792800,0.010400,0.803200,0.724400,1,3964,52,4016,5000,3955,3986,31,0.984811,0.992223
373,0.113150,62.250000,1.137696,0.000000,0.000000,0.717600,0.000000,0.717600,0.666200,0,3588,0,3588,5000,3550,3654,104,0.989409,0.971538
374,0.174304,61.860000,1.136102,0.000000,0.000000,0.756400,0.014200,0.770600,0.663000,1,3782,71,3853,5000,3791,3828,37,0.983909,0.990334
375,0.090230,63.670000,1.078602,0.000000,0.000000,0.831800,0.000000,0.831800,0.631000,0,4159,0,4159,5000,4136,4240,104,0.994470,0.975472
376,0.097681,58.290000,1.238671,0.000000,0.000000,0.763200,0.014400,0.777600,0.702600,1,3816,72,3888,5000,3833,3910,77,0.985854,0.980307
377,0.106354,63.370000,1.083454,0.000000,0.000000,0.760800,0.000000,0.760800,0.598600,0,3804,0,3804,5000,3771,3874,103,0.991325,0.973412
378,0.151416,61.320000,1.183371,0.000000,0.000000,0.766800,0.014000,0.780800,0.681400,1,3834,70,3904,5000,3849,3906,57,0.985912,0.985407
379,0.094950,63.400000,1.115644,0.000000,0.000000,0.762200,0.000000,0.762200,0.683400,0,3811,0,3811,5000,3785,3914,129,0.993178,0.967041
380,0.068003,52.740000,1.464124,0.000000,0.000000,0.806600,0.010000,0.816600,0.743400,1,4033,50,4083,5000,4062,4122,60,0.994857,0.985444
381,0.100362,58.940000,1.234167,0.000000,0.000000,0.752000,0.000000,0.752000,0.689800,0,3760,0,3760,5000,3722,3790,68,0.989894,0.982058
382,0.111369,59.900000,1.179989,0.000000,0.000000,0.786000,0.011600,0.797600,0.548000,1,3930,58,3988,5000,3949,4004,55,0.990221,0.986264
383,0.071087,58.080000,1.309599,0.000000,0.000000,0.741000,0.000000,0.741000,0.733600,0,3705,0,3705,5000,3681,3830,149,0.993522,0.961097
384,0.123018,60.460000,1.227962,0.000000,0.000000,0.789800,0.020200,0.810000,0.540800,1,3949,101,4050,5000,4006,4088,82,0.989136,0.979941
385,0.072710,58.810000,1.303670,0.000000,0.000000,0.852800,0.000000,0.852800,0.696200,0,4264,0,4264,5000,4250,4324,74,0.996717,0.982886
386,0.141231,60.420000,1.218155,0.000000,0.000000,0.761400,0.018600,0.780000,0.651000,1,3807,93,3900,5000,3858,3904,46,0.989231,0.988217
387,0.138769,59.080000,1.241033,0.000000,0.000000,0.800000,0.000000,0.800000,0.664800,0,4000,0,4000,5000,3970,4060,90,0.992500,0.977833
388,0.182571,57.810000,1.277361,0.000000,0.000000,0.732600,0.018200,0.750800,0.601600,1,3663,91,3754,5000,3698,3738,40,0.985083,0.989299
389,0.122757,58.150000,1.234622,0.000000,0.000000,0.768200,0.000000,0.768200,0.576200,0,3841,0,3841,5000,3799,3880,81,0.989065,0.979124
390,0.117373,62.980000,1.155285,0.000000,0.000000,0.800200,0.012000,0.812200,0.635200,1,4001,60,4061,5000,4021,4066,45,0.990150,0.988933
391,0.140851,64.220000,1.080298,0.000000,0.000000,0.803600,0.000000,0.803600,0.627200,0,4018,0,4018,5000,3967,4090,123,0.987307,0.969927
392,0.068196,62.130000,1.133525,0.000000,0.000000,0.816400,0.010000,0.826400,0.685200,1,4082,50,4132,5000,4121,4176,55,0.997338,0.986830
393,0.117661,66.070000,1.008072,0.000000,0.000000,0.754200,0.000000,0.754200,0.624600,0,3771,0,3771,5000,3737,3876,139,0.990984,0.964138
394,0.178404,64.060000,1.041127,0.000000,0.000000,0.793200,0.013800,0.807000,0.686600,1,3966,69,4035,5000,3993,4034,41,0.989591,0.989836
395,0.156734,63.500000,1.063487,0.000000,0.000000,0.743600,0.000000,0.743600,0.659800,0,3718,0,3718,5000,3675,3768,93,0.988435,0.975318
396,0.114809,63.880000,1.038918,0.000000,0.000000,0.841000,0.008200,0.849200,0.647600,1,4205,41,4246,5000,4207,4258,51,0.990815,0.988023
397,0.119299,65.870000,1.014398,0.000000,0.000000,0.784600,0.000000,0.784600,0.687800,0,3923,0,3923,5000,3883,4008,125,0.989804,0.968812
398,0.145809,63.330000,1.093600,0.000000,0.000000,0.778400,0.011000,0.789400,0.732400,1,3892,55,3947,5000,3899,3942,43,0.987839,0.989092
399,0.105855,63.680000,1.111397,0.000000,0.000000,0.771000,0.000000,0.771000,0.757200,0,3855,0,3855,5000,3821,3896,75,0.991180,0.980749
400,0.131044,54.610000,1.378549,0.000000,0.000000,0.776200,0.011600,0.787800,0.714600,1,3881,58,3939,5000,3893,3932,39,0.988322,0.990081
401,0.154172,64.400000,1.055974,0.000000,0.000000,0.751600,0.000000,0.751600,0.576800,0,3758,0,3758,5000,3700,3824,124,0.984566,0.967573
402,0.121053,62.550000,1.127442,0.000000,0.000000,0.794800,0.016400,0.811200,0.621200,1,3974,82,4056,5000,4014,4054,40,0.989645,0.990133
403,0.118809,63.590000,1.081079,0.000000,0.000000,0.804400,0.000000,0.804400,0.604400,0,4022,0,4022,5000,3987,4142,155,0.991298,0.962578
404,0.106855,59.220000,1.225985,0.000000,0.000000,0.765400,0.013000,0.778400,0.705000,1,3827,65,3892,5000,3856,3894,38,0.990750,0.990241
405,0.119343,64.820000,1.041049,0.000000,0.000000,0.813400,0.000000,0.813400,0.676800,0,4067,0,4067,5000,4046,4194,148,0.994836,0.964711
406,0.082430,60.530000,1.201147,0.000000,0.000000,0.793600,0.012600,0.806200,0.727800,1,3968,63,4031,5000,4006,4038,32,0.993798,0.992075
407,0.108242,69.440000,0.900073,0.000000,0.000000,0.819200,0.000000,0.819200,0.622000,0,4096,0,4096,5000,4071,4202,131,0.993896,0.968824
408,0.119450,64.940000,1.055865,0.000000,0.000000,0.824600,0.008000,0.832600,0.685400,1,4123,40,4163,5000,4142,4174,32,0.994956,0.992333
409,0.078783,64.270000,1.047185,0.000000,0.000000,0.779400,0.000000,0.779400,0.638000,0,3897,0,3897,5000,3868,4016,148,0.992558,0.963147
410,0.113966,60.770000,1.184442,0.000000,0.000000,0.823600,0.009800,0.833400,0.671800,1,4118,49,4167,5000,4128,4180,52,0.990641,0.987560
411,0.108798,62.040000,1.168440,0.000000,0.000000,0.802800,0.000000,0.802800,0.671600,0,4014,0,4014,5000,3972,4066,94,0.989537,0.976881
412,0.135054,63.280000,1.086838,0.000000,0.000000,0.788200,0.013400,0.801600,0.642000,1,3941,67,4008,5000,3967,4032,65,0.989770,0.983879
413,0.138499,65.120000,1.045475,0.000000,0.000000,0.753400,0.000000,0.753400,0.645000,0,3767,0,3767,5000,3727,3832,105,0.989381,0.972599
414,0.116007,60.550000,1.182286,0.000000,0.000000,0.788000,0.019200,0.807200,0.734600,1,3940,96,4036,5000,3997,4050,53,0.990337,0.986914
415,0.115846,62.870000,1.090535,0.000000,0.000000,0.748600,0.000000,0.748600,0.601200,0,3743,0,3743,5000,3706,3792,86,0.990115,0.977321
416,0.098811,63.510000,1.118424,0.000000,0.000000,0.760200,0.015600,0.775800,0.722200,1,3801,78,3879,5000,3845,3874,29,0.991235,0.992514
417,0.147102,61.990000,1.152687,0.000000,0.000000,0.800800,0.000000,0.800800,0.616600,0,4004,0,4004,5000,3982,4116,134,0.994505,0.967444
418,0.134634,66.050000,1.014682,0.000000,0.000000,0.768600,0.011000,0.779600,0.627400,1,3843,55,3898,5000,3851,3892,41,0.987943,0.989466
419,0.097287,63.120000,1.092096,0.000000,0.000000,0.804200,0.000000,0.804200,0.699000,0,4021,0,4021,5000,3984,4078,94,0.990798,0.976949
420,0.151082,64.020000,1.060414,0.000000,0.000000,0.774400,0.016400,0.790800,0.637200,1,3872,82,3954,5000,3901,3938,37,0.986596,0.990604
421,0.079931,62.930000,1.087510,0.000000,0.000000,0.772600,0.000000,0.772600,0.625000,0,3863,0,3863,5000,3832,3932,100,0.991975,0.974568
422,0.090922,62.070000,1.172264,0.000000,0.000000,0.794800,0.016000,0.810800,0.656000,1,3974,80,4054,5000,4020,4096,76,0.991613,0.981445
423,0.092351,61.310000,1.183328,0.000000,0.000000,0.731600,0.000000,0.731600,0.650400,0,3658,0,3658,5000,3623,3738,115,0.990432,0.969235
424,0.133760,65.170000,1.033958,0.000000,0.000000,0.799800,0.015400,0.815200,0.536000,1,3999,77,4076,5000,4026,4076,50,0.987733,0.987733
425,0.099507,63.060000,1.124209,0.000000,0.000000,0.802200,0.000000,0.802200,0.731000,0,4011,0,4011,5000,3980,4068,88,0.992271,0.978368
426,0.093997,65.010000,1.037226,0.000000,0.000000,0.764600,0.012400,0.777000,0.661600,1,3823,62,3885,5000,3852,3884,32,0.991506,0.991761
427,0.082125,65.260000,1.017768,0.000000,0.000000,0.795800,0.000000,0.795800,0.685600,0,3979,0,3979,5000,3953,4064,111,0.993466,0.972687
428,0.095967,63.140000,1.103376,0.000000,0.000000,0.726000,0.010400,0.736400,0.753000,1,3630,52,3682,5000,3644,3660,16,0.989680,0.995628
429,0.090418,66.020000,1.022121,0.000000,0.000000,0.748800,0.000000,0.748800,0.690600,0,3744,0,3744,5000,3711,3780,69,0.991186,0.981746
430,0.150175,60.640000,1.172665,0.000000,0.000000,0.792800,0.014400,0.807200,0.617800,1,3964,72,4036,5000,3993,4058,65,0.989346,0.983982
431,0.087252,54.880000,1.356546,0.000000,0.000000,0.804000,0.000000,0.804000,0.726600,0,4020,0,4020,5000,3991,4114,123,0.992786,0.970102
432,0.097491,61.030000,1.174887,0.000000,0.000000,0.756200,0.013600,0.769800,0.667800,1,3781,68,3849,5000,3812,3846,34,0.990387,0.991160
433,0.112793,64.800000,1.063990,0.000000,0.000000,0.732800,0.000000,0.732800,0.685600,0,3664,0,3664,5000,3622,3714,92,0.988537,0.975229
434,0.093452,64.880000,1.031428,0.000000,0.000000,0.864000,0.014400,0.878400,0.666600,1,4320,72,4392,5000,4371,4444,73,0.995219,0.983573
435,0.155848,60.540000,1.116197,0.000000,0.000000,0.738600,0.000000,0.738600,0.641800,0,3693,0,3693,5000,3646,3712,66,0.987273,0.982220
436,0.122448,62.760000,1.101921,0.000000,0.000000,0.770800,0.013400,0.784200,0.656600,1,3854,67,3921,5000,3878,3936,58,0.989033,0.985264
437,0.092990,62.240000,1.089769,0.000000,0.000000,0.794600,0.000000,0.794600,0.713000,0,3973,0,3973,5000,3937,4048,111,0.990939,0.972579
438,0.091221,61.510000,1.156764,0.000000,0.000000,0.771400,0.014000,0.785400,0.636400,1,3857,70,3927,5000,3899,3930,31,0.992870,0.992112
439,0.062296,62.410000,1.179027,0.000000,0.000000,0.861800,0.000000,0.861800,0.699800,0,4309,0,4309,5000,4297,4420,123,0.997215,0.972172
440,0.113262,54.890000,1.430764,0.000000,0.000000,0.846800,0.006000,0.852800,0.746800,1,4234,30,4264,5000,4244,4268,24,0.995310,0.994377
441,0.098405,62.330000,1.201685,0.000000,0.000000,0.761600,0.000000,0.761600,0.647400,0,3808,0,3808,5000,3772,3870,98,0.990546,0.974677
442,0.098607,63.040000,1.131691,0.000000,0.000000,0.735600,0.014400,0.750000,0.652400,1,3678,72,3750,5000,3714,3782,68,0.990400,0.982020
443,0.113334,58.710000,1.267810,0.000000,0.000000,0.787800,0.000000,0.787800,0.723600,0,3939,0,3939,5000,3906,4016,110,0.991622,0.972610
444,0.133095,61.150000,1.177287,0.000000,0.000000,0.801800,0.013600,0.815400,0.650800,1,4009,68,4077,5000,4039,4086,47,0.990679,0.988497
445,0.104203,58.650000,1.269748,0.000000,0.000000,0.768800,0.000000,0.768800,0.737800,0,3844,0,3844,5000,3809,3878,69,0.990895,0.982207
446,0.148934,62.580000,1.138205,0.000000,0.000000,0.808600,0.010800,0.819400,0.606000,1,4043,54,4097,5000,4053,4098,45,0.989260,0.989019
447,0.136300,58.310000,1.249403,0.000000,0.000000,0.777600,0.000000,0.777600,0.672400,0,3888,0,3888,5000,3847,3932,85,0.989455,0.978383
448,0.093730,57.130000,1.279421,0.000000,0.000000,0.757800,0.007200,0.765000,0.755600,1,3789,36,3825,5000,3789,3834,45,0.990588,0.988263
449,0.110410,61.860000,1.162702,0.000000,0.000000,0.860400,0.000000,0.860400,0.602200,0,4302,0,4302,5000,4277,4404,127,0.994189,0.971163
450,0.105858,64.380000,1.041307,0.000000,0.000000,0.809600,0.010000,0.819600,0.686400,1,4048,50,4098,5000,4063,4094,31,0.991459,0.992428
451,0.072085,54.050000,1.421247,0.000000,0.000000,0.786000,0.000000,0.786000,0.676600,0,3930,0,3930,5000,3915,4010,95,0.996183,0.976309
452,0.119515,64.160000,1.052413,0.000000,0.000000,0.800800,0.017800,0.818600,0.540200,1,4004,89,4093,5000,4062,4132,70,0.992426,0.983059
453,0.106409,65.670000,1.018123,0.000000,0.000000,0.789800,0.000000,0.789800,0.672400,0,3949,0,3949,5000,3912,4012,100,0.990631,0.975075
454,0.106965,63.720000,1.061078,0.000000,0.000000,0.769400,0.015200,0.784600,0.712400,1,3847,76,3923,5000,3878,3914,36,0.988529,0.990802
455,0.078759,63.180000,1.096866,0.000000,0.000000,0.805600,0.000000,0.805600,0.721800,0,4028,0,4028,5000,4006,4130,124,0.994538,0.969976
456,0.094394,65.180000,1.057552,0.000000,0.000000,0.784600,0.013800,0.798400,0.616200,1,3923,69,3992,5000,3959,4014,55,0.991733,0.986298
457,0.136017,62.730000,1.101296,0.000000,0.000000,0.819200,0.000000,0.819200,0.711200,0,4096,0,4096,5000,4062,4168,106,0.991699,0.974568
458,0.149616,63.980000,1.048495,0.000000,0.000000,0.758000,0.010200,0.768200,0.635400,1,3790,51,3841,5000,3793,3832,39,0.987503,0.989823
459,0.099644,65.420000,1.033938,0.000000,0.000000,0.805200,0.000000,0.805200,0.677600,0,4026,0,4026,5000,3998,4070,72,0.993045,0.982310
460,0.103222,66.300000,1.035827,0.000000,0.000000,0.817200,0.013600,0.830800,0.721400,1,4086,68,4154,5000,4124,4154,30,0.992778,0.992778
461,0.074865,60.580000,1.240238,0.000000,0.000000,0.826800,0.000000,0.826800,0.720600,0,4134,0,4134,5000,4119,4214,95,0.996372,0.977456
462,0.110641,64.750000,1.053194,0.000000,0.000000,0.829200,0.017000,0.846200,0.611800,1,4146,85,4231,5000,4198,4282,84,0.992200,0.980383
463,0.100505,59.830000,1.256522,0.000000,0.000000,0.811600,0.000000,0.811600,0.761200,0,4058,0,4058,5000,4017,4104,87,0.989897,0.978801
464,0.094903,63.940000,1.099623,0.000000,0.000000,0.817800,0.009600,0.827400,0.746800,1,4089,48,4137,5000,4116,4156,40,0.994924,0.990375
465,0.106833,61.570000,1.174406,0.000000,0.000000,0.736600,0.000000,0.736600,0.727400,0,3683,0,3683,5000,3641,3742,101,0.988596,0.973009
466,0.108381,66.880000,0.982722,0.000000,0.000000,0.805400,0.007600,0.813000,0.676600,1,4027,38,4065,5000,4037,4080,43,0.993112,0.989461
467,0.089757,61.470000,1.178373,0.000000,0.000000,0.819200,0.000000,0.819200,0.710200,0,4096,0,4096,5000,4066,4164,98,0.992676,0.976465
468,0.131674,62.520000,1.126680,0.000000,0.000000,0.792200,0.012000,0.804200,0.614400,1,3961,60,4021,5000,3992,4042,50,0.992788,0.987630
469,0.103312,60.950000,1.196427,0.000000,0.000000,0.815000,0.000000,0.815000,0.709400,0,4075,0,4075,5000,4044,4136,92,0.992393,0.977756
470,0.115367,64.160000,1.093597,0.000000,0.000000,0.803800,0.016400,0.820200,0.649200,1,4019,82,4101,5000,4062,4098,36,0.990490,0.991215
471,0.103095,65.050000,1.032030,0.000000,0.000000,0.798200,0.000000,0.798200,0.679400,0,3991,0,3991,5000,3968,4026,58,0.994237,0.985594
472,0.070322,65.120000,1.085245,0.000000,0.000000,0.793000,0.011200,0.804200,0.722000,1,3965,56,4021,5000,3993,4022,29,0.993037,0.992790
473,0.154340,60.260000,1.231436,0.000000,0.000000,0.781400,0.000000,0.781400,0.652600,0,3907,0,3907,5000,3872,3994,122,0.991042,0.969454
474,0.114321,60.050000,1.254272,0.000000,0.000000,0.769800,0.012600,0.782400,0.598400,1,3849,63,3912,5000,3869,3896,27,0.989008,0.993070
475,0.109732,63.700000,1.075695,0.000000,0.000000,0.816400,0.000000,0.816400,0.662800,0,4082,0,4082,5000,4055,4164,109,0.993386,0.973823
476,0.086655,66.560000,1.008351,0.000000,0.000000,0.771200,0.013800,0.785000,0.662400,1,3856,69,3925,5000,3885,3918,33,0.989809,0.991577
477,0.103275,63.490000,1.102111,0.000000,0.000000,0.787200,0.000000,0.787200,0.711400,0,3936,0,3936,5000,3901,4010,109,0.991108,0.972818
478,0.104768,60.250000,1.242542,0.000000,0.000000,0.807200,0.014400,0.821600,0.688800,1,4036,72,4108,5000,4069,4096,27,0.990506,0.993408
479,0.110636,63.540000,1.147999,0.000000,0.000000,0.822600,0.000000,0.822600,0.688600,0,4113,0,4113,5000,4077,4174,97,0.991247,0.976761
480,0.105516,61.390000,1.190369,0.000000,0.000000,0.806400,0.009000,0.815400,0.698400,1,4032,45,4077,5000,4041,4074,33,0.991170,0.991900
481,0.084489,61.500000,1.212739,0.000000,0.000000,0.783600,0.000000,0.783600,0.728000,0,3918,0,3918,5000,3885,3972,87,0.991577,0.978097
482,0.115972,64.470000,1.057544,0.000000,0.000000,0.836800,0.013000,0.849800,0.655400,1,4184,65,4249,5000,4215,4278,63,0.991998,0.985273
483,0.119755,63.050000,1.124928,0.000000,0.000000,0.789600,0.000000,0.789600,0.665400,0,3948,0,3948,5000,3905,4012,107,0.989108,0.973330
484,0.127360,60.810000,1.255755,0.000000,0.000000,0.767200,0.013200,0.780400,0.756600,1,3836,66,3902,5000,3850,3884,34,0.986674,0.991246
485,0.102826,61.630000,1.126182,0.000000,0.000000,0.775800,0.000000,0.775800,0.544000,0,3879,0,3879,5000,3852,3970,118,0.993039,0.970277
486,0.141450,61.750000,1.177883,0.000000,0.000000,0.782800,0.013800,0.796600,0.673600,1,3914,69,3983,5000,3945,4000,55,0.990459,0.986250
487,0.078304,65.410000,1.068112,0.000000,0.000000,0.790200,0.000000,0.790200,0.722800,0,3951,0,3951,5000,3913,3994,81,0.990382,0.979720
488,0.129312,63.780000,1.098822,0.000000,0.000000,0.739600,0.013000,0.752600,0.655000,1,3698,65,3763,5000,3716,3758,42,0.987510,0.988824
489,0.096597,66.220000,1.015844,0.000000,0.000000,0.751400,0.000000,0.751400,0.688400,0,3757,0,3757,5000,3716,3800,84,0.989087,0.977895
490,0.095017,65.270000,1.041707,0.000000,0.000000,0.784800,0.011000,0.795800,0.731000,1,3924,55,3979,5000,3943,3976,33,0.990953,0.991700
491,0.118010,64.620000,1.094535,0.000000,0.000000,0.801800,0.000000,0.801800,0.694200,0,4009,0,4009,5000,3978,4086,108,0.992267,0.973568
492,0.121428,64.740000,1.073925,0.000000,0.000000,0.790400,0.007400,0.797800,0.695000,1,3952,37,3989,5000,3945,3972,27,0.988970,0.993202
493,0.088817,66.870000,1.005990,0.000000,0.000000,0.821600,0.000000,0.821600,0.741600,0,4108,0,4108,5000,4076,4210,134,0.992210,0.968171
494,0.157601,62.060000,1.145280,0.000000,0.000000,0.762800,0.010400,0.773200,0.690600,1,3814,52,3866,5000,3818,3844,26,0.987584,0.993236
495,0.121230,63.920000,1.105581,0.000000,0.000000,0.771600,0.000000,0.771600,0.737800,0,3858,0,3858,5000,3801,3892,91,0.985226,0.976619
496,0.082756,63.660000,1.133913,0.000000,0.000000,0.765600,0.011600,0.777200,0.743400,1,3828,58,3886,5000,3849,3868,19,0.990479,0.995088
497,0.097829,61.700000,1.179009,0.000000,0.000000,0.827200,0.000000,0.827200,0.648200,0,4136,0,4136,5000,4119,4230,111,0.995890,0.973759
498,0.106308,66.620000,1.022132,0.000000,0.000000,0.790000,0.006400,0.796400,0.692400,1,3950,32,3982,5000,3955,3984,29,0.993219,0.992721
499,0.103223,64.520000,1.093429,0.000000,0.000000,0.849200,0.000000,0.849200,0.730200,0,4246,0,4246,5000,4227,4386,159,0.995525,0.963748
