epoch,train_loss,global_test_acc,global_test_loss,aux_apa,aux_loss,core_clean_ratio,recover_ratio,train_ratio,agreement_ratio,recovery_trigger,core_count,recover_count,train_count,total_count,actual_train_clean_count,actual_round_clean_count,missed_clean_count,false_clean_count,total_wrong_count,actual_train_clean_ratio,clean_recall
0,1.583011,19.820000,2.260016,0.000000,0.000000,1.000000,0.000000,1.000000,0.000000,0,5000,0,5000,5000,3216,3216,0,1784,1784,0.643200,1.000000
1,1.619783,20.510000,2.175785,0.000000,0.000000,1.000000,0.000000,1.000000,0.000000,0,5000,0,5000,5000,2980,2980,0,2020,2020,0.596000,1.000000
2,1.442699,15.930000,2.222102,0.000000,0.000000,1.000000,0.000000,1.000000,0.000000,0,5000,0,5000,5000,3112,3112,0,1888,1888,0.622400,1.000000
3,1.574752,23.540000,2.120756,0.000000,0.000000,1.000000,0.000000,1.000000,0.000000,0,5000,0,5000,5000,3096,3096,0,1904,1904,0.619200,1.000000
4,1.659526,25.060000,2.145320,0.000000,0.000000,1.000000,0.000000,1.000000,0.000000,0,5000,0,5000,5000,2924,2924,0,2076,2076,0.584800,1.000000
5,1.899394,26.050000,2.138001,0.000000,0.000000,1.000000,0.000000,1.000000,0.000000,0,5000,0,5000,5000,2272,2272,0,2728,2728,0.454400,1.000000
6,1.578646,25.590000,2.095672,0.000000,0.000000,1.000000,0.000000,1.000000,0.000000,0,5000,0,5000,5000,3012,3012,0,1988,1988,0.602400,1.000000
7,1.410942,25.210000,2.113632,0.000000,0.000000,1.000000,0.000000,1.000000,0.000000,0,5000,0,5000,5000,3164,3164,0,1836,1836,0.632800,1.000000
8,1.133435,28.390000,2.075264,0.000000,0.000000,1.000000,0.000000,1.000000,0.000000,0,5000,0,5000,5000,3772,3772,0,1228,1228,0.754400,1.000000
9,1.540937,20.030000,2.087721,0.000000,0.000000,1.000000,0.000000,1.000000,0.000000,0,5000,0,5000,5000,2752,2752,0,2248,2248,0.550400,1.000000
10,1.589616,21.550000,2.139470,0.000000,0.000000,1.000000,0.000000,1.000000,0.000000,0,5000,0,5000,5000,2888,2888,0,2112,2112,0.577600,1.000000
11,1.557228,24.470000,2.080880,0.000000,0.000000,1.000000,0.000000,1.000000,0.000000,0,5000,0,5000,5000,2940,2940,0,2060,2060,0.588000,1.000000
12,1.686357,27.900000,2.053315,0.000000,0.000000,1.000000,0.000000,1.000000,0.000000,0,5000,0,5000,5000,2736,2736,0,2264,2264,0.547200,1.000000
13,1.475788,27.910000,2.059042,0.000000,0.000000,1.000000,0.000000,1.000000,0.000000,0,5000,0,5000,5000,3148,3148,0,1852,1852,0.629600,1.000000
14,1.307400,25.710000,2.071776,0.000000,0.000000,1.000000,0.000000,1.000000,0.000000,0,5000,0,5000,5000,3492,3492,0,1508,1508,0.698400,1.000000
15,1.469989,20.160000,2.081734,0.000000,0.000000,1.000000,0.000000,1.000000,0.000000,0,5000,0,5000,5000,3160,3160,0,1840,1840,0.632000,1.000000
16,1.291304,31.690000,2.023061,0.000000,0.000000,1.000000,0.000000,1.000000,0.000000,0,5000,0,5000,5000,3508,3508,0,1492,1492,0.701600,1.000000
17,1.636943,32.010000,2.017431,0.000000,0.000000,1.000000,0.000000,1.000000,0.000000,0,5000,0,5000,5000,2780,2780,0,2220,2220,0.556000,1.000000
18,1.664638,26.120000,2.053257,0.000000,0.000000,1.000000,0.000000,1.000000,0.000000,0,5000,0,5000,5000,2632,2632,0,2368,2368,0.526400,1.000000
19,1.662213,30.690000,2.040661,0.000000,0.000000,1.000000,0.000000,1.000000,0.000000,0,5000,0,5000,5000,2716,2716,0,2284,2284,0.543200,1.000000
20,1.383945,34.240000,1.997709,0.000000,0.000000,1.000000,0.000000,1.000000,0.000000,0,5000,0,5000,5000,3272,3272,0,1728,1728,0.654400,1.000000
21,1.516185,32.070000,1.998621,0.000000,0.000000,1.000000,0.000000,1.000000,0.000000,0,5000,0,5000,5000,3172,3172,0,1828,1828,0.634400,1.000000
22,1.478994,29.020000,2.011296,0.000000,0.000000,1.000000,0.000000,1.000000,0.000000,0,5000,0,5000,5000,3028,3028,0,1972,1972,0.605600,1.000000
23,1.503402,26.940000,2.056885,0.000000,0.000000,1.000000,0.000000,1.000000,0.000000,0,5000,0,5000,5000,3004,3004,0,1996,1996,0.600800,1.000000
24,1.501383,26.030000,2.033268,0.000000,0.000000,1.000000,0.000000,1.000000,0.000000,0,5000,0,5000,5000,3028,3028,0,1972,1972,0.605600,1.000000
25,1.351599,31.610000,1.969358,0.000000,0.000000,1.000000,0.000000,1.000000,0.000000,0,5000,0,5000,5000,3364,3364,0,1636,1636,0.672800,1.000000
26,1.493950,28.900000,2.026364,0.000000,0.000000,1.000000,0.000000,1.000000,0.000000,0,5000,0,5000,5000,3208,3208,0,1792,1792,0.641600,1.000000
27,1.361971,30.110000,2.009594,0.000000,0.000000,1.000000,0.000000,1.000000,0.000000,0,5000,0,5000,5000,3324,3324,0,1676,1676,0.664800,1.000000
28,1.526853,33.520000,1.981941,0.000000,0.000000,1.000000,0.000000,1.000000,0.000000,0,5000,0,5000,5000,2968,2968,0,2032,2032,0.593600,1.000000
29,1.409579,29.610000,2.024172,0.000000,0.000000,1.000000,0.000000,1.000000,0.000000,0,5000,0,5000,5000,3264,3264,0,1736,1736,0.652800,1.000000
30,1.256719,24.100000,2.031403,0.000000,0.000000,1.000000,0.000000,1.000000,0.000000,0,5000,0,5000,5000,3504,3504,0,1496,1496,0.700800,1.000000
31,1.469245,29.680000,2.017573,0.000000,0.000000,1.000000,0.000000,1.000000,0.000000,0,5000,0,5000,5000,3148,3148,0,1852,1852,0.629600,1.000000
32,1.658286,31.560000,2.005401,0.000000,0.000000,1.000000,0.000000,1.000000,0.000000,0,5000,0,5000,5000,2788,2788,0,2212,2212,0.557600,1.000000
33,1.685156,29.870000,2.034427,0.000000,0.000000,1.000000,0.000000,1.000000,0.000000,0,5000,0,5000,5000,2796,2796,0,2204,2204,0.559200,1.000000
34,1.262224,33.670000,1.986575,0.000000,0.000000,1.000000,0.000000,1.000000,0.000000,0,5000,0,5000,5000,3496,3496,0,1504,1504,0.699200,1.000000
35,1.554824,30.340000,2.019659,0.000000,0.000000,1.000000,0.000000,1.000000,0.000000,0,5000,0,5000,5000,2908,2908,0,2092,2092,0.581600,1.000000
36,1.290414,18.950000,2.109923,0.000000,0.000000,1.000000,0.000000,1.000000,0.000000,0,5000,0,5000,5000,3428,3428,0,1572,1572,0.685600,1.000000
37,1.423823,30.560000,1.989980,0.000000,0.000000,1.000000,0.000000,1.000000,0.000000,0,5000,0,5000,5000,3196,3196,0,1804,1804,0.639200,1.000000
38,1.866214,32.890000,2.018558,0.000000,0.000000,1.000000,0.000000,1.000000,0.000000,0,5000,0,5000,5000,2148,2148,0,2852,2852,0.429600,1.000000
39,1.491747,29.100000,2.054769,0.000000,0.000000,1.000000,0.000000,1.000000,0.000000,0,5000,0,5000,5000,3172,3172,0,1828,1828,0.634400,1.000000
40,1.381108,30.970000,1.988896,0.000000,0.000000,1.000000,0.000000,1.000000,0.000000,0,5000,0,5000,5000,3196,3196,0,1804,1804,0.639200,1.000000
41,1.440356,27.280000,2.007168,0.000000,0.000000,1.000000,0.000000,1.000000,0.000000,0,5000,0,5000,5000,3036,3036,0,1964,1964,0.607200,1.000000
42,1.465738,31.880000,2.005754,0.000000,0.000000,1.000000,0.000000,1.000000,0.000000,0,5000,0,5000,5000,3112,3112,0,1888,1888,0.622400,1.000000
43,1.390235,31.630000,1.986329,0.000000,0.000000,1.000000,0.000000,1.000000,0.000000,0,5000,0,5000,5000,3152,3152,0,1848,1848,0.630400,1.000000
44,1.533886,33.690000,1.971164,0.000000,0.000000,1.000000,0.000000,1.000000,0.000000,0,5000,0,5000,5000,2976,2976,0,2024,2024,0.595200,1.000000
45,1.389195,32.640000,1.962346,0.000000,0.000000,1.000000,0.000000,1.000000,0.000000,0,5000,0,5000,5000,3204,3204,0,1796,1796,0.640800,1.000000
46,1.470765,28.410000,1.991013,0.000000,0.000000,1.000000,0.000000,1.000000,0.000000,0,5000,0,5000,5000,2872,2872,0,2128,2128,0.574400,1.000000
47,1.275557,30.430000,1.979308,0.000000,0.000000,1.000000,0.000000,1.000000,0.000000,0,5000,0,5000,5000,3396,3396,0,1604,1604,0.679200,1.000000
48,1.510091,30.180000,1.989896,0.000000,0.000000,1.000000,0.000000,1.000000,0.000000,0,5000,0,5000,5000,2756,2756,0,2244,2244,0.551200,1.000000
49,1.755136,28.730000,2.039395,0.000000,0.000000,1.000000,0.000000,1.000000,0.000000,0,5000,0,5000,5000,2452,2452,0,2548,2548,0.490400,1.000000
50,1.461276,25.890000,2.049455,0.000000,0.000000,1.000000,0.000000,1.000000,0.000000,0,5000,0,5000,5000,2912,2912,0,2088,2088,0.582400,1.000000
51,1.653501,28.840000,2.056950,0.000000,0.000000,1.000000,0.000000,1.000000,0.000000,0,5000,0,5000,5000,2612,2612,0,2388,2388,0.522400,1.000000
52,1.365534,29.240000,2.037596,0.000000,0.000000,1.000000,0.000000,1.000000,0.000000,0,5000,0,5000,5000,3136,3136,0,1864,1864,0.627200,1.000000
53,1.424014,31.840000,2.001852,0.000000,0.000000,1.000000,0.000000,1.000000,0.000000,0,5000,0,5000,5000,2952,2952,0,2048,2048,0.590400,1.000000
54,1.649215,29.130000,2.020718,0.000000,0.000000,1.000000,0.000000,1.000000,0.000000,0,5000,0,5000,5000,2556,2556,0,2444,2444,0.511200,1.000000
55,1.152048,27.870000,1.992725,0.000000,0.000000,1.000000,0.000000,1.000000,0.000000,0,5000,0,5000,5000,3536,3536,0,1464,1464,0.707200,1.000000
56,1.413228,31.640000,1.975094,0.000000,0.000000,1.000000,0.000000,1.000000,0.000000,0,5000,0,5000,5000,3120,3120,0,1880,1880,0.624000,1.000000
57,1.354887,30.870000,2.002820,0.000000,0.000000,1.000000,0.000000,1.000000,0.000000,0,5000,0,5000,5000,3276,3276,0,1724,1724,0.655200,1.000000
58,1.472663,31.680000,1.967399,0.000000,0.000000,1.000000,0.000000,1.000000,0.000000,0,5000,0,5000,5000,3048,3048,0,1952,1952,0.609600,1.000000
59,1.204936,28.620000,1.993882,0.000000,0.000000,1.000000,0.000000,1.000000,0.000000,0,5000,0,5000,5000,3620,3620,0,1380,1380,0.724000,1.000000
60,1.553880,32.890000,1.981353,0.000000,0.000000,1.000000,0.000000,1.000000,0.000000,0,5000,0,5000,5000,2920,2920,0,2080,2080,0.584000,1.000000
61,1.236057,31.220000,1.985015,0.000000,0.000000,1.000000,0.000000,1.000000,0.000000,0,5000,0,5000,5000,3400,3400,0,1600,1600,0.680000,1.000000
62,1.524906,30.670000,1.995112,0.000000,0.000000,1.000000,0.000000,1.000000,0.000000,0,5000,0,5000,5000,2884,2884,0,2116,2116,0.576800,1.000000
63,1.426758,31.640000,1.969934,0.000000,0.000000,1.000000,0.000000,1.000000,0.000000,0,5000,0,5000,5000,3140,3140,0,1860,1860,0.628000,1.000000
64,1.171537,31.390000,1.941307,0.000000,0.000000,1.000000,0.000000,1.000000,0.000000,0,5000,0,5000,5000,3464,3464,0,1536,1536,0.692800,1.000000
65,1.620261,29.980000,2.024941,0.000000,0.000000,1.000000,0.000000,1.000000,0.000000,0,5000,0,5000,5000,2692,2692,0,2308,2308,0.538400,1.000000
66,1.624239,32.610000,1.974553,0.000000,0.000000,1.000000,0.000000,1.000000,0.000000,0,5000,0,5000,5000,2648,2648,0,2352,2352,0.529600,1.000000
67,1.457262,32.560000,1.972804,0.000000,0.000000,1.000000,0.000000,1.000000,0.000000,0,5000,0,5000,5000,3004,3004,0,1996,1996,0.600800,1.000000
68,1.312826,32.700000,1.973034,0.000000,0.000000,1.000000,0.000000,1.000000,0.000000,0,5000,0,5000,5000,3332,3332,0,1668,1668,0.666400,1.000000
69,1.611848,28.740000,2.021846,0.000000,0.000000,1.000000,0.000000,1.000000,0.000000,0,5000,0,5000,5000,2700,2700,0,2300,2300,0.540000,1.000000
70,1.335673,34.970000,1.931589,0.000000,0.000000,1.000000,0.000000,1.000000,0.000000,0,5000,0,5000,5000,3208,3208,0,1792,1792,0.641600,1.000000
71,1.547878,27.320000,1.997041,0.000000,0.000000,1.000000,0.000000,1.000000,0.000000,0,5000,0,5000,5000,2824,2824,0,2176,2176,0.564800,1.000000
72,1.618251,26.960000,2.028502,0.000000,0.000000,1.000000,0.000000,1.000000,0.000000,0,5000,0,5000,5000,2612,2612,0,2388,2388,0.522400,1.000000
73,1.450220,32.800000,1.972234,0.000000,0.000000,1.000000,0.000000,1.000000,0.000000,0,5000,0,5000,5000,3000,3000,0,2000,2000,0.600000,1.000000
74,1.445668,26.370000,2.023461,0.000000,0.000000,1.000000,0.000000,1.000000,0.000000,0,5000,0,5000,5000,2980,2980,0,2020,2020,0.596000,1.000000
75,1.182683,34.970000,1.922802,0.000000,0.000000,1.000000,0.000000,1.000000,0.000000,0,5000,0,5000,5000,3596,3596,0,1404,1404,0.719200,1.000000
76,1.716577,28.860000,2.017064,0.000000,0.000000,1.000000,0.000000,1.000000,0.000000,0,5000,0,5000,5000,2544,2544,0,2456,2456,0.508800,1.000000
77,1.111886,27.860000,2.011887,0.000000,0.000000,1.000000,0.000000,1.000000,0.000000,0,5000,0,5000,5000,3592,3592,0,1408,1408,0.718400,1.000000
78,1.718424,30.430000,2.002027,0.000000,0.000000,1.000000,0.000000,1.000000,0.000000,0,5000,0,5000,5000,2380,2380,0,2620,2620,0.476000,1.000000
79,1.238533,35.860000,1.922438,0.000000,0.000000,1.000000,0.000000,1.000000,0.000000,0,5000,0,5000,5000,3336,3336,0,1664,1664,0.667200,1.000000
80,1.931858,27.540000,2.054655,0.000000,0.000000,1.000000,0.000000,1.000000,0.000000,0,5000,0,5000,5000,1824,1824,0,3176,3176,0.364800,1.000000
81,1.593386,29.830000,2.042585,0.000000,0.000000,1.000000,0.000000,1.000000,0.000000,0,5000,0,5000,5000,2576,2576,0,2424,2424,0.515200,1.000000
82,1.330446,32.290000,1.966282,0.000000,0.000000,1.000000,0.000000,1.000000,0.000000,0,5000,0,5000,5000,3364,3364,0,1636,1636,0.672800,1.000000
83,1.636260,28.440000,2.051507,0.000000,0.000000,1.000000,0.000000,1.000000,0.000000,0,5000,0,5000,5000,2552,2552,0,2448,2448,0.510400,1.000000
84,1.328204,27.170000,2.051357,0.000000,0.000000,1.000000,0.000000,1.000000,0.000000,0,5000,0,5000,5000,3192,3192,0,1808,1808,0.638400,1.000000
85,1.339233,27.660000,2.020464,0.000000,0.000000,1.000000,0.000000,1.000000,0.000000,0,5000,0,5000,5000,3024,3024,0,1976,1976,0.604800,1.000000
86,1.671382,28.160000,2.044539,0.000000,0.000000,1.000000,0.000000,1.000000,0.000000,0,5000,0,5000,5000,2456,2456,0,2544,2544,0.491200,1.000000
87,1.340634,26.050000,2.051349,0.000000,0.000000,1.000000,0.000000,1.000000,0.000000,0,5000,0,5000,5000,3204,3204,0,1796,1796,0.640800,1.000000
88,1.361677,28.050000,2.001714,0.000000,0.000000,1.000000,0.000000,1.000000,0.000000,0,5000,0,5000,5000,3096,3096,0,1904,1904,0.619200,1.000000
89,1.548829,30.230000,2.003660,0.000000,0.000000,1.000000,0.000000,1.000000,0.000000,0,5000,0,5000,5000,2840,2840,0,2160,2160,0.568000,1.000000
90,1.098103,32.180000,2.004067,0.000000,0.000000,1.000000,0.000000,1.000000,0.000000,0,5000,0,5000,5000,3548,3548,0,1452,1452,0.709600,1.000000
91,1.399470,29.910000,2.005102,0.000000,0.000000,1.000000,0.000000,1.000000,0.000000,0,5000,0,5000,5000,2784,2784,0,2216,2216,0.556800,1.000000
92,1.466232,25.110000,2.100200,0.000000,0.000000,1.000000,0.000000,1.000000,0.000000,0,5000,0,5000,5000,2812,2812,0,2188,2188,0.562400,1.000000
93,1.103666,29.940000,2.023932,0.000000,0.000000,1.000000,0.000000,1.000000,0.000000,0,5000,0,5000,5000,3648,3648,0,1352,1352,0.729600,1.000000
94,1.561433,28.690000,2.035194,0.000000,0.000000,1.000000,0.000000,1.000000,0.000000,0,5000,0,5000,5000,2692,2692,0,2308,2308,0.538400,1.000000
95,0.848690,29.630000,1.971311,0.000000,0.000000,1.000000,0.000000,1.000000,0.000000,0,5000,0,5000,5000,4060,4060,0,940,940,0.812000,1.000000
96,1.036005,31.570000,1.963304,0.000000,0.000000,1.000000,0.000000,1.000000,0.000000,0,5000,0,5000,5000,3888,3888,0,1112,1112,0.777600,1.000000
97,1.805362,32.350000,1.974882,0.000000,0.000000,1.000000,0.000000,1.000000,0.000000,0,5000,0,5000,5000,2108,2108,0,2892,2892,0.421600,1.000000
98,1.254314,28.430000,2.005745,0.000000,0.000000,1.000000,0.000000,1.000000,0.000000,0,5000,0,5000,5000,3424,3424,0,1576,1576,0.684800,1.000000
99,1.073666,30.810000,1.941009,0.000000,0.000000,1.000000,0.000000,1.000000,0.000000,0,5000,0,5000,5000,3648,3648,0,1352,1352,0.729600,1.000000
100,0.549976,35.860000,1.880389,0.000000,0.000000,0.599200,0.063200,0.662400,0.246800,1,2996,316,3312,5000,2915,3124,209,397,606,0.880133,0.933099
101,0.623650,35.760000,1.910240,0.000000,0.000000,0.536400,0.000000,0.536400,0.251400,0,2682,0,2682,5000,2149,2816,667,533,1200,0.801268,0.763139
102,0.451212,27.900000,2.059879,0.000000,0.000000,0.569800,0.035400,0.605200,0.357800,1,2849,177,3026,5000,2686,2908,222,340,562,0.887640,0.923659
103,0.717002,34.790000,2.004493,0.000000,0.000000,0.556200,0.000000,0.556200,0.243600,0,2781,0,2781,5000,2283,2344,61,498,559,0.820928,0.973976
104,0.848584,38.650000,1.828761,0.000000,0.000000,0.560400,0.114200,0.674600,0.216400,1,2802,571,3373,5000,2600,3028,428,773,1201,0.770827,0.858653
105,0.460739,33.590000,2.044848,0.000000,0.000000,0.666800,0.000000,0.666800,0.324200,0,3334,0,3334,5000,3070,3424,354,264,618,0.920816,0.896612
106,0.338238,37.900000,1.912006,0.000000,0.000000,0.620600,0.054200,0.674800,0.342400,1,3103,271,3374,5000,3279,3436,157,95,252,0.971844,0.954307
107,0.623531,34.450000,2.028061,0.000000,0.000000,0.663600,0.000000,0.663600,0.342400,0,3318,0,3318,5000,2806,3000,194,512,706,0.845690,0.935333
108,0.664246,38.630000,1.943190,0.000000,0.000000,0.515400,0.042800,0.558200,0.381800,1,2577,214,2791,5000,2321,2584,263,470,733,0.831602,0.898220
109,0.728906,42.490000,1.761574,0.000000,0.000000,0.562000,0.000000,0.562000,0.260600,0,2810,0,2810,5000,2201,2640,439,609,1048,0.783274,0.833712
110,0.412841,32.240000,1.938368,0.000000,0.000000,0.586400,0.051600,0.638000,0.331200,1,2932,258,3190,5000,2974,3232,258,216,474,0.932288,0.920173
111,0.211295,35.360000,2.006508,0.000000,0.000000,0.619800,0.000000,0.619800,0.343800,0,3099,0,3099,5000,3038,3588,550,61,611,0.980316,0.846711
112,0.409581,39.270000,1.774178,0.000000,0.000000,0.723000,0.041200,0.764200,0.305000,1,3615,206,3821,5000,3571,3720,149,250,399,0.934572,0.959946
113,0.637396,40.130000,1.764786,0.000000,0.000000,0.638400,0.000000,0.638400,0.273200,0,3192,0,3192,5000,2708,2908,200,484,684,0.848371,0.931224
114,0.276043,37.830000,1.715072,0.000000,0.000000,0.656800,0.073000,0.729800,0.283600,1,3284,365,3649,5000,3576,3728,152,73,225,0.979995,0.959227
115,0.624851,36.620000,1.790142,0.000000,0.000000,0.566200,0.000000,0.566200,0.349000,0,2831,0,2831,5000,2302,2628,326,529,855,0.813140,0.875951
116,0.468512,42.960000,1.643290,0.000000,0.000000,0.669600,0.029200,0.698800,0.293400,1,3348,146,3494,5000,3175,3232,57,319,376,0.908701,0.982364
117,0.341216,41.060000,1.629338,0.000000,0.000000,0.701800,0.000000,0.701800,0.379800,0,3509,0,3509,5000,3243,3484,241,266,507,0.924195,0.930827
118,0.552832,43.010000,1.646571,0.000000,0.000000,0.698800,0.053200,0.752000,0.329000,1,3494,266,3760,5000,3341,3416,75,419,494,0.888564,0.978044
119,0.608136,42.120000,1.624189,0.000000,0.000000,0.559800,0.000000,0.559800,0.284400,0,2799,0,2799,5000,2316,2640,324,483,807,0.827438,0.877273
120,0.506559,42.360000,1.601976,0.000000,0.000000,0.657200,0.048600,0.705800,0.255000,1,3286,243,3529,5000,3180,3256,76,349,425,0.901105,0.976658
121,0.463780,40.330000,1.633268,0.000000,0.000000,0.608800,0.000000,0.608800,0.373000,0,3044,0,3044,5000,2789,3000,211,255,466,0.916229,0.929667
122,0.782224,39.480000,1.689102,0.000000,0.000000,0.620800,0.056400,0.677200,0.346800,1,3104,282,3386,5000,2725,2824,99,661,760,0.804784,0.964943
123,0.424703,42.710000,1.551803,0.000000,0.000000,0.738200,0.000000,0.738200,0.305800,0,3691,0,3691,5000,3479,3700,221,212,433,0.942563,0.940270
124,0.799526,46.150000,1.468459,0.000000,0.000000,0.661200,0.031600,0.692800,0.251400,1,3306,158,3464,5000,2672,2716,44,792,836,0.771363,0.983800
125,0.740204,47.260000,1.459113,0.000000,0.000000,0.556200,0.000000,0.556200,0.345600,0,2781,0,2781,5000,2207,2312,105,574,679,0.793599,0.954585
126,0.491149,40.470000,1.627090,0.000000,0.000000,0.705800,0.028400,0.734200,0.432000,1,3529,142,3671,5000,3345,3400,55,326,381,0.911196,0.983824
127,0.625633,44.350000,1.545530,0.000000,0.000000,0.669800,0.000000,0.669800,0.316400,0,3349,0,3349,5000,2833,2932,99,516,615,0.845924,0.966235
128,0.352731,46.110000,1.547800,0.000000,0.000000,0.677200,0.028000,0.705200,0.421800,1,3386,140,3526,5000,3311,3360,49,215,264,0.939024,0.985417
129,0.571190,36.190000,1.771944,0.000000,0.000000,0.671200,0.000000,0.671200,0.412200,0,3356,0,3356,5000,2886,2968,82,470,552,0.859952,0.972372
130,0.694041,42.310000,1.643010,0.000000,0.000000,0.676400,0.021600,0.698000,0.381800,1,3382,108,3490,5000,2879,2932,53,611,664,0.824928,0.981924
131,0.523204,41.240000,1.682271,0.000000,0.000000,0.670400,0.000000,0.670400,0.409000,0,3352,0,3352,5000,2891,3012,121,461,582,0.862470,0.959827
132,0.499165,45.600000,1.524943,0.000000,0.000000,0.592800,0.023200,0.616000,0.369800,1,2964,116,3080,5000,2744,2764,20,336,356,0.890909,0.992764
133,0.726443,44.640000,1.546715,0.000000,0.000000,0.666600,0.000000,0.666600,0.343400,0,3333,0,3333,5000,2687,2772,85,646,731,0.806181,0.969336
134,0.871111,43.940000,1.627535,0.000000,0.000000,0.572200,0.035400,0.607600,0.346200,1,2861,177,3038,5000,2118,2140,22,920,942,0.697169,0.989720
135,0.428933,44.750000,1.624094,0.000000,0.000000,0.642000,0.000000,0.642000,0.345200,0,3210,0,3210,5000,2932,3060,128,278,406,0.913396,0.958170
136,0.602500,43.600000,1.592261,0.000000,0.000000,0.592200,0.029200,0.621400,0.366600,1,2961,146,3107,5000,2563,2588,25,544,569,0.824911,0.990340
137,0.624652,44.950000,1.550153,0.000000,0.000000,0.603200,0.000000,0.603200,0.375800,0,3016,0,3016,5000,2468,2604,136,548,684,0.818302,0.947773
138,0.693896,38.980000,1.644120,0.000000,0.000000,0.663400,0.026000,0.689400,0.404600,1,3317,130,3447,5000,2768,2808,40,679,719,0.803017,0.985755
139,0.719707,40.800000,1.582265,0.000000,0.000000,0.704800,0.000000,0.704800,0.407000,0,3524,0,3524,5000,2714,2840,126,810,936,0.770148,0.955634
140,0.594569,44.530000,1.519174,0.000000,0.000000,0.710800,0.022800,0.733600,0.272400,1,3554,114,3668,5000,3196,3236,40,472,512,0.871320,0.987639
141,0.745071,47.380000,1.475562,0.000000,0.000000,0.628800,0.000000,0.628800,0.402000,0,3144,0,3144,5000,2438,2512,74,706,780,0.775445,0.970541
142,0.356498,45.540000,1.523143,0.000000,0.000000,0.690200,0.032000,0.722200,0.380600,1,3451,160,3611,5000,3439,3492,53,172,225,0.952368,0.984822
143,0.560032,40.160000,1.653080,0.000000,0.000000,0.585000,0.000000,0.585000,0.403200,0,2925,0,2925,5000,2430,2516,86,495,581,0.830769,0.965819
144,0.675245,43.870000,1.515922,0.000000,0.000000,0.597200,0.019400,0.616600,0.422600,1,2986,97,3083,5000,2587,2628,41,496,537,0.839118,0.984399
145,0.302677,42.100000,1.559880,0.000000,0.000000,0.678200,0.000000,0.678200,0.408000,0,3391,0,3391,5000,3211,3384,173,180,353,0.946918,0.948877
146,0.640554,36.070000,1.711174,0.000000,0.000000,0.677800,0.018600,0.696400,0.389800,1,3389,93,3482,5000,2855,2876,21,627,648,0.819931,0.992698
147,0.558933,38.420000,1.631630,0.000000,0.000000,0.686800,0.000000,0.686800,0.360400,0,3434,0,3434,5000,3014,3104,90,420,510,0.877694,0.971005
148,0.462640,44.850000,1.504756,0.000000,0.000000,0.612000,0.026400,0.638400,0.384200,1,3060,132,3192,5000,2893,2920,27,299,326,0.906328,0.990753
149,0.631753,46.860000,1.456079,0.000000,0.000000,0.636400,0.000000,0.636400,0.389000,0,3182,0,3182,5000,2623,2700,77,559,636,0.824324,0.971481
150,0.880377,42.750000,1.525272,0.000000,0.000000,0.626400,0.027400,0.653800,0.366200,1,3132,137,3269,5000,2384,2472,88,885,973,0.729275,0.964401
151,0.495110,40.710000,1.580792,0.000000,0.000000,0.623600,0.000000,0.623600,0.387000,0,3118,0,3118,5000,2752,2968,216,366,582,0.882617,0.927224
152,0.367172,40.630000,1.608158,0.000000,0.000000,0.724600,0.021800,0.746400,0.401800,1,3623,109,3732,5000,3550,3612,62,182,244,0.951233,0.982835
153,0.438920,42.950000,1.556108,0.000000,0.000000,0.660000,0.000000,0.660000,0.328400,0,3300,0,3300,5000,2917,3072,155,383,538,0.883939,0.949544
154,0.362233,48.530000,1.413393,0.000000,0.000000,0.637400,0.035600,0.673000,0.369000,1,3187,178,3365,5000,3155,3236,81,210,291,0.937593,0.974969
155,0.760263,47.690000,1.412723,0.000000,0.000000,0.629600,0.000000,0.629600,0.504600,0,3148,0,3148,5000,2405,2476,71,743,814,0.763977,0.971325
156,0.471122,43.590000,1.520035,0.000000,0.000000,0.689800,0.030800,0.720600,0.408000,1,3449,154,3603,5000,3274,3316,42,329,371,0.908687,0.987334
157,0.557186,45.840000,1.452879,0.000000,0.000000,0.666800,0.000000,0.666800,0.286200,0,3334,0,3334,5000,2931,3020,89,403,492,0.879124,0.970530
158,0.557992,45.640000,1.473342,0.000000,0.000000,0.642200,0.023000,0.665200,0.395200,1,3211,115,3326,5000,2934,2976,42,392,434,0.882141,0.985887
159,0.463679,46.020000,1.512227,0.000000,0.000000,0.716200,0.000000,0.716200,0.446200,0,3581,0,3581,5000,3292,3424,132,289,421,0.919296,0.961449
160,0.300204,43.440000,1.700728,0.000000,0.000000,0.676600,0.027800,0.704400,0.435600,1,3383,139,3522,5000,3356,3412,56,166,222,0.952868,0.983587
161,0.555821,44.590000,1.601260,0.000000,0.000000,0.642200,0.000000,0.642200,0.402000,0,3211,0,3211,5000,2683,2808,125,528,653,0.835565,0.955484
162,0.560288,49.730000,1.451168,0.000000,0.000000,0.630000,0.033600,0.663600,0.449400,1,3150,168,3318,5000,2851,2912,61,467,528,0.859253,0.979052
163,0.463447,50.800000,1.386965,0.000000,0.000000,0.719600,0.000000,0.719600,0.409600,0,3598,0,3598,5000,3158,3340,182,440,622,0.877710,0.945509
164,0.508277,38.890000,1.733069,0.000000,0.000000,0.638600,0.017800,0.656400,0.425800,1,3193,89,3282,5000,2775,2816,41,507,548,0.845521,0.985440
165,0.225038,43.780000,1.577622,0.000000,0.000000,0.686400,0.000000,0.686400,0.436800,0,3432,0,3432,5000,3359,3484,125,73,198,0.978730,0.964122
166,0.724822,44.330000,1.563700,0.000000,0.000000,0.596200,0.023600,0.619800,0.429600,1,2981,118,3099,5000,2401,2424,23,698,721,0.774766,0.990512
167,0.693949,40.990000,1.671352,0.000000,0.000000,0.711400,0.000000,0.711400,0.454400,0,3557,0,3557,5000,2840,2940,100,717,817,0.798426,0.965986
168,0.374226,43.200000,1.629791,0.000000,0.000000,0.708600,0.028600,0.737200,0.458800,1,3543,143,3686,5000,3370,3428,58,316,374,0.914270,0.983081
169,0.478438,42.780000,1.647047,0.000000,0.000000,0.657000,0.000000,0.657000,0.396400,0,3285,0,3285,5000,2883,3024,141,402,543,0.877626,0.953373
170,0.359841,48.040000,1.516045,0.000000,0.000000,0.720400,0.021200,0.741600,0.408600,1,3602,106,3708,5000,3363,3452,89,345,434,0.906958,0.974218
171,0.776370,48.160000,1.480015,0.000000,0.000000,0.582000,0.000000,0.582000,0.344600,0,2910,0,2910,5000,2228,2512,284,682,966,0.765636,0.886943
172,0.688324,47.350000,1.425549,0.000000,0.000000,0.638000,0.018800,0.656800,0.309600,1,3190,94,3284,5000,2666,2680,14,618,632,0.811815,0.994776
173,0.293804,40.380000,1.638082,0.000000,0.000000,0.718200,0.000000,0.718200,0.394000,0,3591,0,3591,5000,3355,3504,149,236,385,0.934280,0.957477
174,0.540401,41.310000,1.693133,0.000000,0.000000,0.727200,0.022600,0.749800,0.387200,1,3636,113,3749,5000,3188,3216,28,561,589,0.850360,0.991294
175,0.477373,47.820000,1.408495,0.000000,0.000000,0.617600,0.000000,0.617600,0.291000,0,3088,0,3088,5000,2790,2896,106,298,404,0.903497,0.963398
176,0.372100,48.060000,1.450362,0.000000,0.000000,0.737200,0.019200,0.756400,0.414600,1,3686,96,3782,5000,3560,3604,44,222,266,0.941301,0.987791
177,0.504090,45.030000,1.533243,0.000000,0.000000,0.655200,0.000000,0.655200,0.426200,0,3276,0,3276,5000,2856,2956,100,420,520,0.871795,0.966171
178,0.621575,48.340000,1.492391,0.000000,0.000000,0.675200,0.015000,0.690200,0.434400,1,3376,75,3451,5000,2893,2924,31,558,589,0.838308,0.989398
179,0.257259,49.770000,1.375423,0.000000,0.000000,0.700200,0.000000,0.700200,0.372200,0,3501,0,3501,5000,3403,3568,165,98,263,0.972008,0.953756
180,0.727509,46.920000,1.443936,0.000000,0.000000,0.636200,0.024800,0.661000,0.502600,1,3181,124,3305,5000,2555,2584,29,750,779,0.773071,0.988777
181,0.310482,50.030000,1.453409,0.000000,0.000000,0.707600,0.000000,0.707600,0.405400,0,3538,0,3538,5000,3369,3508,139,169,308,0.952233,0.960376
182,0.685247,46.940000,1.536391,0.000000,0.000000,0.626800,0.027400,0.654200,0.502000,1,3134,137,3271,5000,2600,2632,32,671,703,0.794864,0.987842
183,0.295164,48.110000,1.435721,0.000000,0.000000,0.684000,0.000000,0.684000,0.482800,0,3420,0,3420,5000,3287,3404,117,133,250,0.961111,0.965629
184,0.956481,50.000000,1.381991,0.000000,0.000000,0.633400,0.018000,0.651400,0.359200,1,3167,90,3257,5000,2331,2364,33,926,959,0.715689,0.986041
185,0.261377,49.380000,1.385628,0.000000,0.000000,0.607400,0.000000,0.607400,0.430000,0,3037,0,3037,5000,2920,3020,100,117,217,0.961475,0.966887
186,0.351683,44.940000,1.484006,0.000000,0.000000,0.642000,0.013000,0.655000,0.379200,1,3210,65,3275,5000,3021,3064,43,254,297,0.922443,0.985966
187,0.734367,38.580000,1.666411,0.000000,0.000000,0.616600,0.000000,0.616600,0.449400,0,3083,0,3083,5000,2374,2476,102,709,811,0.770029,0.958805
188,0.724531,47.120000,1.443391,0.000000,0.000000,0.662200,0.034200,0.696400,0.326400,1,3311,171,3482,5000,2695,2744,49,787,836,0.773980,0.982143
189,0.369132,48.870000,1.390177,0.000000,0.000000,0.719600,0.000000,0.719600,0.389000,0,3598,0,3598,5000,3410,3540,130,188,318,0.947749,0.963277
190,0.452229,46.480000,1.426040,0.000000,0.000000,0.693800,0.023000,0.716800,0.451800,1,3469,115,3584,5000,3129,3180,51,455,506,0.873047,0.983962
191,0.700741,45.070000,1.491268,0.000000,0.000000,0.649000,0.000000,0.649000,0.432800,0,3245,0,3245,5000,2426,2500,74,819,893,0.747612,0.970400
192,0.431147,50.340000,1.348059,0.000000,0.000000,0.739400,0.023400,0.762800,0.362600,1,3697,117,3814,5000,3493,3532,39,321,360,0.915836,0.988958
193,0.607305,47.480000,1.414045,0.000000,0.000000,0.719800,0.000000,0.719800,0.366200,0,3599,0,3599,5000,3060,3164,104,539,643,0.850236,0.967130
194,0.451159,49.270000,1.383781,0.000000,0.000000,0.698800,0.014000,0.712800,0.382400,1,3494,70,3564,5000,3206,3260,54,358,412,0.899551,0.983436
195,0.597452,45.400000,1.491937,0.000000,0.000000,0.668800,0.000000,0.668800,0.419200,0,3344,0,3344,5000,2794,2872,78,550,628,0.835526,0.972841
196,0.363272,47.700000,1.425247,0.000000,0.000000,0.643400,0.020000,0.663400,0.397200,1,3217,100,3317,5000,3112,3152,40,205,245,0.938197,0.987310
197,0.767227,42.510000,1.570833,0.000000,0.000000,0.679400,0.000000,0.679400,0.456000,0,3397,0,3397,5000,2533,2616,83,864,947,0.745658,0.968272
198,0.505985,42.410000,1.584766,0.000000,0.000000,0.593400,0.037000,0.630400,0.361800,1,2967,185,3152,5000,2786,2948,162,366,528,0.883883,0.945047
199,0.702964,48.590000,1.407655,0.000000,0.000000,0.645000,0.000000,0.645000,0.374000,0,3225,0,3225,5000,2602,2696,94,623,717,0.806822,0.965134
200,0.613191,44.830000,1.501749,0.000000,0.000000,0.697800,0.018400,0.716200,0.482000,1,3489,92,3581,5000,3117,3140,23,464,487,0.870427,0.992675
201,0.372485,44.480000,1.488702,0.000000,0.000000,0.685200,0.000000,0.685200,0.491600,0,3426,0,3426,5000,3152,3268,116,274,390,0.920023,0.964504
202,0.545910,40.380000,1.654878,0.000000,0.000000,0.694200,0.019000,0.713200,0.407200,1,3471,95,3566,5000,3002,3032,30,564,594,0.841840,0.990106
203,0.810181,44.860000,1.533391,0.000000,0.000000,0.681600,0.000000,0.681600,0.373800,0,3408,0,3408,5000,2516,2632,116,892,1008,0.738263,0.955927
204,0.692283,41.380000,1.608269,0.000000,0.000000,0.708800,0.009600,0.718400,0.503000,1,3544,48,3592,5000,2829,2876,47,763,810,0.787584,0.983658
205,0.549986,46.530000,1.459333,0.000000,0.000000,0.632800,0.000000,0.632800,0.390800,0,3164,0,3164,5000,2716,2848,132,448,580,0.858407,0.953652
206,0.862151,43.520000,1.525779,0.000000,0.000000,0.693800,0.013000,0.706800,0.467000,1,3469,65,3534,5000,2519,2544,25,1015,1040,0.712790,0.990173
207,0.582134,44.260000,1.510485,0.000000,0.000000,0.693200,0.000000,0.693200,0.462600,0,3466,0,3466,5000,2780,2852,72,686,758,0.802077,0.974755
208,0.349694,47.010000,1.437732,0.000000,0.000000,0.787400,0.015000,0.802400,0.457600,1,3937,75,4012,5000,3779,3820,41,233,274,0.941924,0.989267
209,0.770883,48.830000,1.413707,0.000000,0.000000,0.657400,0.000000,0.657400,0.420800,0,3287,0,3287,5000,2599,2672,73,688,761,0.790691,0.972680
210,0.325931,47.580000,1.405042,0.000000,0.000000,0.699400,0.019400,0.718800,0.394800,1,3497,97,3594,5000,3373,3440,67,221,288,0.938509,0.980523
211,0.696069,49.110000,1.385736,0.000000,0.000000,0.640800,0.000000,0.640800,0.459000,0,3204,0,3204,5000,2516,2576,60,688,748,0.785268,0.976708
212,0.314118,43.290000,1.583749,0.000000,0.000000,0.696200,0.021800,0.718000,0.448000,1,3481,109,3590,5000,3331,3364,33,259,292,0.927855,0.990190
213,0.514478,40.430000,1.588760,0.000000,0.000000,0.656800,0.000000,0.656800,0.306800,0,3284,0,3284,5000,2896,2988,92,388,480,0.881851,0.969210
214,0.575293,41.330000,1.584960,0.000000,0.000000,0.675000,0.031800,0.706800,0.393200,1,3375,159,3534,5000,2954,2980,26,580,606,0.835880,0.991275
215,0.426862,48.170000,1.417080,0.000000,0.000000,0.654200,0.000000,0.654200,0.428600,0,3271,0,3271,5000,2961,3024,63,310,373,0.905228,0.979167
216,0.531440,48.120000,1.396108,0.000000,0.000000,0.656600,0.015400,0.672000,0.412800,1,3283,77,3360,5000,2951,2984,33,409,442,0.878274,0.988941
217,0.546964,46.430000,1.494540,0.000000,0.000000,0.671600,0.000000,0.671600,0.514400,0,3358,0,3358,5000,2898,3032,134,460,594,0.863014,0.955805
218,0.593735,44.270000,1.576416,0.000000,0.000000,0.630200,0.023400,0.653600,0.468000,1,3151,117,3268,5000,2703,2728,25,565,590,0.827111,0.990836
219,0.682022,47.500000,1.440724,0.000000,0.000000,0.669600,0.000000,0.669600,0.322200,0,3348,0,3348,5000,2745,2832,87,603,690,0.819892,0.969280
220,0.551788,45.090000,1.484910,0.000000,0.000000,0.763000,0.029200,0.792200,0.347200,1,3815,146,3961,5000,3264,3336,72,697,769,0.824034,0.978417
221,0.384409,49.080000,1.387559,0.000000,0.000000,0.679200,0.000000,0.679200,0.370400,0,3396,0,3396,5000,3150,3264,114,246,360,0.927562,0.965074
222,0.552156,48.850000,1.385384,0.000000,0.000000,0.691600,0.020400,0.712000,0.417000,1,3458,102,3560,5000,2966,3012,46,594,640,0.833146,0.984728
223,0.594607,48.420000,1.396745,0.000000,0.000000,0.648800,0.000000,0.648800,0.519200,0,3244,0,3244,5000,2770,2828,58,474,532,0.853884,0.979491
224,0.621145,49.220000,1.433300,0.000000,0.000000,0.720200,0.021000,0.741200,0.383000,1,3601,105,3706,5000,3010,3064,54,696,750,0.812196,0.982376
225,0.546003,48.970000,1.408561,0.000000,0.000000,0.651200,0.000000,0.651200,0.426400,0,3256,0,3256,5000,2761,2868,107,495,602,0.847973,0.962692
226,0.645009,48.490000,1.411446,0.000000,0.000000,0.732400,0.020200,0.752600,0.403400,1,3662,101,3763,5000,3095,3124,29,668,697,0.822482,0.990717
227,0.649569,48.790000,1.394512,0.000000,0.000000,0.708200,0.000000,0.708200,0.386600,0,3541,0,3541,5000,2886,2976,90,655,745,0.815024,0.969758
228,0.562724,45.760000,1.447990,0.000000,0.000000,0.631800,0.027000,0.658800,0.423800,1,3159,135,3294,5000,2758,2824,66,536,602,0.837280,0.976629
229,0.464136,47.340000,1.453446,0.000000,0.000000,0.635600,0.000000,0.635600,0.435000,0,3178,0,3178,5000,2706,2792,86,472,558,0.851479,0.969198
230,0.346754,50.970000,1.356273,0.000000,0.000000,0.683600,0.019000,0.702600,0.454600,1,3418,95,3513,5000,3294,3376,82,219,301,0.937660,0.975711
231,0.413943,36.980000,1.762686,0.000000,0.000000,0.631600,0.000000,0.631600,0.484600,0,3158,0,3158,5000,2823,2948,125,335,460,0.893920,0.957598
232,0.463430,47.130000,1.480214,0.000000,0.000000,0.638600,0.020800,0.659400,0.280200,1,3193,104,3297,5000,3000,3048,48,297,345,0.909918,0.984252
233,0.484207,48.190000,1.415375,0.000000,0.000000,0.663800,0.000000,0.663800,0.431400,0,3319,0,3319,5000,2872,2940,68,447,515,0.865321,0.976871
234,0.829602,44.570000,1.516816,0.000000,0.000000,0.691000,0.029200,0.720200,0.459800,1,3455,146,3601,5000,2490,2520,30,1111,1141,0.691475,0.988095
235,0.357205,51.300000,1.354055,0.000000,0.000000,0.646400,0.000000,0.646400,0.315600,0,3232,0,3232,5000,2983,3084,101,249,350,0.922958,0.967250
236,0.885958,51.580000,1.347004,0.000000,0.000000,0.636800,0.023200,0.660000,0.471600,1,3184,116,3300,5000,2307,2336,29,993,1022,0.699091,0.987586
237,0.557098,51.410000,1.383945,0.000000,0.000000,0.714800,0.000000,0.714800,0.444400,0,3574,0,3574,5000,3078,3168,90,496,586,0.861220,0.971591
238,0.484923,44.980000,1.495408,0.000000,0.000000,0.649400,0.018000,0.667400,0.396400,1,3247,90,3337,5000,2899,2952,53,438,491,0.868744,0.982046
239,0.328672,42.460000,1.579817,0.000000,0.000000,0.687600,0.000000,0.687600,0.412200,0,3438,0,3438,5000,3203,3336,133,235,368,0.931646,0.960132
240,0.378755,44.950000,1.547529,0.000000,0.000000,0.647400,0.020800,0.668200,0.471400,1,3237,104,3341,5000,3024,3064,40,317,357,0.905118,0.986945
241,0.586700,46.310000,1.523519,0.000000,0.000000,0.690800,0.000000,0.690800,0.520600,0,3454,0,3454,5000,2925,3100,175,529,704,0.846844,0.943548
242,0.393879,45.880000,1.545837,0.000000,0.000000,0.670800,0.012200,0.683000,0.579200,1,3354,61,3415,5000,3061,3120,59,354,413,0.896340,0.981090
243,0.451317,49.500000,1.363508,0.000000,0.000000,0.683200,0.000000,0.683200,0.289800,0,3416,0,3416,5000,3066,3176,110,350,460,0.897541,0.965365
244,0.301810,52.400000,1.345582,0.000000,0.000000,0.655400,0.015200,0.670600,0.447600,1,3277,76,3353,5000,3171,3228,57,182,239,0.945720,0.982342
245,0.298914,54.210000,1.271259,0.000000,0.000000,0.662800,0.000000,0.662800,0.486400,0,3314,0,3314,5000,3107,3196,89,207,296,0.937538,0.972153
246,0.709698,51.800000,1.361483,0.000000,0.000000,0.720600,0.017800,0.738400,0.519400,1,3603,89,3692,5000,2959,3008,49,733,782,0.801463,0.983710
247,0.592294,51.140000,1.378093,0.000000,0.000000,0.651800,0.000000,0.651800,0.448600,0,3259,0,3259,5000,2667,2744,77,592,669,0.818349,0.971939
248,0.601155,50.750000,1.386151,0.000000,0.000000,0.651600,0.023600,0.675200,0.496400,1,3258,118,3376,5000,2761,2780,19,615,634,0.817832,0.993165
249,0.450770,47.260000,1.453866,0.000000,0.000000,0.688400,0.000000,0.688400,0.492200,0,3442,0,3442,5000,3002,3108,106,440,546,0.872167,0.965894
250,0.538046,47.120000,1.481681,0.000000,0.000000,0.642800,0.029000,0.671800,0.529400,1,3214,145,3359,5000,2798,2840,42,561,603,0.832986,0.985211
251,1.021975,50.670000,1.397359,0.000000,0.000000,0.640600,0.000000,0.640600,0.460000,0,3203,0,3203,5000,2009,2076,67,1194,1261,0.627224,0.967726
252,0.276850,50.270000,1.381786,0.000000,0.000000,0.789800,0.015200,0.805000,0.516800,1,3949,76,4025,5000,3800,3856,56,225,281,0.944099,0.985477
253,0.455053,49.750000,1.376392,0.000000,0.000000,0.662200,0.000000,0.662200,0.421800,0,3311,0,3311,5000,2928,3020,92,383,475,0.884325,0.969536
254,0.608718,49.630000,1.365064,0.000000,0.000000,0.714600,0.011200,0.725800,0.414600,1,3573,56,3629,5000,3028,3068,40,601,641,0.834390,0.986962
255,0.587401,44.390000,1.483480,0.000000,0.000000,0.672000,0.000000,0.672000,0.485600,0,3360,0,3360,5000,2721,2788,67,639,706,0.809821,0.975968
256,0.378737,45.240000,1.483467,0.000000,0.000000,0.703800,0.018400,0.722200,0.450400,1,3519,92,3611,5000,3398,3452,54,213,267,0.941014,0.984357
257,0.611702,46.240000,1.487567,0.000000,0.000000,0.664200,0.000000,0.664200,0.563400,0,3321,0,3321,5000,2671,2760,89,650,739,0.804276,0.967754
258,0.428511,42.240000,1.570140,0.000000,0.000000,0.700600,0.016000,0.716600,0.495000,1,3503,80,3583,5000,3272,3296,24,311,335,0.913201,0.992718
259,0.634336,50.250000,1.409863,0.000000,0.000000,0.735000,0.000000,0.735000,0.435200,0,3675,0,3675,5000,2903,2976,73,772,845,0.789932,0.975470
260,0.567134,50.470000,1.352109,0.000000,0.000000,0.653200,0.017400,0.670600,0.477800,1,3266,87,3353,5000,2705,2752,47,648,695,0.806740,0.982922
261,0.442994,52.640000,1.316170,0.000000,0.000000,0.689400,0.000000,0.689400,0.474000,0,3447,0,3447,5000,3094,3192,98,353,451,0.897592,0.969298
262,0.387947,47.330000,1.438565,0.000000,0.000000,0.727000,0.007400,0.734400,0.451200,1,3635,37,3672,5000,3363,3416,53,309,362,0.915850,0.984485
263,0.233685,49.190000,1.447488,0.000000,0.000000,0.735800,0.000000,0.735800,0.499600,0,3679,0,3679,5000,3548,3648,100,131,231,0.964392,0.972588
264,0.535907,50.380000,1.342706,0.000000,0.000000,0.704400,0.016000,0.720400,0.429400,1,3522,80,3602,5000,3063,3084,21,539,560,0.850361,0.993191
265,0.446045,47.250000,1.419048,0.000000,0.000000,0.586400,0.000000,0.586400,0.505400,0,2932,0,2932,5000,2485,2568,83,447,530,0.847544,0.967679
266,0.645351,51.310000,1.359861,0.000000,0.000000,0.733400,0.032600,0.766000,0.494600,1,3667,163,3830,5000,3034,3068,34,796,830,0.792167,0.988918
267,0.476956,48.180000,1.382475,0.000000,0.000000,0.622000,0.000000,0.622000,0.469400,0,3110,0,3110,5000,2713,2804,91,397,488,0.872347,0.967546
268,0.587645,49.220000,1.397220,0.000000,0.000000,0.686600,0.023400,0.710000,0.523600,1,3433,117,3550,5000,2831,2864,33,719,752,0.797465,0.988478
269,0.376010,50.590000,1.357438,0.000000,0.000000,0.726800,0.000000,0.726800,0.437200,0,3634,0,3634,5000,3333,3428,95,301,396,0.917171,0.972287
270,0.592782,48.810000,1.458127,0.000000,0.000000,0.699800,0.021000,0.720800,0.538800,1,3499,105,3604,5000,2908,2948,40,696,736,0.806881,0.986431
271,0.421118,49.270000,1.410130,0.000000,0.000000,0.652000,0.000000,0.652000,0.469200,0,3260,0,3260,5000,2995,3088,93,265,358,0.918712,0.969883
272,0.438597,38.790000,1.719279,0.000000,0.000000,0.736600,0.016200,0.752800,0.412000,1,3683,81,3764,5000,3388,3420,32,376,408,0.900106,0.990643
273,0.620493,47.250000,1.425082,0.000000,0.000000,0.567200,0.000000,0.567200,0.416600,0,2836,0,2836,5000,2244,2364,120,592,712,0.791255,0.949239
274,0.595598,50.710000,1.342002,0.000000,0.000000,0.668000,0.021800,0.689800,0.459400,1,3340,109,3449,5000,2824,2856,32,625,657,0.818788,0.988796
275,0.569230,51.340000,1.338636,0.000000,0.000000,0.685400,0.000000,0.685400,0.465600,0,3427,0,3427,5000,2964,3108,144,463,607,0.864896,0.953668
276,0.597909,49.560000,1.395689,0.000000,0.000000,0.719200,0.019400,0.738600,0.505200,1,3596,97,3693,5000,2964,2992,28,729,757,0.802600,0.990642
277,0.479075,48.690000,1.386195,0.000000,0.000000,0.735800,0.000000,0.735800,0.395000,0,3679,0,3679,5000,3051,3176,125,628,753,0.829301,0.960642
278,0.561871,48.600000,1.397215,0.000000,0.000000,0.646800,0.012400,0.659200,0.515200,1,3234,62,3296,5000,2753,2784,31,543,574,0.835255,0.988865
279,0.329959,48.560000,1.441342,0.000000,0.000000,0.722600,0.000000,0.722600,0.519200,0,3613,0,3613,5000,3379,3460,81,234,315,0.935234,0.976590
280,0.388646,39.640000,1.674380,0.000000,0.000000,0.741000,0.018600,0.759600,0.556400,1,3705,93,3798,5000,3425,3484,59,373,432,0.901790,0.983065
281,0.626557,45.660000,1.470021,0.000000,0.000000,0.651400,0.000000,0.651400,0.259000,0,3257,0,3257,5000,2612,2676,64,645,709,0.801965,0.976084
282,0.499709,50.200000,1.390610,0.000000,0.000000,0.650200,0.015800,0.666000,0.496400,1,3251,79,3330,5000,2855,2884,29,475,504,0.857357,0.989945
283,0.674880,44.900000,1.540385,0.000000,0.000000,0.717600,0.000000,0.717600,0.530600,0,3588,0,3588,5000,2926,3016,90,662,752,0.815496,0.970159
284,0.505768,48.210000,1.442558,0.000000,0.000000,0.730000,0.019200,0.749200,0.369200,1,3650,96,3746,5000,3298,3340,42,448,490,0.880406,0.987425
285,0.281315,44.730000,1.593295,0.000000,0.000000,0.706400,0.000000,0.706400,0.559400,0,3532,0,3532,5000,3282,3364,82,250,332,0.929219,0.975624
286,0.582598,48.770000,1.403525,0.000000,0.000000,0.628600,0.015600,0.644200,0.443000,1,3143,78,3221,5000,2664,2688,24,557,581,0.827072,0.991071
287,0.711538,50.450000,1.352364,0.000000,0.000000,0.691200,0.000000,0.691200,0.457800,0,3456,0,3456,5000,2733,2816,83,723,806,0.790799,0.970526
288,0.851115,45.570000,1.478109,0.000000,0.000000,0.735800,0.031800,0.767600,0.528000,1,3679,159,3838,5000,2819,2844,25,1019,1044,0.734497,0.991210
289,0.536124,51.490000,1.374824,0.000000,0.000000,0.638800,0.000000,0.638800,0.482400,0,3194,0,3194,5000,2610,2680,70,584,654,0.817157,0.973881
290,0.417230,48.510000,1.390138,0.000000,0.000000,0.757000,0.014200,0.771200,0.449600,1,3785,71,3856,5000,3544,3608,64,312,376,0.919087,0.982262
291,0.215718,49.160000,1.377302,0.000000,0.000000,0.711200,0.000000,0.711200,0.450800,0,3556,0,3556,5000,3418,3544,126,138,264,0.961192,0.964447
292,0.486757,47.480000,1.462584,0.000000,0.000000,0.717200,0.008800,0.726000,0.369400,1,3586,44,3630,5000,3198,3240,42,432,474,0.880992,0.987037
293,0.751297,48.860000,1.401843,0.000000,0.000000,0.702200,0.000000,0.702200,0.447200,0,3511,0,3511,5000,2613,2656,43,898,941,0.744232,0.983810
294,0.491475,49.530000,1.411618,0.000000,0.000000,0.655200,0.016200,0.671400,0.524800,1,3276,81,3357,5000,2853,2888,35,504,539,0.849866,0.987881
295,0.572158,47.970000,1.478173,0.000000,0.000000,0.642600,0.000000,0.642600,0.489200,0,3213,0,3213,5000,2604,2688,84,609,693,0.810458,0.968750
296,0.411944,52.240000,1.344289,0.000000,0.000000,0.595400,0.013400,0.608800,0.485200,1,2977,67,3044,5000,2706,2740,34,338,372,0.888962,0.987591
297,0.511933,49.170000,1.377573,0.000000,0.000000,0.668000,0.000000,0.668000,0.450200,0,3340,0,3340,5000,2877,2948,71,463,534,0.861377,0.975916
298,0.754606,48.890000,1.428079,0.000000,0.000000,0.667200,0.018200,0.685400,0.498600,1,3336,91,3427,5000,2498,2524,26,929,955,0.728917,0.989699
299,0.708418,45.820000,1.470053,0.000000,0.000000,0.647800,0.000000,0.647800,0.445600,0,3239,0,3239,5000,2382,2444,62,857,919,0.735412,0.974632
300,0.707884,48.020000,1.397890,0.000000,0.000000,0.695000,0.018000,0.713000,0.394600,1,3475,90,3565,5000,2644,2712,68,921,989,0.741655,0.974926
301,0.605447,45.470000,1.475756,0.000000,0.000000,0.680400,0.000000,0.680400,0.506200,0,3402,0,3402,5000,2675,2748,73,727,800,0.786302,0.973435
302,0.752475,50.330000,1.388123,0.000000,0.000000,0.696800,0.021400,0.718200,0.415400,1,3484,107,3591,5000,2616,2648,32,975,1007,0.728488,0.987915
303,0.774415,41.080000,1.559643,0.000000,0.000000,0.684800,0.000000,0.684800,0.454200,0,3424,0,3424,5000,2475,2508,33,949,982,0.722839,0.986842
304,0.511974,47.010000,1.457477,0.000000,0.000000,0.753800,0.018800,0.772600,0.435000,1,3769,94,3863,5000,3362,3376,14,501,515,0.870308,0.995853
305,0.520932,43.600000,1.578931,0.000000,0.000000,0.652800,0.000000,0.652800,0.533800,0,3264,0,3264,5000,2847,2920,73,417,490,0.872243,0.975000
306,0.702661,46.510000,1.475174,0.000000,0.000000,0.705800,0.026600,0.732400,0.362800,1,3529,133,3662,5000,3010,3064,54,652,706,0.821955,0.982376
307,0.269639,45.840000,1.502279,0.000000,0.000000,0.721400,0.000000,0.721400,0.501800,0,3607,0,3607,5000,3443,3528,85,164,249,0.954533,0.975907
308,0.481605,47.260000,1.446116,0.000000,0.000000,0.708200,0.022000,0.730200,0.445400,1,3541,110,3651,5000,3200,3220,20,451,471,0.876472,0.993789
309,0.297584,49.420000,1.388314,0.000000,0.000000,0.618400,0.000000,0.618400,0.503400,0,3092,0,3092,5000,2904,2988,84,188,272,0.939198,0.971888
310,0.410856,52.350000,1.330759,0.000000,0.000000,0.655000,0.020400,0.675400,0.425000,1,3275,102,3377,5000,2976,3008,32,401,433,0.881256,0.989362
311,0.844592,48.260000,1.450049,0.000000,0.000000,0.698600,0.000000,0.698600,0.512200,0,3493,0,3493,5000,2437,2496,59,1056,1115,0.697681,0.976362
312,0.395607,47.930000,1.411995,0.000000,0.000000,0.697800,0.011800,0.709600,0.480000,1,3489,59,3548,5000,3211,3248,37,337,374,0.905017,0.988608
313,0.475505,50.020000,1.346943,0.000000,0.000000,0.677600,0.000000,0.677600,0.462600,0,3388,0,3388,5000,3026,3116,90,362,452,0.893152,0.971117
314,0.670885,49.330000,1.386167,0.000000,0.000000,0.696800,0.021600,0.718400,0.481000,1,3484,108,3592,5000,2726,2764,38,866,904,0.758909,0.986252
315,0.450219,46.300000,1.479992,0.000000,0.000000,0.724400,0.000000,0.724400,0.480000,0,3622,0,3622,5000,3122,3220,98,500,598,0.861955,0.969565
316,0.495727,49.190000,1.419088,0.000000,0.000000,0.700800,0.011400,0.712200,0.537800,1,3504,57,3561,5000,3060,3108,48,501,549,0.859309,0.984556
317,0.415940,44.830000,1.529036,0.000000,0.000000,0.739800,0.000000,0.739800,0.529400,0,3699,0,3699,5000,3282,3392,110,417,527,0.887267,0.967571
318,0.843931,46.700000,1.497089,0.000000,0.000000,0.649000,0.023400,0.672400,0.495800,1,3245,117,3362,5000,2309,2328,19,1053,1072,0.686794,0.991838
319,0.441774,48.290000,1.455381,0.000000,0.000000,0.689800,0.000000,0.689800,0.464400,0,3449,0,3449,5000,2953,3036,83,496,579,0.856190,0.972661
320,0.725981,48.540000,1.470081,0.000000,0.000000,0.683800,0.031000,0.714800,0.501400,1,3419,155,3574,5000,2627,2656,29,947,976,0.735031,0.989081
321,0.780288,42.920000,1.560131,0.000000,0.000000,0.669200,0.000000,0.669200,0.452200,0,3346,0,3346,5000,2481,2532,51,865,916,0.741482,0.979858
322,0.706636,40.340000,1.655354,0.000000,0.000000,0.720000,0.024200,0.744200,0.439800,1,3600,121,3721,5000,2903,2924,21,818,839,0.780167,0.992818
323,0.502136,39.150000,1.651550,0.000000,0.000000,0.657800,0.000000,0.657800,0.404600,0,3289,0,3289,5000,2742,2808,66,547,613,0.833688,0.976496
324,0.528660,47.320000,1.442357,0.000000,0.000000,0.727800,0.024000,0.751800,0.372800,1,3639,120,3759,5000,3180,3244,64,579,643,0.845970,0.980271
325,0.494834,50.920000,1.372179,0.000000,0.000000,0.658000,0.000000,0.658000,0.495600,0,3290,0,3290,5000,2690,2788,98,600,698,0.817629,0.964849
326,0.498517,51.320000,1.354222,0.000000,0.000000,0.642600,0.007200,0.649800,0.518000,1,3213,36,3249,5000,2780,2816,36,469,505,0.855648,0.987216
327,0.429697,46.250000,1.531778,0.000000,0.000000,0.620800,0.000000,0.620800,0.541600,0,3104,0,3104,5000,2664,2752,88,440,528,0.858247,0.968023
328,0.326113,44.030000,1.595553,0.000000,0.000000,0.734200,0.014000,0.748200,0.523400,1,3671,70,3741,5000,3508,3572,64,233,297,0.937717,0.982083
329,0.792942,48.340000,1.412740,0.000000,0.000000,0.639200,0.000000,0.639200,0.424400,0,3196,0,3196,5000,2314,2360,46,882,928,0.724030,0.980508
330,0.372520,48.690000,1.509836,0.000000,0.000000,0.749000,0.014600,0.763600,0.534600,1,3745,73,3818,5000,3434,3484,50,384,434,0.899424,0.985649
331,0.567055,45.710000,1.530693,0.000000,0.000000,0.695600,0.000000,0.695600,0.490800,0,3478,0,3478,5000,2836,2892,56,642,698,0.815411,0.980636
332,0.456746,45.310000,1.502351,0.000000,0.000000,0.741000,0.011800,0.752800,0.502800,1,3705,59,3764,5000,3301,3336,35,463,498,0.876993,0.989508
333,0.510931,46.690000,1.432573,0.000000,0.000000,0.680000,0.000000,0.680000,0.469000,0,3400,0,3400,5000,2819,2904,85,581,666,0.829118,0.970730
334,0.399341,44.710000,1.504042,0.000000,0.000000,0.719200,0.009600,0.728800,0.482000,1,3596,48,3644,5000,3262,3300,38,382,420,0.895170,0.988485
335,0.431619,46.220000,1.472244,0.000000,0.000000,0.690200,0.000000,0.690200,0.572000,0,3451,0,3451,5000,2996,3060,64,455,519,0.868154,0.979085
336,0.472316,45.580000,1.507866,0.000000,0.000000,0.706200,0.015400,0.721600,0.526400,1,3531,77,3608,5000,3129,3176,47,479,526,0.867239,0.985202
337,0.420876,49.800000,1.360254,0.000000,0.000000,0.624200,0.000000,0.624200,0.459200,0,3121,0,3121,5000,2759,2832,73,362,435,0.884012,0.974223
338,0.502796,51.620000,1.356859,0.000000,0.000000,0.656800,0.017200,0.674000,0.490600,1,3284,86,3370,5000,2844,2872,28,526,554,0.843917,0.990251
339,0.512313,46.350000,1.488308,0.000000,0.000000,0.678200,0.000000,0.678200,0.559400,0,3391,0,3391,5000,2819,2896,77,572,649,0.831318,0.973412
340,0.507196,50.260000,1.386368,0.000000,0.000000,0.605000,0.014800,0.619800,0.469200,1,3025,74,3099,5000,2592,2616,24,507,531,0.836399,0.990826
341,0.339582,44.140000,1.589083,0.000000,0.000000,0.729800,0.000000,0.729800,0.490600,0,3649,0,3649,5000,3415,3512,97,234,331,0.935873,0.972380
342,0.465040,48.050000,1.488113,0.000000,0.000000,0.711600,0.016400,0.728000,0.438200,1,3558,82,3640,5000,3229,3268,39,411,450,0.887088,0.988066
343,0.414830,50.280000,1.418263,0.000000,0.000000,0.704200,0.000000,0.704200,0.490000,0,3521,0,3521,5000,3114,3204,90,407,497,0.884408,0.971910
344,0.570872,50.570000,1.364075,0.000000,0.000000,0.651200,0.027200,0.678400,0.470400,1,3256,136,3392,5000,2676,2704,28,716,744,0.788915,0.989645
345,0.389180,51.040000,1.359798,0.000000,0.000000,0.675800,0.000000,0.675800,0.498000,0,3379,0,3379,5000,3030,3092,62,349,411,0.896715,0.979948
346,0.495095,48.560000,1.402590,0.000000,0.000000,0.680400,0.014800,0.695200,0.552200,1,3402,74,3476,5000,2893,2920,27,583,610,0.832278,0.990753
347,0.398422,41.570000,1.690532,0.000000,0.000000,0.707600,0.000000,0.707600,0.578200,0,3538,0,3538,5000,3053,3140,87,485,572,0.862917,0.972293
348,0.459372,45.810000,1.484580,0.000000,0.000000,0.675800,0.023400,0.699200,0.435000,1,3379,117,3496,5000,3054,3088,34,442,476,0.873570,0.988990
349,0.783462,50.220000,1.378669,0.000000,0.000000,0.673800,0.000000,0.673800,0.460600,0,3369,0,3369,5000,2325,2392,67,1044,1111,0.690116,0.971990
350,0.574536,44.350000,1.478515,0.000000,0.000000,0.709200,0.018600,0.727800,0.544800,1,3546,93,3639,5000,3070,3112,42,569,611,0.843638,0.986504
351,0.553188,47.420000,1.440483,0.000000,0.000000,0.700200,0.000000,0.700200,0.498800,0,3501,0,3501,5000,2799,2864,65,702,767,0.799486,0.977304
352,0.703549,48.610000,1.412425,0.000000,0.000000,0.680400,0.014200,0.694600,0.504000,1,3402,71,3473,5000,2642,2664,22,831,853,0.760726,0.991742
353,0.385180,50.520000,1.361210,0.000000,0.000000,0.656000,0.000000,0.656000,0.456800,0,3280,0,3280,5000,2945,3032,87,335,422,0.897866,0.971306
354,0.489309,50.350000,1.387053,0.000000,0.000000,0.718200,0.018200,0.736400,0.521800,1,3591,91,3682,5000,3120,3172,52,562,614,0.847366,0.983607
355,0.574097,50.270000,1.375391,0.000000,0.000000,0.746400,0.000000,0.746400,0.456400,0,3732,0,3732,5000,2982,3096,114,750,864,0.799035,0.963178
356,0.405756,51.910000,1.349671,0.000000,0.000000,0.681800,0.013200,0.695000,0.493600,1,3409,66,3475,5000,3079,3132,53,396,449,0.886043,0.983078
357,0.602080,49.590000,1.387138,0.000000,0.000000,0.687200,0.000000,0.687200,0.506000,0,3436,0,3436,5000,2787,2856,69,649,718,0.811118,0.975840
358,0.511056,42.270000,1.635342,0.000000,0.000000,0.715600,0.014600,0.730200,0.561600,1,3578,73,3651,5000,3121,3148,27,530,557,0.854834,0.991423
359,0.502927,46.660000,1.501503,0.000000,0.000000,0.661800,0.000000,0.661800,0.472600,0,3309,0,3309,5000,2705,2996,291,604,895,0.817468,0.902870
360,0.448608,48.810000,1.455782,0.000000,0.000000,0.648800,0.017000,0.665800,0.459800,1,3244,85,3329,5000,2861,2940,79,468,547,0.859417,0.973129
361,0.576108,46.750000,1.537386,0.000000,0.000000,0.728200,0.000000,0.728200,0.568200,0,3641,0,3641,5000,2890,2940,50,751,801,0.793738,0.982993
362,0.906140,43.800000,1.591482,0.000000,0.000000,0.661200,0.026400,0.687600,0.488400,1,3306,132,3438,5000,2362,2376,14,1076,1090,0.687027,0.994108
363,0.972427,48.180000,1.440545,0.000000,0.000000,0.650600,0.000000,0.650600,0.390200,0,3253,0,3253,5000,2043,2088,45,1210,1255,0.628036,0.978448
364,0.655942,46.100000,1.471281,0.000000,0.000000,0.759800,0.020000,0.779800,0.539400,1,3799,100,3899,5000,3021,3048,27,878,905,0.774814,0.991142
365,0.369492,44.140000,1.640817,0.000000,0.000000,0.692000,0.000000,0.692000,0.553600,0,3460,0,3460,5000,3107,3184,77,353,430,0.897977,0.975817
366,0.335115,43.690000,1.574688,0.000000,0.000000,0.681200,0.009800,0.691000,0.409400,1,3406,49,3455,5000,3213,3268,55,242,297,0.929957,0.983170
367,0.449133,48.550000,1.444830,0.000000,0.000000,0.720200,0.000000,0.720200,0.480800,0,3601,0,3601,5000,3087,3160,73,514,587,0.857262,0.976899
368,0.297487,53.000000,1.333506,0.000000,0.000000,0.710400,0.013400,0.723800,0.492200,1,3552,67,3619,5000,3320,3368,48,299,347,0.917380,0.985748
369,0.441252,43.480000,1.590294,0.000000,0.000000,0.702000,0.000000,0.702000,0.526000,0,3510,0,3510,5000,2987,3068,81,523,604,0.850997,0.973598
370,0.491519,50.770000,1.349634,0.000000,0.000000,0.696400,0.016600,0.713000,0.400600,1,3482,83,3565,5000,3122,3152,30,443,473,0.875736,0.990482
371,0.502974,49.290000,1.398355,0.000000,0.000000,0.683400,0.000000,0.683400,0.560600,0,3417,0,3417,5000,2809,2876,67,608,675,0.822066,0.976704
372,0.670638,47.160000,1.445846,0.000000,0.000000,0.746400,0.014800,0.761200,0.472800,1,3732,74,3806,5000,3001,3044,43,805,848,0.788492,0.985874
373,0.517755,49.460000,1.383199,0.000000,0.000000,0.658800,0.000000,0.658800,0.509800,0,3294,0,3294,5000,2678,2720,42,616,658,0.812993,0.984559
374,0.431734,49.020000,1.413990,0.000000,0.000000,0.726800,0.010600,0.737400,0.528800,1,3634,53,3687,5000,3198,3232,34,489,523,0.867372,0.989480
375,0.212812,48.290000,1.462795,0.000000,0.000000,0.700000,0.000000,0.700000,0.564400,0,3500,0,3500,5000,3401,3496,95,99,194,0.971714,0.972826
376,0.621881,42.530000,1.595287,0.000000,0.000000,0.676000,0.018600,0.694600,0.469200,1,3380,93,3473,5000,2738,2764,26,735,761,0.788367,0.990593
377,0.345087,49.080000,1.459768,0.000000,0.000000,0.681400,0.000000,0.681400,0.396000,0,3407,0,3407,5000,3231,3360,129,176,305,0.948342,0.961607
378,0.499161,45.310000,1.593126,0.000000,0.000000,0.725800,0.019000,0.744800,0.566800,1,3629,95,3724,5000,3089,3120,31,635,666,0.829484,0.990064
379,0.564366,50.560000,1.380591,0.000000,0.000000,0.682400,0.000000,0.682400,0.371400,0,3412,0,3412,5000,2734,2828,94,678,772,0.801290,0.966761
380,0.528358,49.340000,1.436109,0.000000,0.000000,0.637600,0.021200,0.658800,0.505800,1,3188,106,3294,5000,2618,2652,34,676,710,0.794778,0.987179
381,0.846735,46.410000,1.502608,0.000000,0.000000,0.739400,0.000000,0.739400,0.540800,0,3697,0,3697,5000,2621,2636,15,1076,1091,0.708953,0.994310
382,0.708724,44.080000,1.524244,0.000000,0.000000,0.677600,0.022600,0.700200,0.465400,1,3388,113,3501,5000,2574,2600,26,927,953,0.735219,0.990000
383,0.409637,49.850000,1.445071,0.000000,0.000000,0.770200,0.000000,0.770200,0.440000,0,3851,0,3851,5000,3404,3476,72,447,519,0.883926,0.979287
384,0.606697,44.830000,1.495804,0.000000,0.000000,0.684000,0.020800,0.704800,0.387400,1,3420,104,3524,5000,2812,2824,12,712,724,0.797957,0.995751
385,0.363943,44.200000,1.562048,0.000000,0.000000,0.707400,0.000000,0.707400,0.422600,0,3537,0,3537,5000,3158,3236,78,379,457,0.892847,0.975896
386,0.682745,45.050000,1.508288,0.000000,0.000000,0.672000,0.023800,0.695800,0.478600,1,3360,119,3479,5000,2555,2584,29,924,953,0.734406,0.988777
387,0.425220,39.170000,1.702064,0.000000,0.000000,0.705200,0.000000,0.705200,0.540800,0,3526,0,3526,5000,3088,3140,52,438,490,0.875780,0.983439
388,0.444624,45.720000,1.544216,0.000000,0.000000,0.669800,0.012200,0.682000,0.434400,1,3349,61,3410,5000,3026,3068,42,384,426,0.887390,0.986310
389,0.727406,46.270000,1.478923,0.000000,0.000000,0.691600,0.000000,0.691600,0.476400,0,3458,0,3458,5000,2499,2584,85,959,1044,0.722672,0.967105
390,0.259533,50.570000,1.373549,0.000000,0.000000,0.686600,0.013800,0.700400,0.437200,1,3433,69,3502,5000,3351,3408,57,151,208,0.956882,0.983275
391,0.786248,45.800000,1.468583,0.000000,0.000000,0.653600,0.000000,0.653600,0.489800,0,3268,0,3268,5000,2343,2376,33,925,958,0.716952,0.986111
392,0.603521,44.350000,1.545459,0.000000,0.000000,0.684400,0.018800,0.703200,0.557600,1,3422,94,3516,5000,2887,2932,45,629,674,0.821104,0.984652
393,0.466559,45.970000,1.592563,0.000000,0.000000,0.665000,0.000000,0.665000,0.507400,0,3325,0,3325,5000,2779,2840,61,546,607,0.835789,0.978521
394,0.602727,47.750000,1.481096,0.000000,0.000000,0.700400,0.021400,0.721800,0.503200,1,3502,107,3609,5000,2858,2892,34,751,785,0.791909,0.988243
395,0.700101,47.200000,1.457060,0.000000,0.000000,0.643000,0.000000,0.643000,0.508800,0,3215,0,3215,5000,2490,2532,42,725,767,0.774495,0.983412
396,0.394636,45.550000,1.493059,0.000000,0.000000,0.740600,0.015400,0.756000,0.540400,1,3703,77,3780,5000,3382,3404,22,398,420,0.894709,0.993537
397,0.379971,45.370000,1.472929,0.000000,0.000000,0.686000,0.000000,0.686000,0.537200,0,3430,0,3430,5000,3053,3128,75,377,452,0.890087,0.976023
398,0.616663,47.590000,1.475870,0.000000,0.000000,0.698600,0.019400,0.718000,0.521600,1,3493,97,3590,5000,2792,2812,20,798,818,0.777716,0.992888
399,0.209250,45.690000,1.565493,0.000000,0.000000,0.651800,0.000000,0.651800,0.499000,0,3259,0,3259,5000,3155,3236,81,104,185,0.968088,0.974969
400,0.557443,46.100000,1.513147,0.000000,0.000000,0.730600,0.022000,0.752600,0.456600,1,3653,110,3763,5000,3085,3132,47,678,725,0.819825,0.984994
401,0.456894,43.630000,1.543808,0.000000,0.000000,0.673000,0.000000,0.673000,0.441400,0,3365,0,3365,5000,2851,2968,117,514,631,0.847251,0.960580
402,0.375723,47.470000,1.525900,0.000000,0.000000,0.675600,0.015200,0.690800,0.541000,1,3378,76,3454,5000,3061,3092,31,393,424,0.886219,0.989974
403,0.328551,47.350000,1.493607,0.000000,0.000000,0.707600,0.000000,0.707600,0.497800,0,3538,0,3538,5000,3194,3256,62,344,406,0.902770,0.980958
404,0.546916,48.890000,1.410885,0.000000,0.000000,0.714000,0.024600,0.738600,0.435600,1,3570,123,3693,5000,3032,3072,40,661,701,0.821013,0.986979
405,0.508647,48.180000,1.446999,0.000000,0.000000,0.778000,0.000000,0.778000,0.544000,0,3890,0,3890,5000,3274,3352,78,616,694,0.841645,0.976730
406,0.535901,43.490000,1.566925,0.000000,0.000000,0.721000,0.010800,0.731800,0.549400,1,3605,54,3659,5000,3037,3068,31,622,653,0.830008,0.989896
407,0.478072,50.190000,1.392117,0.000000,0.000000,0.721800,0.000000,0.721800,0.531600,0,3609,0,3609,5000,3062,3156,94,547,641,0.848434,0.970215
408,0.525686,52.010000,1.336040,0.000000,0.000000,0.717200,0.024400,0.741600,0.488600,1,3586,122,3708,5000,2929,2960,31,779,810,0.789914,0.989527
409,0.216033,49.100000,1.410123,0.000000,0.000000,0.630000,0.000000,0.630000,0.577000,0,3150,0,3150,5000,3024,3088,64,126,190,0.960000,0.979275
410,0.485946,49.920000,1.409008,0.000000,0.000000,0.665000,0.022800,0.687800,0.513200,1,3325,114,3439,5000,2824,2868,44,615,659,0.821169,0.984658
411,0.413718,46.160000,1.508786,0.000000,0.000000,0.684000,0.000000,0.684000,0.487600,0,3420,0,3420,5000,2903,2968,65,517,582,0.848830,0.978100
412,0.692877,48.240000,1.462025,0.000000,0.000000,0.658400,0.021800,0.680200,0.443000,1,3292,109,3401,5000,2534,2548,14,867,881,0.745075,0.994505
413,0.568907,43.480000,1.620239,0.000000,0.000000,0.713200,0.000000,0.713200,0.573000,0,3566,0,3566,5000,2714,2760,46,852,898,0.761077,0.983333
414,0.585193,42.320000,1.599068,0.000000,0.000000,0.709400,0.041600,0.751000,0.465400,1,3547,208,3755,5000,2986,3140,154,769,923,0.795206,0.950955
415,0.718430,46.270000,1.455016,0.000000,0.000000,0.710800,0.000000,0.710800,0.385400,0,3554,0,3554,5000,2638,2680,42,916,958,0.742262,0.984328
416,0.814122,43.200000,1.560702,0.000000,0.000000,0.688400,0.024600,0.713000,0.480600,1,3442,123,3565,5000,2489,2512,23,1076,1099,0.698177,0.990844
417,0.584134,48.530000,1.449626,0.000000,0.000000,0.644600,0.000000,0.644600,0.509800,0,3223,0,3223,5000,2549,2604,55,674,729,0.790878,0.978879
418,0.537311,49.730000,1.422565,0.000000,0.000000,0.694600,0.019000,0.713600,0.527800,1,3473,95,3568,5000,2895,2916,21,673,694,0.811379,0.992798
419,0.598000,50.320000,1.370693,0.000000,0.000000,0.735200,0.000000,0.735200,0.450800,0,3676,0,3676,5000,2910,2972,62,766,828,0.791621,0.979139
420,0.453729,45.360000,1.538545,0.000000,0.000000,0.698200,0.015400,0.713600,0.564400,1,3491,77,3568,5000,3197,3244,47,371,418,0.896020,0.985512
421,0.717208,44.990000,1.545183,0.000000,0.000000,0.679200,0.000000,0.679200,0.513000,0,3396,0,3396,5000,2577,2640,63,819,882,0.758834,0.976136
422,0.552161,46.030000,1.493368,0.000000,0.000000,0.669000,0.014000,0.683000,0.396400,1,3345,70,3415,5000,2835,2864,29,580,609,0.830161,0.989874
423,0.589447,46.730000,1.472937,0.000000,0.000000,0.587000,0.000000,0.587000,0.534000,0,2935,0,2935,5000,2142,2212,70,793,863,0.729813,0.968354
424,0.604753,46.170000,1.503064,0.000000,0.000000,0.696000,0.021000,0.717000,0.540000,1,3480,105,3585,5000,2806,2820,14,779,793,0.782706,0.995035
425,0.410649,43.630000,1.573406,0.000000,0.000000,0.603000,0.000000,0.603000,0.550600,0,3015,0,3015,5000,2512,2588,76,503,579,0.833167,0.970634
426,0.733496,44.690000,1.539223,0.000000,0.000000,0.675600,0.025400,0.701000,0.384800,1,3378,127,3505,5000,2554,2576,22,951,973,0.728673,0.991460
427,0.238471,47.030000,1.467759,0.000000,0.000000,0.702600,0.000000,0.702600,0.493600,0,3513,0,3513,5000,3334,3416,82,179,261,0.949046,0.975995
428,0.614209,45.160000,1.484177,0.000000,0.000000,0.698200,0.018000,0.716200,0.514400,1,3491,90,3581,5000,2779,2800,21,802,823,0.776040,0.992500
429,0.548996,46.270000,1.461228,0.000000,0.000000,0.670400,0.000000,0.670400,0.506000,0,3352,0,3352,5000,2778,2832,54,574,628,0.828759,0.980932
430,0.572955,49.080000,1.373462,0.000000,0.000000,0.737000,0.028600,0.765600,0.382000,1,3685,143,3828,5000,3061,3112,51,767,818,0.799634,0.983612
431,0.440399,47.180000,1.468600,0.000000,0.000000,0.713400,0.000000,0.713400,0.546400,0,3567,0,3567,5000,3109,3168,59,458,517,0.871601,0.981376
432,0.138466,44.360000,1.591318,0.000000,0.000000,0.765600,0.012600,0.778200,0.522000,1,3828,63,3891,5000,3857,3912,55,34,89,0.991262,0.985941
433,0.684632,51.400000,1.350253,0.000000,0.000000,0.685000,0.000000,0.685000,0.426800,0,3425,0,3425,5000,2565,2628,63,860,923,0.748905,0.976027
434,0.689501,47.110000,1.459860,0.000000,0.000000,0.724400,0.023200,0.747600,0.552600,1,3622,116,3738,5000,2824,2868,44,914,958,0.755484,0.984658
435,0.727273,49.830000,1.378417,0.000000,0.000000,0.693400,0.000000,0.693400,0.398800,0,3467,0,3467,5000,2606,2656,50,861,911,0.751658,0.981175
436,0.512946,46.760000,1.438354,0.000000,0.000000,0.694800,0.014800,0.709600,0.487400,1,3474,74,3548,5000,2979,3008,29,569,598,0.839628,0.990359
437,0.336588,47.010000,1.477459,0.000000,0.000000,0.719800,0.000000,0.719800,0.550600,0,3599,0,3599,5000,3329,3396,67,270,337,0.924979,0.980271
438,0.379111,48.940000,1.421556,0.000000,0.000000,0.740400,0.010800,0.751200,0.510400,1,3702,54,3756,5000,3337,3364,27,419,446,0.888445,0.991974
439,0.363039,51.790000,1.412038,0.000000,0.000000,0.594000,0.000000,0.594000,0.412000,0,2970,0,2970,5000,2705,2792,87,265,352,0.910774,0.968840
440,0.448596,50.160000,1.416170,0.000000,0.000000,0.677000,0.019600,0.696600,0.449400,1,3385,98,3483,5000,3094,3116,22,389,411,0.888315,0.992940
441,0.385159,50.210000,1.408795,0.000000,0.000000,0.715600,0.000000,0.715600,0.471200,0,3578,0,3578,5000,3174,3248,74,404,478,0.887088,0.977217
442,0.298513,45.690000,1.618373,0.000000,0.000000,0.651400,0.016000,0.667400,0.607200,1,3257,80,3337,5000,3003,3028,25,334,359,0.899910,0.991744
443,0.354025,46.910000,1.683857,0.000000,0.000000,0.692200,0.000000,0.692200,0.607400,0,3461,0,3461,5000,3282,3376,94,179,273,0.948281,0.972156
444,0.686579,49.290000,1.461471,0.000000,0.000000,0.687200,0.056200,0.743400,0.552200,1,3436,281,3717,5000,2744,2896,152,973,1125,0.738230,0.947514
445,0.464585,51.320000,1.352357,0.000000,0.000000,0.713600,0.000000,0.713600,0.514000,0,3568,0,3568,5000,2955,3012,57,613,670,0.828195,0.981076
446,0.705139,45.560000,1.540151,0.000000,0.000000,0.772800,0.028200,0.801000,0.545400,1,3864,141,4005,5000,2875,2900,25,1130,1155,0.717853,0.991379
447,0.776533,49.000000,1.424150,0.000000,0.000000,0.672800,0.000000,0.672800,0.456000,0,3364,0,3364,5000,2448,2504,56,916,972,0.727705,0.977636
448,0.548216,44.940000,1.511684,0.000000,0.000000,0.656800,0.025600,0.682400,0.471000,1,3284,128,3412,5000,2699,2760,61,713,774,0.791032,0.977899
449,0.517506,48.930000,1.411764,0.000000,0.000000,0.706600,0.000000,0.706600,0.472400,0,3533,0,3533,5000,2884,2964,80,649,729,0.816303,0.973009
450,0.288107,47.860000,1.452895,0.000000,0.000000,0.736600,0.017000,0.753600,0.438400,1,3683,85,3768,5000,3477,3524,47,291,338,0.922771,0.986663
451,0.162900,43.820000,1.609015,0.000000,0.000000,0.770800,0.000000,0.770800,0.554200,0,3854,0,3854,5000,3802,3932,130,52,182,0.986508,0.966938
452,0.392673,51.240000,1.388332,0.000000,0.000000,0.760400,0.016400,0.776800,0.445200,1,3802,82,3884,5000,3450,3496,46,434,480,0.888260,0.986842
453,0.327517,46.870000,1.504278,0.000000,0.000000,0.745600,0.000000,0.745600,0.510800,0,3728,0,3728,5000,3400,3464,64,328,392,0.912017,0.981524
454,0.439371,45.730000,1.589426,0.000000,0.000000,0.668200,0.018600,0.686800,0.528000,1,3341,93,3434,5000,3065,3104,39,369,408,0.892545,0.987436
455,0.315821,50.320000,1.379635,0.000000,0.000000,0.669400,0.000000,0.669400,0.484800,0,3347,0,3347,5000,3108,3232,124,239,363,0.928593,0.961634
456,0.592721,50.640000,1.382983,0.000000,0.000000,0.656400,0.020200,0.676600,0.561800,1,3282,101,3383,5000,2630,2660,30,753,783,0.777416,0.988722
457,0.661557,42.840000,1.623376,0.000000,0.000000,0.742400,0.000000,0.742400,0.490600,0,3712,0,3712,5000,2946,3032,86,766,852,0.793642,0.971636
458,0.400543,45.490000,1.529613,0.000000,0.000000,0.690600,0.021000,0.711600,0.488600,1,3453,105,3558,5000,3155,3196,41,403,444,0.886734,0.987171
459,0.621727,47.980000,1.439677,0.000000,0.000000,0.666800,0.000000,0.666800,0.395600,0,3334,0,3334,5000,2421,2500,79,913,992,0.726155,0.968400
460,0.425221,50.390000,1.374756,0.000000,0.000000,0.746400,0.020200,0.766600,0.550800,1,3732,101,3833,5000,3257,3292,35,576,611,0.849726,0.989368
461,0.387935,47.740000,1.420618,0.000000,0.000000,0.701400,0.000000,0.701400,0.434600,0,3507,0,3507,5000,3106,3176,70,401,471,0.885657,0.977960
462,0.437089,52.280000,1.357414,0.000000,0.000000,0.717400,0.017000,0.734400,0.455400,1,3587,85,3672,5000,3134,3160,26,538,564,0.853486,0.991772
463,0.479779,51.610000,1.333124,0.000000,0.000000,0.671800,0.000000,0.671800,0.545200,0,3359,0,3359,5000,3004,3092,88,355,443,0.894314,0.971539
464,0.332828,50.560000,1.392766,0.000000,0.000000,0.690000,0.016200,0.706200,0.590400,1,3450,81,3531,5000,3180,3228,48,351,399,0.900595,0.985130
465,0.409724,48.670000,1.423606,0.000000,0.000000,0.713000,0.000000,0.713000,0.539000,0,3565,0,3565,5000,3167,3240,73,398,471,0.888359,0.977469
466,0.642413,50.460000,1.426247,0.000000,0.000000,0.707000,0.021200,0.728200,0.610200,1,3535,106,3641,5000,2797,2828,31,844,875,0.768196,0.989038
467,0.262798,48.670000,1.482506,0.000000,0.000000,0.743000,0.000000,0.743000,0.570200,0,3715,0,3715,5000,3489,3564,75,226,301,0.939166,0.978956
468,0.311105,53.650000,1.332705,0.000000,0.000000,0.643000,0.014600,0.657600,0.499200,1,3215,73,3288,5000,3038,3072,34,250,284,0.923966,0.988932
469,0.326079,45.860000,1.530611,0.000000,0.000000,0.718200,0.000000,0.718200,0.599400,0,3591,0,3591,5000,3274,3364,90,317,407,0.911724,0.973246
470,0.287521,53.470000,1.339154,0.000000,0.000000,0.767200,0.009400,0.776600,0.477200,1,3836,47,3883,5000,3697,3752,55,186,241,0.952099,0.985341
471,0.464328,51.870000,1.344804,0.000000,0.000000,0.700000,0.000000,0.700000,0.554400,0,3500,0,3500,5000,2940,3004,64,560,624,0.840000,0.978695
472,0.310926,50.900000,1.343536,0.000000,0.000000,0.749000,0.016000,0.765000,0.508800,1,3745,80,3825,5000,3539,3600,61,286,347,0.925229,0.983056
473,0.459031,51.450000,1.366691,0.000000,0.000000,0.745800,0.000000,0.745800,0.556800,0,3729,0,3729,5000,3194,3264,70,535,605,0.856530,0.978554
474,0.480259,53.240000,1.304990,0.000000,0.000000,0.683800,0.031800,0.715600,0.549800,1,3419,159,3578,5000,3074,3108,34,504,538,0.859139,0.989060
475,0.334658,50.790000,1.408565,0.000000,0.000000,0.690400,0.000000,0.690400,0.574200,0,3452,0,3452,5000,3022,3092,70,430,500,0.875435,0.977361
476,0.332167,53.030000,1.335122,0.000000,0.000000,0.734200,0.017200,0.751400,0.511400,1,3671,86,3757,5000,3374,3408,34,383,417,0.898057,0.990023
477,0.545214,50.450000,1.391830,0.000000,0.000000,0.722200,0.000000,0.722200,0.511400,0,3611,0,3611,5000,3022,3104,82,589,671,0.836887,0.973582
478,0.598104,50.060000,1.401461,0.000000,0.000000,0.675200,0.027000,0.702200,0.497000,1,3376,135,3511,5000,2672,2700,28,839,867,0.761037,0.989630
479,0.491052,47.870000,1.422924,0.000000,0.000000,0.771600,0.000000,0.771600,0.533200,0,3858,0,3858,5000,3378,3484,106,480,586,0.875583,0.969575
480,0.289963,50.020000,1.425035,0.000000,0.000000,0.756800,0.012000,0.768800,0.528600,1,3784,60,3844,5000,3528,3588,60,316,376,0.917794,0.983278
481,0.526859,51.910000,1.345684,0.000000,0.000000,0.667200,0.000000,0.667200,0.455400,0,3336,0,3336,5000,2665,2728,63,671,734,0.798861,0.976906
482,0.406563,47.890000,1.513584,0.000000,0.000000,0.707400,0.017200,0.724600,0.536000,1,3537,86,3623,5000,3132,3164,32,491,523,0.864477,0.989886
483,0.563338,43.600000,1.617901,0.000000,0.000000,0.768800,0.000000,0.768800,0.527400,0,3844,0,3844,5000,3015,3048,33,829,862,0.784339,0.989173
484,0.259312,48.410000,1.444582,0.000000,0.000000,0.723800,0.017600,0.741400,0.473400,1,3619,88,3707,5000,3459,3500,41,248,289,0.933100,0.988286
485,0.773623,47.790000,1.458203,0.000000,0.000000,0.703400,0.000000,0.703400,0.547200,0,3517,0,3517,5000,2520,2560,40,997,1037,0.716520,0.984375
486,0.564740,48.530000,1.449242,0.000000,0.000000,0.637600,0.021600,0.659200,0.476600,1,3188,108,3296,5000,2565,2592,27,731,758,0.778216,0.989583
487,0.453180,45.980000,1.514935,0.000000,0.000000,0.676400,0.000000,0.676400,0.514600,0,3382,0,3382,5000,2824,2880,56,558,614,0.835009,0.980556
488,0.867130,47.880000,1.453290,0.000000,0.000000,0.715800,0.031800,0.747600,0.485000,1,3579,159,3738,5000,2420,2440,20,1318,1338,0.647405,0.991803
489,0.339339,38.940000,1.704546,0.000000,0.000000,0.641200,0.000000,0.641200,0.535800,0,3206,0,3206,5000,2841,2916,75,365,440,0.886151,0.974280
490,0.512974,46.950000,1.480808,0.000000,0.000000,0.725800,0.017000,0.742800,0.496200,1,3629,85,3714,5000,3062,3092,30,652,682,0.824448,0.990298
491,0.263597,47.720000,1.485478,0.000000,0.000000,0.650600,0.000000,0.650600,0.492400,0,3253,0,3253,5000,3086,3160,74,167,241,0.948663,0.976582
492,0.484379,49.250000,1.434063,0.000000,0.000000,0.717200,0.025200,0.742400,0.520800,1,3586,126,3712,5000,3069,3092,23,643,666,0.826778,0.992561
493,0.524165,50.530000,1.352297,0.000000,0.000000,0.713400,0.000000,0.713400,0.478200,0,3567,0,3567,5000,2866,2924,58,701,759,0.803476,0.980164
494,0.670435,47.620000,1.472223,0.000000,0.000000,0.662200,0.016400,0.678600,0.554600,1,3311,82,3393,5000,2581,2608,27,812,839,0.760684,0.989647
495,0.286194,49.530000,1.438395,0.000000,0.000000,0.726800,0.000000,0.726800,0.484600,0,3634,0,3634,5000,3365,3424,59,269,328,0.925977,0.982769
496,0.415458,47.700000,1.481006,0.000000,0.000000,0.628200,0.017800,0.646000,0.565000,1,3141,89,3230,5000,2755,2788,33,475,508,0.852941,0.988164
497,0.331911,53.940000,1.280736,0.000000,0.000000,0.665000,0.000000,0.665000,0.460800,0,3325,0,3325,5000,3062,3140,78,263,341,0.920902,0.975159
498,0.849213,49.410000,1.391292,0.000000,0.000000,0.695200,0.026200,0.721400,0.526000,1,3476,131,3607,5000,2354,2368,14,1253,1267,0.652620,0.994088
499,0.483907,49.110000,1.379642,0.000000,0.000000,0.720600,0.000000,0.720600,0.493000,0,3603,0,3603,5000,2963,3052,89,640,729,0.822370,0.970839
