epoch,train_acc,train_loss,test_acc,test_loss,local_train_loss,selected_clients,total_count,actual_round_clean_count,actual_round_noisy_count,fedrn_clean_count,fedrn_noisy_count,train_count,actual_train_clean_count,actual_train_noisy_count,missed_clean_count,false_clean_count,correctly_excluded_noisy_count,actual_round_clean_ratio,fedrn_clean_ratio,fedrn_noisy_ratio,actual_train_clean_ratio,clean_recall,train_ratio
0,14.100000,2.349272,16.540000,2.304368,1.592704,10,5000,3216,1784,5000,0,5000,3216,1784,0,1784,0,0.643200,1.000000,0.000000,0.643200,1.000000,1.000000
1,14.696000,2.303321,19.210000,2.234343,1.620433,10,5000,2980,2020,5000,0,5000,2980,2020,0,2020,0,0.596000,1.000000,0.000000,0.596000,1.000000,1.000000
2,12.860000,2.366787,14.060000,2.296548,1.435735,10,5000,3112,1888,5000,0,5000,3112,1888,0,1888,0,0.622400,1.000000,0.000000,0.622400,1.000000,1.000000
3,17.120000,2.271888,22.570000,2.173599,1.578766,10,5000,3096,1904,5000,0,5000,3096,1904,0,1904,0,0.619200,1.000000,0.000000,0.619200,1.000000,1.000000
4,18.168000,2.284912,25.010000,2.197605,1.658970,10,5000,2924,2076,5000,0,5000,2924,2076,0,2076,0,0.584800,1.000000,0.000000,0.584800,1.000000,1.000000
5,17.028000,2.268218,23.080000,2.179445,1.904491,10,5000,2272,2728,5000,0,5000,2272,2728,0,2728,0,0.454400,1.000000,0.000000,0.454400,1.000000,1.000000
6,17.430000,2.268983,25.160000,2.145367,1.594737,10,5000,3012,1988,5000,0,5000,3012,1988,0,1988,0,0.602400,1.000000,0.000000,0.602400,1.000000,1.000000
7,17.254000,2.311151,23.190000,2.164410,1.410717,10,5000,3164,1836,5000,0,5000,3164,1836,0,1836,0,0.632800,1.000000,0.000000,0.632800,1.000000,1.000000
8,19.214000,2.244271,25.220000,2.092648,1.139243,10,5000,3772,1228,5000,0,5000,3772,1228,0,1228,0,0.754400,1.000000,0.000000,0.754400,1.000000,1.000000
9,13.516000,2.252117,15.500000,2.129091,1.543898,10,5000,2752,2248,5000,0,5000,2752,2248,0,2248,0,0.550400,1.000000,0.000000,0.550400,1.000000,1.000000
10,15.244000,2.340874,20.270000,2.195331,1.582602,10,5000,2888,2112,5000,0,5000,2888,2112,0,2112,0,0.577600,1.000000,0.000000,0.577600,1.000000,1.000000
11,16.556000,2.261870,23.160000,2.116883,1.546160,10,5000,2940,2060,5000,0,5000,2940,2060,0,2060,0,0.588000,1.000000,0.000000,0.588000,1.000000,1.000000
12,19.040000,2.228750,26.140000,2.097868,1.692924,10,5000,2736,2264,5000,0,5000,2736,2264,0,2264,0,0.547200,1.000000,0.000000,0.547200,1.000000,1.000000
13,19.118000,2.227841,24.580000,2.109494,1.483586,10,5000,3148,1852,5000,0,5000,3148,1852,0,1852,0,0.629600,1.000000,0.000000,0.629600,1.000000,1.000000
14,19.146000,2.232814,25.810000,2.074879,1.308552,10,5000,3492,1508,5000,0,5000,3492,1508,0,1508,0,0.698400,1.000000,0.000000,0.698400,1.000000,1.000000
15,16.256000,2.240611,21.040000,2.087141,1.479403,10,5000,3160,1840,5000,0,5000,3160,1840,0,1840,0,0.632000,1.000000,0.000000,0.632000,1.000000,1.000000
16,20.882000,2.193766,29.520000,2.030595,1.286700,10,5000,3508,1492,5000,0,5000,3508,1492,0,1492,0,0.701600,1.000000,0.000000,0.701600,1.000000,1.000000
17,20.424000,2.188031,28.100000,2.035333,1.638786,10,5000,2780,2220,5000,0,5000,2780,2220,0,2220,0,0.556000,1.000000,0.000000,0.556000,1.000000,1.000000
18,17.500000,2.233224,25.230000,2.063004,1.672822,10,5000,2632,2368,5000,0,5000,2632,2368,0,2368,0,0.526400,1.000000,0.000000,0.526400,1.000000,1.000000
19,19.966000,2.199379,28.060000,2.065088,1.677581,10,5000,2716,2284,5000,0,5000,2716,2284,0,2284,0,0.543200,1.000000,0.000000,0.543200,1.000000,1.000000
20,20.718000,2.200342,28.270000,2.059939,1.387616,10,5000,3272,1728,5000,0,5000,3272,1728,0,1728,0,0.654400,1.000000,0.000000,0.654400,1.000000,1.000000
21,22.424000,2.190572,31.420000,2.047580,1.508532,10,5000,3172,1828,5000,0,5000,3172,1828,0,1828,0,0.634400,1.000000,0.000000,0.634400,1.000000,1.000000
22,18.728000,2.243488,26.270000,2.068715,1.485872,10,5000,3028,1972,5000,0,5000,3028,1972,0,1972,0,0.605600,1.000000,0.000000,0.605600,1.000000,1.000000
23,19.574000,2.210042,24.590000,2.083323,1.502970,10,5000,3004,1996,5000,0,5000,3004,1996,0,1996,0,0.600800,1.000000,0.000000,0.600800,1.000000,1.000000
24,18.290000,2.204229,25.670000,2.038581,1.501754,10,5000,3028,1972,5000,0,5000,3028,1972,0,1972,0,0.605600,1.000000,0.000000,0.605600,1.000000,1.000000
25,18.576000,2.225842,25.130000,2.063367,1.361013,10,5000,3364,1636,5000,0,5000,3364,1636,0,1636,0,0.672800,1.000000,0.000000,0.672800,1.000000,1.000000
26,19.624000,2.214040,27.570000,2.042238,1.484213,10,5000,3208,1792,5000,0,5000,3208,1792,0,1792,0,0.641600,1.000000,0.000000,0.641600,1.000000,1.000000
27,20.588000,2.199647,28.520000,2.036359,1.366107,10,5000,3324,1676,5000,0,5000,3324,1676,0,1676,0,0.664800,1.000000,0.000000,0.664800,1.000000,1.000000
28,22.022000,2.183421,33.090000,1.973210,1.522271,10,5000,2968,2032,5000,0,5000,2968,2032,0,2032,0,0.593600,1.000000,0.000000,0.593600,1.000000,1.000000
29,22.032000,2.187003,28.910000,2.035089,1.412162,10,5000,3264,1736,5000,0,5000,3264,1736,0,1736,0,0.652800,1.000000,0.000000,0.652800,1.000000,1.000000
30,16.036000,2.244369,18.140000,2.080816,1.254346,10,5000,3504,1496,5000,0,5000,3504,1496,0,1496,0,0.700800,1.000000,0.000000,0.700800,1.000000,1.000000
31,21.356000,2.186459,29.480000,2.029360,1.465612,10,5000,3148,1852,5000,0,5000,3148,1852,0,1852,0,0.629600,1.000000,0.000000,0.629600,1.000000,1.000000
32,21.682000,2.173223,29.870000,2.025538,1.657306,10,5000,2788,2212,5000,0,5000,2788,2212,0,2212,0,0.557600,1.000000,0.000000,0.557600,1.000000,1.000000
33,19.602000,2.206184,26.250000,2.080441,1.675066,10,5000,2796,2204,5000,0,5000,2796,2204,0,2204,0,0.559200,1.000000,0.000000,0.559200,1.000000,1.000000
34,22.228000,2.196143,31.490000,2.035703,1.262530,10,5000,3496,1504,5000,0,5000,3496,1504,0,1504,0,0.699200,1.000000,0.000000,0.699200,1.000000,1.000000
35,22.554000,2.181523,30.620000,2.026102,1.554102,10,5000,2908,2092,5000,0,5000,2908,2092,0,2092,0,0.581600,1.000000,0.000000,0.581600,1.000000,1.000000
36,15.652000,2.286947,20.770000,2.105815,1.285093,10,5000,3428,1572,5000,0,5000,3428,1572,0,1572,0,0.685600,1.000000,0.000000,0.685600,1.000000,1.000000
37,20.996000,2.188344,29.400000,2.005167,1.425146,10,5000,3196,1804,5000,0,5000,3196,1804,0,1804,0,0.639200,1.000000,0.000000,0.639200,1.000000,1.000000
38,20.636000,2.188181,27.510000,2.059392,1.860125,10,5000,2148,2852,5000,0,5000,2148,2852,0,2852,0,0.429600,1.000000,0.000000,0.429600,1.000000,1.000000
39,20.452000,2.205357,26.730000,2.077852,1.491637,10,5000,3172,1828,5000,0,5000,3172,1828,0,1828,0,0.634400,1.000000,0.000000,0.634400,1.000000,1.000000
40,19.134000,2.186415,24.660000,2.035558,1.381531,10,5000,3196,1804,5000,0,5000,3196,1804,0,1804,0,0.639200,1.000000,0.000000,0.639200,1.000000,1.000000
41,21.218000,2.179376,29.170000,2.005458,1.444011,10,5000,3036,1964,5000,0,5000,3036,1964,0,1964,0,0.607200,1.000000,0.000000,0.607200,1.000000,1.000000
42,24.048000,2.156181,33.050000,1.987143,1.475680,10,5000,3112,1888,5000,0,5000,3112,1888,0,1888,0,0.622400,1.000000,0.000000,0.622400,1.000000,1.000000
43,22.240000,2.191342,31.750000,2.007304,1.392098,10,5000,3152,1848,5000,0,5000,3152,1848,0,1848,0,0.630400,1.000000,0.000000,0.630400,1.000000,1.000000
44,21.904000,2.161187,32.080000,1.965905,1.526189,10,5000,2976,2024,5000,0,5000,2976,2024,0,2024,0,0.595200,1.000000,0.000000,0.595200,1.000000,1.000000
45,20.278000,2.188123,27.260000,2.019190,1.391050,10,5000,3204,1796,5000,0,5000,3204,1796,0,1796,0,0.640800,1.000000,0.000000,0.640800,1.000000,1.000000
46,19.806000,2.208113,28.210000,2.023483,1.474287,10,5000,2872,2128,5000,0,5000,2872,2128,0,2128,0,0.574400,1.000000,0.000000,0.574400,1.000000,1.000000
47,19.316000,2.211832,25.110000,2.039221,1.284353,10,5000,3396,1604,5000,0,5000,3396,1604,0,1604,0,0.679200,1.000000,0.000000,0.679200,1.000000,1.000000
48,20.902000,2.190988,27.510000,2.045013,1.509665,10,5000,2756,2244,5000,0,5000,2756,2244,0,2244,0,0.551200,1.000000,0.000000,0.551200,1.000000,1.000000
49,19.820000,2.211573,27.170000,2.074814,1.746872,10,5000,2452,2548,5000,0,5000,2452,2548,0,2548,0,0.490400,1.000000,0.000000,0.490400,1.000000,1.000000
50,20.060000,2.206679,25.160000,2.071020,1.458457,10,5000,2912,2088,5000,0,5000,2912,2088,0,2088,0,0.582400,1.000000,0.000000,0.582400,1.000000,1.000000
51,21.072000,2.187588,27.190000,2.057637,1.650697,10,5000,2612,2388,5000,0,5000,2612,2388,0,2388,0,0.522400,1.000000,0.000000,0.522400,1.000000,1.000000
52,21.250000,2.188343,28.100000,2.035948,1.359491,10,5000,3136,1864,5000,0,5000,3136,1864,0,1864,0,0.627200,1.000000,0.000000,0.627200,1.000000,1.000000
53,23.532000,2.159796,33.800000,1.965681,1.424572,10,5000,2952,2048,5000,0,5000,2952,2048,0,2048,0,0.590400,1.000000,0.000000,0.590400,1.000000,1.000000
54,21.174000,2.183814,27.480000,2.045778,1.641367,10,5000,2556,2444,5000,0,5000,2556,2444,0,2444,0,0.511200,1.000000,0.000000,0.511200,1.000000,1.000000
55,19.926000,2.226724,28.470000,2.016435,1.148448,10,5000,3536,1464,5000,0,5000,3536,1464,0,1464,0,0.707200,1.000000,0.000000,0.707200,1.000000,1.000000
56,22.662000,2.167239,28.690000,2.016752,1.417421,10,5000,3120,1880,5000,0,5000,3120,1880,0,1880,0,0.624000,1.000000,0.000000,0.624000,1.000000,1.000000
57,20.910000,2.178401,27.980000,2.023114,1.360097,10,5000,3276,1724,5000,0,5000,3276,1724,0,1724,0,0.655200,1.000000,0.000000,0.655200,1.000000,1.000000
58,23.556000,2.153486,30.940000,1.985481,1.471982,10,5000,3048,1952,5000,0,5000,3048,1952,0,1952,0,0.609600,1.000000,0.000000,0.609600,1.000000,1.000000
59,22.656000,2.167060,30.850000,1.955717,1.200271,10,5000,3620,1380,5000,0,5000,3620,1380,0,1380,0,0.724000,1.000000,0.000000,0.724000,1.000000,1.000000
60,23.080000,2.159572,30.690000,1.995007,1.548088,10,5000,2920,2080,5000,0,5000,2920,2080,0,2080,0,0.584000,1.000000,0.000000,0.584000,1.000000,1.000000
61,23.068000,2.178704,31.500000,1.999404,1.233196,10,5000,3400,1600,5000,0,5000,3400,1600,0,1600,0,0.680000,1.000000,0.000000,0.680000,1.000000,1.000000
62,21.996000,2.181993,27.470000,2.065479,1.510732,10,5000,2884,2116,5000,0,5000,2884,2116,0,2116,0,0.576800,1.000000,0.000000,0.576800,1.000000,1.000000
63,23.584000,2.134989,31.860000,1.954544,1.430359,10,5000,3140,1860,5000,0,5000,3140,1860,0,1860,0,0.628000,1.000000,0.000000,0.628000,1.000000,1.000000
64,21.634000,2.159662,26.210000,1.965654,1.164095,10,5000,3464,1536,5000,0,5000,3464,1536,0,1536,0,0.692800,1.000000,0.000000,0.692800,1.000000,1.000000
65,22.838000,2.162713,29.580000,1.991740,1.611512,10,5000,2692,2308,5000,0,5000,2692,2308,0,2308,0,0.538400,1.000000,0.000000,0.538400,1.000000,1.000000
66,24.060000,2.137211,31.920000,1.977491,1.625825,10,5000,2648,2352,5000,0,5000,2648,2352,0,2352,0,0.529600,1.000000,0.000000,0.529600,1.000000,1.000000
67,24.682000,2.135254,31.720000,1.976013,1.449318,10,5000,3004,1996,5000,0,5000,3004,1996,0,1996,0,0.600800,1.000000,0.000000,0.600800,1.000000,1.000000
68,24.680000,2.151878,31.870000,1.964697,1.305781,10,5000,3332,1668,5000,0,5000,3332,1668,0,1668,0,0.666400,1.000000,0.000000,0.666400,1.000000,1.000000
69,21.356000,2.175591,28.760000,2.015753,1.597745,10,5000,2700,2300,5000,0,5000,2700,2300,0,2300,0,0.540000,1.000000,0.000000,0.540000,1.000000,1.000000
70,23.448000,2.152866,32.390000,1.969065,1.334749,10,5000,3208,1792,5000,0,5000,3208,1792,0,1792,0,0.641600,1.000000,0.000000,0.641600,1.000000,1.000000
71,20.104000,2.207815,25.810000,2.055425,1.552517,10,5000,2824,2176,5000,0,5000,2824,2176,0,2176,0,0.564800,1.000000,0.000000,0.564800,1.000000,1.000000
72,20.080000,2.199567,26.100000,2.073881,1.607021,10,5000,2612,2388,5000,0,5000,2612,2388,0,2388,0,0.522400,1.000000,0.000000,0.522400,1.000000,1.000000
73,24.240000,2.169286,30.530000,2.036861,1.441807,10,5000,3000,2000,5000,0,5000,3000,2000,0,2000,0,0.600000,1.000000,0.000000,0.600000,1.000000,1.000000
74,18.998000,2.178405,21.710000,2.060136,1.448033,10,5000,2980,2020,5000,0,5000,2980,2020,0,2020,0,0.596000,1.000000,0.000000,0.596000,1.000000,1.000000
75,24.982000,2.132284,34.140000,1.957017,1.180545,10,5000,3596,1404,5000,0,5000,3596,1404,0,1404,0,0.719200,1.000000,0.000000,0.719200,1.000000,1.000000
76,23.968000,2.141492,31.780000,1.996595,1.697371,10,5000,2544,2456,5000,0,5000,2544,2456,0,2456,0,0.508800,1.000000,0.000000,0.508800,1.000000,1.000000
77,21.058000,2.208125,27.470000,2.036770,1.111653,10,5000,3592,1408,5000,0,5000,3592,1408,0,1408,0,0.718400,1.000000,0.000000,0.718400,1.000000,1.000000
78,21.326000,2.169002,28.000000,2.022444,1.715190,10,5000,2380,2620,5000,0,5000,2380,2620,0,2620,0,0.476000,1.000000,0.000000,0.476000,1.000000,1.000000
79,24.532000,2.154320,32.590000,1.969952,1.239697,10,5000,3336,1664,5000,0,5000,3336,1664,0,1664,0,0.667200,1.000000,0.000000,0.667200,1.000000,1.000000
80,23.894000,2.154397,28.930000,2.056619,1.913316,10,5000,1824,3176,5000,0,5000,1824,3176,0,3176,0,0.364800,1.000000,0.000000,0.364800,1.000000,1.000000
81,24.096000,2.156186,31.080000,2.025152,1.592438,10,5000,2576,2424,5000,0,5000,2576,2424,0,2424,0,0.515200,1.000000,0.000000,0.515200,1.000000,1.000000
82,24.020000,2.139546,30.200000,1.992061,1.324994,10,5000,3364,1636,5000,0,5000,3364,1636,0,1636,0,0.672800,1.000000,0.000000,0.672800,1.000000,1.000000
83,21.132000,2.191264,25.230000,2.107148,1.614167,10,5000,2552,2448,5000,0,5000,2552,2448,0,2448,0,0.510400,1.000000,0.000000,0.510400,1.000000,1.000000
84,22.174000,2.195072,30.140000,2.040207,1.337345,10,5000,3192,1808,5000,0,5000,3192,1808,0,1808,0,0.638400,1.000000,0.000000,0.638400,1.000000,1.000000
85,20.380000,2.199971,25.640000,2.083848,1.321036,10,5000,3024,1976,5000,0,5000,3024,1976,0,1976,0,0.604800,1.000000,0.000000,0.604800,1.000000,1.000000
86,20.966000,2.181310,26.880000,2.072785,1.668077,10,5000,2456,2544,5000,0,5000,2456,2544,0,2544,0,0.491200,1.000000,0.000000,0.491200,1.000000,1.000000
87,19.832000,2.210865,22.870000,2.118198,1.334810,10,5000,3204,1796,5000,0,5000,3204,1796,0,1796,0,0.640800,1.000000,0.000000,0.640800,1.000000,1.000000
88,20.846000,2.198264,28.080000,2.021058,1.356089,10,5000,3096,1904,5000,0,5000,3096,1904,0,1904,0,0.619200,1.000000,0.000000,0.619200,1.000000,1.000000
89,21.624000,2.173334,25.720000,2.070906,1.549967,10,5000,2840,2160,5000,0,5000,2840,2160,0,2160,0,0.568000,1.000000,0.000000,0.568000,1.000000,1.000000
90,21.838000,2.211795,28.080000,2.070527,1.099475,10,5000,3548,1452,5000,0,5000,3548,1452,0,1452,0,0.709600,1.000000,0.000000,0.709600,1.000000,1.000000
91,21.480000,2.187491,26.260000,2.071931,1.392922,10,5000,2784,2216,5000,0,5000,2784,2216,0,2216,0,0.556800,1.000000,0.000000,0.556800,1.000000,1.000000
92,20.362000,2.216192,23.160000,2.139815,1.471099,10,5000,2812,2188,5000,0,5000,2812,2188,0,2188,0,0.562400,1.000000,0.000000,0.562400,1.000000,1.000000
93,20.410000,2.217376,25.980000,2.090454,1.125444,10,5000,3648,1352,5000,0,5000,3648,1352,0,1352,0,0.729600,1.000000,0.000000,0.729600,1.000000,1.000000
94,21.816000,2.174987,26.580000,2.071909,1.556868,10,5000,2692,2308,5000,0,5000,2692,2308,0,2308,0,0.538400,1.000000,0.000000,0.538400,1.000000,1.000000
95,23.660000,2.187656,30.040000,2.001803,0.834381,10,5000,4060,940,5000,0,5000,4060,940,0,940,0,0.812000,1.000000,0.000000,0.812000,1.000000,1.000000
96,24.680000,2.182110,31.180000,2.011144,1.025837,10,5000,3888,1112,5000,0,5000,3888,1112,0,1112,0,0.777600,1.000000,0.000000,0.777600,1.000000,1.000000
97,20.948000,2.187291,24.920000,2.102268,1.799663,10,5000,2108,2892,5000,0,5000,2108,2892,0,2892,0,0.421600,1.000000,0.000000,0.421600,1.000000,1.000000
98,21.784000,2.173081,25.380000,2.053188,1.232258,10,5000,3424,1576,5000,0,5000,3424,1576,0,1576,0,0.684800,1.000000,0.000000,0.684800,1.000000,1.000000
99,21.784000,2.202534,29.400000,2.005509,1.069180,10,5000,3648,1352,5000,0,5000,3648,1352,0,1352,0,0.729600,1.000000,0.000000,0.729600,1.000000,1.000000
100,24.222000,2.172605,29.790000,1.932415,0.399269,10,5000,3124,1876,3177,1823,3177,2918,259,206,259,1617,0.624800,0.635400,0.364600,0.918477,0.934059,0.635400
101,23.866000,2.223450,34.060000,1.882247,0.572179,10,5000,2816,2184,3125,1875,3125,2749,376,67,376,1808,0.563200,0.625000,0.375000,0.879680,0.976207,0.625000
102,25.084000,2.314346,35.450000,1.913173,0.400380,10,5000,2908,2092,3095,1905,3095,2851,244,57,244,1848,0.581600,0.619000,0.381000,0.921163,0.980399,0.619000
103,24.852000,2.296041,31.720000,1.939815,0.540297,10,5000,2344,2656,2600,2400,2600,2267,333,77,333,2323,0.468800,0.520000,0.480000,0.871923,0.967150,0.520000
104,26.500000,2.173809,41.060000,1.677081,0.374071,10,5000,3028,1972,3163,1837,3163,2977,186,51,186,1786,0.605600,0.632600,0.367400,0.941195,0.983157,0.632600
105,25.066000,2.318908,37.010000,1.810125,0.514946,10,5000,3424,1576,3520,1480,3520,3282,238,142,238,1338,0.684800,0.704000,0.296000,0.932386,0.958528,0.704000
106,28.366000,2.265932,40.250000,1.699285,0.250632,10,5000,3436,1564,3411,1589,3411,3349,62,87,62,1502,0.687200,0.682200,0.317800,0.981824,0.974680,0.682200
107,23.598000,2.393457,36.570000,1.769391,0.462406,10,5000,3000,2000,3259,1741,3259,2945,314,55,314,1686,0.600000,0.651800,0.348200,0.903651,0.981667,0.651800
108,29.684000,2.165098,44.450000,1.622240,0.379821,10,5000,2584,2416,2584,2416,2584,2411,173,173,173,2243,0.516800,0.516800,0.483200,0.933050,0.933050,0.516800
109,24.594000,2.326750,37.570000,1.761161,0.458189,10,5000,2640,2360,2903,2097,2903,2582,321,58,321,2039,0.528000,0.580600,0.419400,0.889425,0.978030,0.580600
110,24.480000,2.366216,34.020000,1.759792,0.293061,10,5000,3232,1768,3247,1753,3247,3149,98,83,98,1670,0.646400,0.649400,0.350600,0.969818,0.974319,0.649400
111,28.048000,2.332754,40.690000,1.653942,0.229792,10,5000,3588,1412,3554,1446,3554,3512,42,76,42,1370,0.717600,0.710800,0.289200,0.988182,0.978818,0.710800
112,28.120000,2.255607,41.570000,1.615224,0.355130,10,5000,3720,1280,3846,1154,3846,3628,218,92,218,1062,0.744000,0.769200,0.230800,0.943318,0.975269,0.769200
113,27.700000,2.252770,41.710000,1.576957,0.440678,10,5000,2908,2092,3095,1905,3095,2843,252,65,252,1840,0.581600,0.619000,0.381000,0.918578,0.977648,0.619000
114,26.468000,2.354400,36.910000,1.713905,0.232588,10,5000,3728,1272,3712,1288,3712,3647,65,81,65,1207,0.745600,0.742400,0.257600,0.982489,0.978273,0.742400
115,25.686000,2.504548,36.570000,1.769037,0.329441,10,5000,2628,2372,2642,2358,2642,2535,107,93,107,2265,0.525600,0.528400,0.471600,0.959500,0.964612,0.528400
116,29.946000,2.241942,44.830000,1.540824,0.362431,10,5000,3232,1768,3367,1633,3367,3142,225,90,225,1543,0.646400,0.673400,0.326600,0.933175,0.972153,0.673400
117,29.778000,2.251010,42.830000,1.600225,0.213111,10,5000,3484,1516,3313,1687,3313,3264,49,220,49,1467,0.696800,0.662600,0.337400,0.985210,0.936854,0.662600
118,26.916000,2.358410,42.710000,1.618748,0.434251,10,5000,3416,1584,3600,1400,3600,3311,289,105,289,1295,0.683200,0.720000,0.280000,0.919722,0.969262,0.720000
119,27.736000,2.359031,43.320000,1.557309,0.318387,10,5000,2640,2360,2724,2276,2724,2573,151,67,151,2209,0.528000,0.544800,0.455200,0.944567,0.974621,0.544800
120,28.838000,2.341121,38.980000,1.689267,0.295923,10,5000,3256,1744,3339,1661,3339,3201,138,55,138,1606,0.651200,0.667800,0.332200,0.958670,0.983108,0.667800
121,30.726000,2.271492,43.900000,1.574289,0.294602,10,5000,3000,2000,3048,1952,3048,2950,98,50,98,1902,0.600000,0.609600,0.390400,0.967848,0.983333,0.609600
122,26.916000,2.390872,38.890000,1.675146,0.443950,10,5000,2824,2176,2969,2031,2969,2744,225,80,225,1951,0.564800,0.593800,0.406200,0.924217,0.971671,0.593800
123,28.016000,2.304301,43.520000,1.556913,0.283206,10,5000,3700,1300,3655,1345,3655,3583,72,117,72,1228,0.740000,0.731000,0.269000,0.980301,0.968378,0.731000
124,29.558000,2.294660,46.880000,1.482174,0.357656,10,5000,2716,2284,2867,2133,2867,2625,242,91,242,2042,0.543200,0.573400,0.426600,0.915591,0.966495,0.573400
125,29.606000,2.292382,46.790000,1.490588,0.346328,10,5000,2312,2688,2418,2582,2418,2227,191,85,191,2497,0.462400,0.483600,0.516400,0.921009,0.963235,0.483600
126,26.414000,2.502677,40.650000,1.666856,0.188552,10,5000,3400,1600,3342,1658,3342,3282,60,118,60,1540,0.680000,0.668400,0.331600,0.982047,0.965294,0.668400
127,27.044000,2.510209,40.440000,1.647676,0.403001,10,5000,2932,2068,3113,1887,3113,2867,246,65,246,1822,0.586400,0.622600,0.377400,0.920977,0.977831,0.622600
128,30.328000,2.371309,44.910000,1.567624,0.252208,10,5000,3360,1640,3346,1654,3346,3269,77,91,77,1563,0.672000,0.669200,0.330800,0.976987,0.972917,0.669200
129,29.394000,2.419893,46.130000,1.509606,0.214492,10,5000,2968,2032,2872,2128,2872,2813,59,155,59,1973,0.593600,0.574400,0.425600,0.979457,0.947776,0.574400
130,29.194000,2.414865,43.480000,1.557545,0.269008,10,5000,2932,2068,2931,2069,2931,2844,87,88,87,1981,0.586400,0.586200,0.413800,0.970317,0.969986,0.586200
131,32.448000,2.297490,45.390000,1.518603,0.311650,10,5000,3012,1988,3129,1871,3129,2939,190,73,190,1798,0.602400,0.625800,0.374200,0.939278,0.975764,0.625800
132,32.356000,2.278791,48.440000,1.436283,0.235192,10,5000,2764,2236,2769,2231,2769,2690,79,74,79,2157,0.552800,0.553800,0.446200,0.971470,0.973227,0.553800
133,29.662000,2.295320,46.470000,1.455419,0.418828,10,5000,2772,2228,3047,1953,3047,2718,329,54,329,1899,0.554400,0.609400,0.390600,0.892025,0.980519,0.609400
134,32.542000,2.210466,48.570000,1.451978,0.558755,10,5000,2140,2860,2548,2452,2548,2005,543,135,543,2317,0.428000,0.509600,0.490400,0.786892,0.936916,0.509600
135,31.590000,2.269525,44.450000,1.554009,0.186625,10,5000,3060,1940,3069,1931,3069,3006,63,54,63,1877,0.612000,0.613800,0.386200,0.979472,0.982353,0.613800
136,33.746000,2.188590,50.460000,1.379380,0.329026,10,5000,2588,2412,2765,2235,2765,2534,231,54,231,2181,0.517600,0.553000,0.447000,0.916456,0.979134,0.553000
137,32.334000,2.324278,45.900000,1.529105,0.200112,10,5000,2604,2396,2621,2379,2621,2546,75,58,75,2321,0.520800,0.524200,0.475800,0.971385,0.977727,0.524200
138,24.776000,2.573371,37.120000,1.658185,0.207095,10,5000,2808,2192,2671,2329,2671,2588,83,220,83,2109,0.561600,0.534200,0.465800,0.968925,0.921652,0.534200
139,33.084000,2.250706,51.830000,1.358893,0.419731,10,5000,2840,2160,3088,1912,3088,2781,307,59,307,1853,0.568000,0.617600,0.382400,0.900583,0.979225,0.617600
140,30.414000,2.415143,49.660000,1.494648,0.394619,10,5000,3236,1764,3398,1602,3398,3153,245,83,245,1519,0.647200,0.679600,0.320400,0.927899,0.974351,0.679600
141,35.372000,2.166469,53.070000,1.351208,0.528555,10,5000,2512,2488,2824,2176,2824,2422,402,90,402,2086,0.502400,0.564800,0.435200,0.857649,0.964172,0.564800
142,33.116000,2.246077,46.450000,1.483494,0.221306,10,5000,3492,1508,3453,1547,3453,3389,64,103,64,1444,0.698400,0.690600,0.309400,0.981465,0.970504,0.690600
143,24.120000,2.788510,35.300000,1.834302,0.187149,10,5000,2516,2484,2430,2570,2430,2357,73,159,73,2411,0.503200,0.486000,0.514000,0.969959,0.936804,0.486000
144,35.026000,2.231748,50.500000,1.385171,0.247657,10,5000,2628,2372,2614,2386,2614,2537,77,91,77,2295,0.525600,0.522800,0.477200,0.970543,0.965373,0.522800
145,30.288000,2.378051,45.090000,1.503574,0.192478,10,5000,3384,1616,3349,1651,3349,3300,49,84,49,1567,0.676800,0.669800,0.330200,0.985369,0.975177,0.669800
146,32.356000,2.302574,43.980000,1.548255,0.297188,10,5000,2876,2124,3046,1954,3046,2832,214,44,214,1910,0.575200,0.609200,0.390800,0.929744,0.984701,0.609200
147,30.668000,2.403208,45.420000,1.496860,0.315087,10,5000,3104,1896,3289,1711,3289,3072,217,32,217,1679,0.620800,0.657800,0.342200,0.934022,0.989691,0.657800
148,32.158000,2.323615,50.170000,1.400326,0.320519,10,5000,2920,2080,2969,2031,2969,2868,101,52,101,1979,0.584000,0.593800,0.406200,0.965982,0.982192,0.593800
149,33.182000,2.307421,48.230000,1.444300,0.390119,10,5000,2700,2300,2879,2121,2879,2652,227,48,227,2073,0.540000,0.575800,0.424200,0.921153,0.982222,0.575800
150,25.960000,2.530075,42.360000,1.556243,0.687658,10,5000,2472,2528,2984,2016,2984,2414,570,58,570,1958,0.494400,0.596800,0.403200,0.808981,0.976537,0.596800
151,30.964000,2.371416,47.760000,1.433692,0.236376,10,5000,2968,2032,2913,2087,2913,2860,53,108,53,1979,0.593600,0.582600,0.417400,0.981806,0.963612,0.582600
152,32.796000,2.372895,46.660000,1.479024,0.157674,10,5000,3612,1388,3558,1442,3558,3529,29,83,29,1359,0.722400,0.711600,0.288400,0.991849,0.977021,0.711600
153,25.918000,2.573752,43.730000,1.517871,0.272282,10,5000,3072,1928,3207,1793,3207,3003,204,69,204,1724,0.614400,0.641400,0.358600,0.936389,0.977539,0.641400
154,34.070000,2.309456,51.420000,1.340120,0.229472,10,5000,3236,1764,3172,1828,3172,3105,67,131,67,1697,0.647200,0.634400,0.365600,0.978878,0.959518,0.634400
155,28.582000,2.590122,42.850000,1.616602,0.325462,10,5000,2476,2524,2645,2355,2645,2415,230,61,230,2294,0.495200,0.529000,0.471000,0.913043,0.975363,0.529000
156,29.916000,2.401522,44.000000,1.520292,0.370645,10,5000,3316,1684,3399,1601,3399,3220,179,96,179,1505,0.663200,0.679800,0.320200,0.947337,0.971049,0.679800
157,25.064000,2.813147,37.100000,1.865190,0.388668,10,5000,3020,1980,3194,1806,3194,2957,237,63,237,1743,0.604000,0.638800,0.361200,0.925798,0.979139,0.638800
158,32.934000,2.337451,45.770000,1.476167,0.199671,10,5000,2976,2024,2943,2057,2943,2902,41,74,41,1983,0.595200,0.588600,0.411400,0.986069,0.975134,0.588600
159,33.550000,2.397373,50.410000,1.462953,0.185138,10,5000,3424,1576,3378,1622,3378,3332,46,92,46,1530,0.684800,0.675600,0.324400,0.986382,0.973131,0.675600
160,31.064000,2.669583,47.180000,1.652225,0.153486,10,5000,3412,1588,3292,1708,3292,3244,48,168,48,1540,0.682400,0.658400,0.341600,0.985419,0.950762,0.658400
161,33.782000,2.335530,47.420000,1.462070,0.348097,10,5000,2808,2192,2995,2005,2995,2738,257,70,257,1935,0.561600,0.599000,0.401000,0.914190,0.975071,0.599000
162,36.392000,2.232891,52.700000,1.361564,0.346369,10,5000,2912,2088,3085,1915,3085,2852,233,60,233,1855,0.582400,0.617000,0.383000,0.924473,0.979396,0.617000
163,36.820000,2.214088,55.890000,1.252016,0.172673,10,5000,3340,1660,3327,1673,3327,3281,46,59,46,1614,0.668000,0.665400,0.334600,0.986174,0.982335,0.665400
164,30.080000,2.521361,41.210000,1.657051,0.282896,10,5000,2816,2184,3000,2000,3000,2773,227,43,227,1957,0.563200,0.600000,0.400000,0.924333,0.984730,0.600000
165,31.968000,2.443697,47.640000,1.493750,0.193416,10,5000,3484,1516,3460,1540,3460,3401,59,83,59,1457,0.696800,0.692000,0.308000,0.982948,0.976177,0.692000
166,30.544000,2.398587,42.870000,1.612576,0.484652,10,5000,2424,2576,2813,2187,2813,2381,432,43,432,2144,0.484800,0.562600,0.437400,0.846427,0.982261,0.562600
167,30.492000,2.485107,45.530000,1.561100,0.304858,10,5000,2940,2060,3084,1916,3084,2879,205,61,205,1855,0.588000,0.616800,0.383200,0.933528,0.979252,0.616800
168,35.266000,2.345619,48.790000,1.496988,0.163584,10,5000,3428,1572,3398,1602,3398,3352,46,76,46,1526,0.685600,0.679600,0.320400,0.986463,0.977830,0.679600
169,30.016000,2.546224,48.950000,1.497553,0.346014,10,5000,3024,1976,3194,1806,3194,2956,238,68,238,1738,0.604800,0.638800,0.361200,0.925485,0.977513,0.638800
170,33.696000,2.378197,51.790000,1.382630,0.136696,10,5000,3452,1548,3427,1573,3427,3396,31,56,31,1517,0.690400,0.685400,0.314600,0.990954,0.983778,0.685400
171,32.850000,2.359182,49.450000,1.383765,0.405425,10,5000,2512,2488,2709,2291,2709,2439,270,73,270,2218,0.502400,0.541800,0.458200,0.900332,0.970939,0.541800
172,29.112000,2.551919,46.630000,1.440330,0.297973,10,5000,2680,2320,2862,2138,2862,2650,212,30,212,2108,0.536000,0.572400,0.427600,0.925926,0.988806,0.572400
173,26.986000,2.639435,42.920000,1.598786,0.193586,10,5000,3504,1496,3485,1515,3485,3442,43,62,43,1453,0.700800,0.697000,0.303000,0.987661,0.982306,0.697000
174,28.528000,2.943388,45.540000,1.790496,0.174044,10,5000,3216,1784,3192,1808,3192,3156,36,60,36,1748,0.643200,0.638400,0.361600,0.988722,0.981343,0.638400
175,33.346000,2.348138,52.200000,1.321477,0.232842,10,5000,2896,2104,2888,2112,2888,2837,51,59,51,2053,0.579200,0.577600,0.422400,0.982341,0.979627,0.577600
176,34.408000,2.356752,50.850000,1.350635,0.192125,10,5000,3604,1396,3421,1579,3421,3362,59,242,59,1337,0.720800,0.684200,0.315800,0.982754,0.932852,0.684200
177,33.812000,2.388721,49.600000,1.431597,0.235442,10,5000,2956,2044,2939,2061,2939,2874,65,82,65,1979,0.591200,0.587800,0.412200,0.977884,0.972260,0.587800
178,33.096000,2.508586,51.610000,1.443829,0.199122,10,5000,2924,2076,2853,2147,2853,2767,86,157,86,1990,0.584800,0.570600,0.429400,0.969856,0.946306,0.570600
179,33.268000,2.397814,54.780000,1.266084,0.208433,10,5000,3568,1432,3519,1481,3519,3476,43,92,43,1389,0.713600,0.703800,0.296200,0.987781,0.974215,0.703800
180,30.950000,2.559606,51.130000,1.353124,0.275642,10,5000,2584,2416,2705,2295,2705,2540,165,44,165,2251,0.516800,0.541000,0.459000,0.939002,0.982972,0.541000
181,33.968000,2.414233,49.720000,1.485546,0.228832,10,5000,3508,1492,3387,1613,3387,3328,59,180,59,1433,0.701600,0.677400,0.322600,0.982580,0.948689,0.677400
182,34.048000,2.387223,48.780000,1.454807,0.365496,10,5000,2632,2368,2804,2196,2804,2590,214,42,214,2154,0.526400,0.560800,0.439200,0.923680,0.984043,0.560800
183,32.302000,2.480226,49.390000,1.388898,0.193075,10,5000,3404,1596,3393,1607,3393,3327,66,77,66,1530,0.680800,0.678600,0.321400,0.980548,0.977380,0.678600
184,32.302000,2.458224,51.010000,1.337892,0.338530,10,5000,2364,2636,2573,2427,2573,2326,247,38,247,2389,0.472800,0.514600,0.485400,0.904003,0.983926,0.514600
185,34.912000,2.360029,56.520000,1.218131,0.180795,10,5000,3020,1980,3009,1991,3009,2953,56,67,56,1924,0.604000,0.601800,0.398200,0.981389,0.977815,0.601800
186,32.334000,2.486788,48.260000,1.416926,0.202817,10,5000,3064,1936,3056,1944,3056,3001,55,63,55,1881,0.612800,0.611200,0.388800,0.982003,0.979439,0.611200
187,29.736000,2.642492,39.140000,1.728879,0.342837,10,5000,2476,2524,2699,2301,2699,2434,265,42,265,2259,0.495200,0.539800,0.460200,0.901815,0.983037,0.539800
188,28.564000,2.639970,45.430000,1.528967,0.373422,10,5000,2744,2256,2915,2085,2915,2680,235,64,235,2021,0.548800,0.583000,0.417000,0.919383,0.976676,0.583000
189,34.232000,2.398265,52.420000,1.318457,0.223936,10,5000,3540,1460,3506,1494,3506,3445,61,95,61,1399,0.708000,0.701200,0.298800,0.982601,0.973164,0.701200
190,32.848000,2.404882,48.710000,1.396853,0.308711,10,5000,3180,1820,3347,1653,3347,3116,231,64,231,1589,0.636000,0.669400,0.330600,0.930983,0.979874,0.669400
191,25.466000,2.815597,41.590000,1.637031,0.382073,10,5000,2500,2500,2692,2308,2692,2471,221,29,221,2279,0.500000,0.538400,0.461600,0.917905,0.988400,0.538400
192,30.570000,2.524963,49.360000,1.387079,0.251531,10,5000,3532,1468,3519,1481,3519,3465,54,67,54,1414,0.706400,0.703800,0.296200,0.984655,0.981031,0.703800
193,32.510000,2.455918,50.660000,1.386264,0.385276,10,5000,3164,1836,3339,1661,3339,3105,234,59,234,1602,0.632800,0.667800,0.332200,0.929919,0.981353,0.667800
194,35.060000,2.359126,56.350000,1.236299,0.161255,10,5000,3260,1740,3253,1747,3253,3225,28,35,28,1712,0.652000,0.650600,0.349400,0.991393,0.989264,0.650600
195,32.750000,2.407305,50.200000,1.334123,0.373227,10,5000,2872,2128,3008,1992,3008,2814,194,58,194,1934,0.574400,0.601600,0.398400,0.935505,0.979805,0.601600
196,31.574000,2.488580,46.930000,1.484938,0.203456,10,5000,3152,1848,3095,1905,3095,2998,97,154,97,1751,0.630400,0.619000,0.381000,0.968659,0.951142,0.619000
197,31.462000,2.501949,48.050000,1.471100,0.355679,10,5000,2616,2384,2833,2167,2833,2575,258,41,258,2126,0.523200,0.566600,0.433400,0.908930,0.984327,0.566600
198,33.228000,2.551276,53.070000,1.346316,0.166859,10,5000,2948,2052,2942,2058,2942,2890,52,58,52,2000,0.589600,0.588400,0.411600,0.982325,0.980326,0.588400
199,35.844000,2.315104,54.690000,1.275434,0.462165,10,5000,2696,2304,2937,2063,2937,2559,378,137,378,1926,0.539200,0.587400,0.412600,0.871297,0.949184,0.587400
200,35.156000,2.400718,51.270000,1.361718,0.169339,10,5000,3140,1860,3151,1849,3151,3093,58,47,58,1802,0.628000,0.630200,0.369800,0.981593,0.985032,0.630200
201,30.952000,2.543074,50.810000,1.354160,0.287595,10,5000,3268,1732,3365,1635,3365,3185,180,83,180,1552,0.653600,0.673000,0.327000,0.946508,0.974602,0.673000
202,23.704000,3.015401,35.750000,1.877531,0.303050,10,5000,3032,1968,3130,1870,3130,2883,247,149,247,1721,0.606400,0.626000,0.374000,0.921086,0.950858,0.626000
203,31.410000,2.523662,48.800000,1.444493,0.259831,10,5000,2632,2368,2652,2348,2652,2577,75,55,75,2293,0.526400,0.530400,0.469600,0.971719,0.979103,0.530400
204,30.756000,2.680736,46.240000,1.529427,0.137804,10,5000,2876,2124,2860,2140,2860,2821,39,55,39,2085,0.575200,0.572000,0.428000,0.986364,0.980876,0.572000
205,36.138000,2.395602,57.210000,1.214266,0.186857,10,5000,2848,2152,2839,2161,2839,2789,50,59,50,2102,0.569600,0.567800,0.432200,0.982388,0.979284,0.567800
206,34.932000,2.409838,51.520000,1.356985,0.183594,10,5000,2544,2456,2575,2425,2575,2500,75,44,75,2381,0.508800,0.515000,0.485000,0.970874,0.982704,0.515000
207,31.644000,2.571979,48.260000,1.422732,0.256167,10,5000,2852,2148,2964,2036,2964,2800,164,52,164,1984,0.570400,0.592800,0.407200,0.944669,0.981767,0.592800
208,36.232000,2.372360,52.890000,1.292780,0.173177,10,5000,3820,1180,3814,1186,3814,3755,59,65,59,1121,0.764000,0.762800,0.237200,0.984531,0.982984,0.762800
209,33.482000,2.540008,53.250000,1.338954,0.246648,10,5000,2672,2328,2713,2287,2713,2621,92,51,92,2236,0.534400,0.542600,0.457400,0.966089,0.980913,0.542600
210,35.842000,2.363614,53.350000,1.282972,0.219211,10,5000,3440,1560,3405,1595,3405,3339,66,101,66,1494,0.688000,0.681000,0.319000,0.980617,0.970640,0.681000
211,35.538000,2.391246,55.570000,1.270111,0.329222,10,5000,2576,2424,2838,2162,2838,2547,291,29,291,2133,0.515200,0.567600,0.432400,0.897463,0.988742,0.567600
212,31.728000,2.651892,46.630000,1.622907,0.154030,10,5000,3364,1636,3363,1637,3363,3316,47,48,47,1589,0.672800,0.672600,0.327400,0.986024,0.985731,0.672600
213,29.556000,2.638829,46.130000,1.492993,0.215871,10,5000,2988,2012,2995,2005,2995,2928,67,60,67,1945,0.597600,0.599000,0.401000,0.977629,0.979920,0.599000
214,31.952000,2.541412,45.860000,1.517716,0.283987,10,5000,2980,2020,3018,1982,3018,2931,87,49,87,1933,0.596000,0.603600,0.396400,0.971173,0.983557,0.603600
215,35.192000,2.442910,56.680000,1.236966,0.215238,10,5000,3024,1976,3030,1970,3030,2955,75,69,75,1901,0.604800,0.606000,0.394000,0.975248,0.977183,0.606000
216,34.890000,2.463412,54.600000,1.241038,0.212257,10,5000,2984,2016,2991,2009,2991,2921,70,63,70,1946,0.596800,0.598200,0.401800,0.976596,0.978887,0.598200
217,31.464000,2.658773,52.480000,1.388240,0.374328,10,5000,3032,1968,3289,1711,3289,2978,311,54,311,1657,0.606400,0.657800,0.342200,0.905442,0.982190,0.657800
218,28.968000,2.678633,46.410000,1.496268,0.372472,10,5000,2728,2272,2956,2044,2956,2671,285,57,285,1987,0.545600,0.591200,0.408800,0.903586,0.979106,0.591200
219,29.710000,2.757624,45.990000,1.590310,0.212642,10,5000,2832,2168,2751,2249,2751,2672,79,160,79,2089,0.566400,0.550200,0.449800,0.971283,0.943503,0.550200
220,30.550000,2.661485,43.430000,1.598896,0.307476,10,5000,3336,1664,3558,1442,3558,3278,280,58,280,1384,0.667200,0.711600,0.288400,0.921304,0.982614,0.711600
221,32.060000,2.596414,53.640000,1.329426,0.227970,10,5000,3264,1736,3292,1708,3292,3216,76,48,76,1660,0.652800,0.658400,0.341600,0.976914,0.985294,0.658400
222,34.602000,2.457554,52.090000,1.333536,0.263830,10,5000,3012,1988,3035,1965,3035,2968,67,44,67,1921,0.602400,0.607000,0.393000,0.977924,0.985392,0.607000
223,32.942000,2.497412,52.820000,1.294532,0.325088,10,5000,2828,2172,2904,2096,2904,2667,237,161,237,1935,0.565600,0.580800,0.419200,0.918388,0.943069,0.580800
224,32.340000,2.713259,51.370000,1.438924,0.137522,10,5000,3064,1936,3039,1961,3039,3000,39,64,39,1897,0.612800,0.607800,0.392200,0.987167,0.979112,0.607800
225,32.898000,2.577480,49.020000,1.415055,0.279541,10,5000,2868,2132,2959,2041,2959,2789,170,79,170,1962,0.573600,0.591800,0.408200,0.942548,0.972455,0.591800
226,34.530000,2.540186,56.620000,1.279214,0.297412,10,5000,3124,1876,3222,1778,3222,3057,165,67,165,1711,0.624800,0.644400,0.355600,0.948790,0.978553,0.644400
227,30.944000,2.607842,46.710000,1.477469,0.154261,10,5000,2976,2024,2887,2113,2887,2831,56,145,56,1968,0.595200,0.577400,0.422600,0.980603,0.951277,0.577400
228,34.232000,2.406458,50.850000,1.380732,0.537799,10,5000,2824,2176,3206,1794,3206,2786,420,38,420,1756,0.564800,0.641200,0.358800,0.868996,0.986544,0.641200
229,32.190000,2.610869,51.230000,1.416845,0.214817,10,5000,2792,2208,2707,2293,2707,2634,73,158,73,2135,0.558400,0.541400,0.458600,0.973033,0.943410,0.541400
230,36.032000,2.427157,57.860000,1.202120,0.184255,10,5000,3376,1624,3349,1651,3349,3299,50,77,50,1574,0.675200,0.669800,0.330200,0.985070,0.977192,0.669800
231,28.576000,2.772148,46.640000,1.525943,0.207135,10,5000,2948,2052,2943,2057,2943,2878,65,70,65,1987,0.589600,0.588600,0.411400,0.977914,0.976255,0.588600
232,31.400000,2.718796,46.220000,1.542423,0.217665,10,5000,3048,1952,3089,1911,3089,3006,83,42,83,1869,0.609600,0.617800,0.382200,0.973130,0.986220,0.617800
233,34.986000,2.421478,53.140000,1.298784,0.213986,10,5000,2940,2060,2931,2069,2931,2871,60,69,60,2000,0.588000,0.586200,0.413800,0.979529,0.976531,0.586200
234,32.718000,2.511093,51.770000,1.322930,0.397281,10,5000,2520,2480,2803,2197,2803,2467,336,53,336,2144,0.504000,0.560600,0.439400,0.880128,0.978968,0.560600
235,34.336000,2.528731,52.230000,1.338165,0.154205,10,5000,3084,1916,3092,1908,3092,3045,47,39,47,1869,0.616800,0.618400,0.381600,0.984799,0.987354,0.618400
236,34.730000,2.375680,52.280000,1.321168,0.628723,10,5000,2336,2664,2914,2086,2914,2261,653,75,653,2011,0.467200,0.582800,0.417200,0.775909,0.967894,0.582800
237,33.658000,2.502689,54.990000,1.299762,0.276980,10,5000,3168,1832,3308,1692,3308,3085,223,83,223,1609,0.633600,0.661600,0.338400,0.932588,0.973801,0.661600
238,28.220000,2.918465,42.510000,1.697641,0.182716,10,5000,2952,2048,2966,2034,2966,2896,70,56,70,1978,0.590400,0.593200,0.406800,0.976399,0.981030,0.593200
239,30.812000,2.701734,48.640000,1.401481,0.174256,10,5000,3336,1664,3325,1675,3325,3274,51,62,51,1613,0.667200,0.665000,0.335000,0.984662,0.981415,0.665000
240,30.122000,2.796766,49.830000,1.441896,0.146282,10,5000,3064,1936,3061,1939,3061,3023,38,41,38,1898,0.612800,0.612200,0.387800,0.987586,0.986619,0.612200
241,34.738000,2.566272,51.040000,1.404400,0.140533,10,5000,3100,1900,3059,1941,3059,3019,40,81,40,1860,0.620000,0.611800,0.388200,0.986924,0.973871,0.611800
242,34.512000,2.656175,52.780000,1.397188,0.116591,10,5000,3120,1880,3110,1890,3110,3073,37,47,37,1843,0.624000,0.622000,0.378000,0.988103,0.984936,0.622000
243,32.070000,2.602354,50.070000,1.379543,0.207844,10,5000,3176,1824,3175,1825,3175,3119,56,57,56,1768,0.635200,0.635000,0.365000,0.982362,0.982053,0.635000
244,35.832000,2.505781,51.940000,1.355848,0.152415,10,5000,3228,1772,3197,1803,3197,3162,35,66,35,1737,0.645600,0.639400,0.360600,0.989052,0.979554,0.639400
245,38.342000,2.425280,57.680000,1.189955,0.149176,10,5000,3196,1804,3184,1816,3184,3136,48,60,48,1756,0.639200,0.636800,0.363200,0.984925,0.981227,0.636800
246,35.142000,2.517261,54.870000,1.271241,0.360928,10,5000,3008,1992,3202,1798,3202,2938,264,70,264,1728,0.601600,0.640400,0.359600,0.917552,0.976729,0.640400
247,32.524000,2.687081,51.550000,1.395176,0.242015,10,5000,2744,2256,2791,2209,2791,2709,82,35,82,2174,0.548800,0.558200,0.441800,0.970620,0.987245,0.558200
248,35.390000,2.558718,56.810000,1.260261,0.294822,10,5000,2780,2220,2872,2128,2872,2714,158,66,158,2062,0.556000,0.574400,0.425600,0.944986,0.976259,0.574400
249,33.396000,2.588572,46.600000,1.467783,0.291718,10,5000,3108,1892,3265,1735,3265,3039,226,69,226,1666,0.621600,0.653000,0.347000,0.930781,0.977799,0.653000
250,35.804000,2.483127,52.420000,1.376804,0.293094,10,5000,2840,2160,3030,1970,3030,2800,230,40,230,1930,0.568000,0.606000,0.394000,0.924092,0.985915,0.606000
251,35.544000,2.414250,51.240000,1.390055,0.523591,10,5000,2076,2924,2472,2528,2472,2040,432,36,432,2492,0.415200,0.494400,0.505600,0.825243,0.982659,0.494400
252,34.650000,2.534736,52.360000,1.322208,0.122576,10,5000,3856,1144,3812,1188,3812,3792,20,64,20,1124,0.771200,0.762400,0.237600,0.994753,0.983402,0.762400
253,31.708000,2.656087,49.940000,1.431565,0.271212,10,5000,3020,1980,3056,1944,3056,2959,97,61,97,1883,0.604000,0.611200,0.388800,0.968259,0.979801,0.611200
254,29.828000,2.744399,48.640000,1.400357,0.328011,10,5000,3068,1932,3218,1782,3218,2996,222,72,222,1710,0.613600,0.643600,0.356400,0.931013,0.976532,0.643600
255,28.848000,2.763471,44.590000,1.495884,0.223765,10,5000,2788,2212,2807,2193,2807,2730,77,58,77,2135,0.557600,0.561400,0.438600,0.972569,0.979197,0.561400
256,33.708000,2.563423,49.500000,1.386075,0.239266,10,5000,3452,1548,3420,1580,3420,3362,58,90,58,1490,0.690400,0.684000,0.316000,0.983041,0.973928,0.684000
257,30.248000,2.765751,46.040000,1.545673,0.198226,10,5000,2760,2240,2774,2226,2774,2704,70,56,70,2170,0.552000,0.554800,0.445200,0.974766,0.979710,0.554800
258,30.688000,2.737140,44.310000,1.614281,0.171534,10,5000,3296,1704,3310,1690,3310,3237,73,59,73,1631,0.659200,0.662000,0.338000,0.977946,0.982100,0.662000
259,33.736000,2.605630,50.020000,1.406644,0.340483,10,5000,2976,2024,3162,1838,3162,2920,242,56,242,1782,0.595200,0.632400,0.367600,0.923466,0.981183,0.632400
260,32.660000,2.659422,50.160000,1.402207,0.321779,10,5000,2752,2248,2918,2082,2918,2721,197,31,197,2051,0.550400,0.583600,0.416400,0.932488,0.988735,0.583600
261,35.582000,2.459354,57.750000,1.186671,0.319570,10,5000,3192,1808,3414,1586,3414,3148,266,44,266,1542,0.638400,0.682800,0.317200,0.922086,0.986216,0.682800
262,35.072000,2.540554,50.420000,1.368466,0.148634,10,5000,3416,1584,3416,1584,3416,3366,50,50,50,1534,0.683200,0.683200,0.316800,0.985363,0.985363,0.683200
263,35.724000,2.550375,53.310000,1.332152,0.157473,10,5000,3648,1352,3623,1377,3623,3575,48,73,48,1304,0.729600,0.724600,0.275400,0.986751,0.979989,0.724600
264,35.916000,2.507927,54.220000,1.260341,0.274853,10,5000,3084,1916,3220,1780,3220,3030,190,54,190,1726,0.616800,0.644000,0.356000,0.940994,0.982490,0.644000
265,35.444000,2.484792,53.680000,1.273416,0.247886,10,5000,2568,2432,2740,2260,2740,2527,213,41,213,2219,0.513600,0.548000,0.452000,0.922263,0.984034,0.548000
266,35.572000,2.511447,53.490000,1.330091,0.394265,10,5000,3068,1932,3270,1730,3270,2909,361,159,361,1571,0.613600,0.654000,0.346000,0.889602,0.948175,0.654000
267,33.444000,2.583783,53.470000,1.276929,0.126848,10,5000,2804,2196,2782,2218,2782,2749,33,55,33,2163,0.560800,0.556400,0.443600,0.988138,0.980385,0.556400
268,36.260000,2.464500,56.120000,1.219699,0.264763,10,5000,2864,2136,2946,2054,2946,2715,231,149,231,1905,0.572800,0.589200,0.410800,0.921589,0.947975,0.589200
269,34.738000,2.535130,49.880000,1.424525,0.198860,10,5000,3428,1572,3425,1575,3425,3356,69,72,69,1503,0.685600,0.685000,0.315000,0.979854,0.978996,0.685000
270,33.596000,2.713232,52.560000,1.398091,0.219144,10,5000,2948,2052,2966,2034,2966,2800,166,148,166,1886,0.589600,0.593200,0.406800,0.944032,0.949796,0.593200
271,34.534000,2.604074,50.960000,1.368176,0.201942,10,5000,3088,1912,3013,1987,3013,2944,69,144,69,1843,0.617600,0.602600,0.397400,0.977099,0.953368,0.602600
272,22.620000,3.267114,39.860000,1.750668,0.195701,10,5000,3420,1580,3447,1553,3447,3377,70,43,70,1510,0.684000,0.689400,0.310600,0.979692,0.987427,0.689400
273,32.834000,2.614790,47.350000,1.478357,0.321016,10,5000,2364,2636,2528,2472,2528,2285,243,79,243,2393,0.472800,0.505600,0.494400,0.903877,0.966582,0.505600
274,32.944000,2.569138,54.190000,1.253920,0.326310,10,5000,2856,2144,3036,1964,3036,2798,238,58,238,1906,0.571200,0.607200,0.392800,0.921607,0.979692,0.607200
275,36.546000,2.471170,54.970000,1.263138,0.180256,10,5000,3108,1892,3095,1905,3095,3043,52,65,52,1840,0.621600,0.619000,0.381000,0.983199,0.979086,0.619000
276,36.528000,2.467172,52.930000,1.327831,0.260240,10,5000,2992,2008,3174,1826,3174,2938,236,54,236,1772,0.598400,0.634800,0.365200,0.925646,0.981952,0.634800
277,33.334000,2.640849,50.490000,1.366709,0.236008,10,5000,3176,1824,3339,1661,3339,3126,213,50,213,1611,0.635200,0.667800,0.332200,0.936208,0.984257,0.667800
278,35.462000,2.538123,51.840000,1.345360,0.162108,10,5000,2784,2216,2763,2237,2763,2703,60,81,60,2156,0.556800,0.552600,0.447400,0.978284,0.970905,0.552600
279,33.602000,2.691410,52.730000,1.338205,0.125878,10,5000,3460,1540,3458,1542,3458,3415,43,45,43,1497,0.692000,0.691600,0.308400,0.987565,0.986994,0.691600
280,28.778000,2.964077,42.250000,1.711585,0.287684,10,5000,3484,1516,3568,1432,3568,3418,150,66,150,1366,0.696800,0.713600,0.286400,0.957960,0.981056,0.713600
281,31.086000,2.727916,50.220000,1.371496,0.300854,10,5000,2676,2324,2817,2183,2817,2616,201,60,201,2123,0.535200,0.563400,0.436600,0.928647,0.977578,0.563400
282,38.928000,2.405389,58.050000,1.181116,0.237476,10,5000,2884,2116,2824,2176,2824,2721,103,163,103,2013,0.576800,0.564800,0.435200,0.963527,0.943481,0.564800
283,32.494000,2.803939,49.790000,1.470067,0.175645,10,5000,3016,1984,3026,1974,3026,2972,54,44,54,1930,0.603200,0.605200,0.394800,0.982155,0.985411,0.605200
284,34.640000,2.632955,52.730000,1.334173,0.217868,10,5000,3340,1660,3379,1621,3379,3292,87,48,87,1573,0.668000,0.675800,0.324200,0.974253,0.985629,0.675800
285,32.934000,2.761582,46.680000,1.563390,0.122335,10,5000,3364,1636,3346,1654,3346,3311,35,53,35,1601,0.672800,0.669200,0.330800,0.989540,0.984245,0.669200
286,37.620000,2.478219,56.380000,1.205492,0.176407,10,5000,2688,2312,2650,2350,2650,2576,74,112,74,2238,0.537600,0.530000,0.470000,0.972075,0.958333,0.530000
287,29.680000,2.866132,47.280000,1.450012,0.316143,10,5000,2816,2184,2997,2003,2997,2769,228,47,228,1956,0.563200,0.599400,0.400600,0.923924,0.983310,0.599400
288,36.262000,2.535823,53.910000,1.314243,0.455027,10,5000,2844,2156,3286,1714,3286,2791,495,53,495,1661,0.568800,0.657200,0.342800,0.849361,0.981364,0.657200
289,37.394000,2.521794,58.040000,1.242184,0.207440,10,5000,2680,2320,2654,2346,2654,2579,75,101,75,2245,0.536000,0.530800,0.469200,0.971741,0.962313,0.530800
290,34.096000,2.624953,55.910000,1.211683,0.160175,10,5000,3608,1392,3588,1412,3588,3557,31,51,31,1361,0.721600,0.717600,0.282400,0.991360,0.985865,0.717600
291,36.580000,2.565021,55.230000,1.240057,0.113375,10,5000,3544,1456,3525,1475,3525,3491,34,53,34,1422,0.708800,0.705000,0.295000,0.990355,0.985045,0.705000
292,35.108000,2.735211,52.700000,1.454873,0.109579,10,5000,3240,1760,3197,1803,3197,3175,22,65,22,1738,0.648000,0.639400,0.360600,0.993119,0.979938,0.639400
293,39.452000,2.416485,57.540000,1.214683,0.328116,10,5000,2656,2344,2915,2085,2915,2624,291,32,291,2053,0.531200,0.583000,0.417000,0.900172,0.987952,0.583000
294,37.148000,2.503574,56.610000,1.206844,0.176366,10,5000,2888,2112,2911,2089,2911,2835,76,53,76,2036,0.577600,0.582200,0.417800,0.973892,0.981648,0.582200
295,33.642000,2.718371,48.690000,1.503237,0.139108,10,5000,2688,2312,2672,2328,2672,2629,43,59,43,2269,0.537600,0.534400,0.465600,0.983907,0.978051,0.534400
296,35.216000,2.590977,57.960000,1.223214,0.256795,10,5000,2740,2260,2760,2240,2760,2680,80,60,80,2180,0.548000,0.552000,0.448000,0.971014,0.978102,0.552000
297,36.102000,2.499509,53.560000,1.306816,0.357662,10,5000,2948,2052,3129,1871,3129,2891,238,57,238,1814,0.589600,0.625800,0.374200,0.923937,0.980665,0.625800
298,36.636000,2.499876,54.390000,1.302248,0.400069,10,5000,2524,2476,2836,2164,2836,2485,351,39,351,2125,0.504800,0.567200,0.432800,0.876234,0.984548,0.567200
299,32.122000,2.640441,50.610000,1.367135,0.330978,10,5000,2444,2556,2653,2347,2653,2398,255,46,255,2301,0.488800,0.530600,0.469400,0.903882,0.981178,0.530600
300,37.720000,2.456372,58.620000,1.144606,0.276073,10,5000,2712,2288,2898,2102,2898,2660,238,52,238,2050,0.542400,0.579600,0.420400,0.917874,0.980826,0.579600
301,37.444000,2.499826,56.140000,1.234952,0.247807,10,5000,2748,2252,2907,2093,2907,2683,224,65,224,2028,0.549600,0.581400,0.418600,0.922945,0.976346,0.581400
302,36.230000,2.509004,54.570000,1.255164,0.334790,10,5000,2648,2352,2927,2073,2927,2620,307,28,307,2045,0.529600,0.585400,0.414600,0.895114,0.989426,0.585400
303,32.222000,2.678466,48.670000,1.478624,0.391936,10,5000,2508,2492,2880,2120,2880,2478,402,30,402,2090,0.501600,0.576000,0.424000,0.860417,0.988038,0.576000
304,37.236000,2.433729,55.890000,1.237488,0.356765,10,5000,3376,1624,3596,1404,3596,3305,291,71,291,1333,0.675200,0.719200,0.280800,0.919077,0.978969,0.719200
305,34.482000,2.624950,47.510000,1.508743,0.181511,10,5000,2920,2080,2967,2033,2967,2886,81,34,81,1999,0.584000,0.593400,0.406600,0.972700,0.988356,0.593400
306,30.630000,2.708779,51.760000,1.339876,0.416923,10,5000,3064,1936,3346,1654,3346,2969,377,95,377,1559,0.612800,0.669200,0.330800,0.887328,0.968995,0.669200
307,34.402000,2.576060,52.990000,1.331590,0.238569,10,5000,3528,1472,3536,1464,3536,3484,52,44,52,1420,0.705600,0.707200,0.292800,0.985294,0.987528,0.707200
308,32.922000,2.677185,53.980000,1.295304,0.149568,10,5000,3220,1780,3221,1779,3221,3170,51,50,51,1729,0.644000,0.644200,0.355800,0.984166,0.984472,0.644200
309,37.686000,2.508582,56.830000,1.200974,0.147880,10,5000,2988,2012,2995,2005,2995,2947,48,41,48,1964,0.597600,0.599000,0.401000,0.983973,0.986278,0.599000
310,37.880000,2.509492,57.730000,1.198573,0.221922,10,5000,3008,1992,3111,1889,3111,2951,160,57,160,1832,0.601600,0.622200,0.377800,0.948570,0.981051,0.622200
311,36.444000,2.600940,53.680000,1.344149,0.388760,10,5000,2496,2504,2853,2147,2853,2441,412,55,412,2092,0.499200,0.570600,0.429400,0.855591,0.977965,0.570600
312,36.026000,2.561876,54.880000,1.262951,0.194255,10,5000,3248,1752,3251,1749,3251,3189,62,59,62,1690,0.649600,0.650200,0.349800,0.980929,0.981835,0.650200
313,38.274000,2.464174,57.810000,1.166750,0.302246,10,5000,3116,1884,3318,1682,3318,3069,249,47,249,1635,0.623200,0.663600,0.336400,0.924955,0.984917,0.663600
314,38.078000,2.493771,54.950000,1.284275,0.260820,10,5000,2764,2236,2961,2039,2961,2732,229,32,229,2007,0.552800,0.592200,0.407800,0.922661,0.988423,0.592200
315,35.894000,2.688059,53.430000,1.341956,0.130804,10,5000,3220,1780,3208,1792,3208,3159,49,61,49,1731,0.644000,0.641600,0.358400,0.984726,0.981056,0.641600
316,32.758000,2.704081,50.450000,1.449343,0.345983,10,5000,3108,1892,3288,1712,3288,3056,232,52,232,1660,0.621600,0.657600,0.342400,0.929440,0.983269,0.657600
317,33.096000,2.716132,46.480000,1.554999,0.238387,10,5000,3392,1608,3534,1466,3534,3319,215,73,215,1393,0.678400,0.706800,0.293200,0.939162,0.978479,0.706800
318,34.788000,2.587093,51.240000,1.422722,0.442740,10,5000,2328,2672,2773,2227,2773,2281,492,47,492,2180,0.465600,0.554600,0.445400,0.822575,0.979811,0.554600
319,35.950000,2.547158,52.560000,1.320125,0.261545,10,5000,3036,1964,3195,1805,3195,2968,227,68,227,1737,0.607200,0.639000,0.361000,0.928951,0.977602,0.639000
320,36.596000,2.535636,54.070000,1.318273,0.294256,10,5000,2656,2344,2894,2106,2894,2614,280,42,280,2064,0.531200,0.578800,0.421200,0.903248,0.984187,0.578800
321,33.494000,2.635028,47.210000,1.508614,0.257747,10,5000,2532,2468,2681,2319,2681,2496,185,36,185,2283,0.506400,0.536200,0.463800,0.930996,0.985782,0.536200
322,34.152000,2.731685,49.540000,1.509856,0.165224,10,5000,2924,2076,2923,2077,2923,2864,59,60,59,2017,0.584800,0.584600,0.415400,0.979815,0.979480,0.584600
323,34.262000,2.615422,48.050000,1.491432,0.176280,10,5000,2808,2192,2831,2169,2831,2768,63,40,63,2129,0.561600,0.566200,0.433800,0.977746,0.985755,0.566200
324,35.424000,2.693084,54.420000,1.285176,0.183855,10,5000,3244,1756,3258,1742,3258,3193,65,51,65,1691,0.648800,0.651600,0.348400,0.980049,0.984279,0.651600
325,37.866000,2.568099,58.590000,1.166130,0.141009,10,5000,2788,2212,2790,2210,2790,2744,46,44,46,2166,0.557600,0.558000,0.442000,0.983513,0.984218,0.558000
326,37.516000,2.585516,57.480000,1.204063,0.145390,10,5000,2816,2184,2727,2273,2727,2660,67,156,67,2117,0.563200,0.545400,0.454600,0.975431,0.944602,0.545400
327,35.150000,2.699918,50.870000,1.421903,0.266695,10,5000,2752,2248,2865,2135,2865,2694,171,58,171,2077,0.550400,0.573000,0.427000,0.940314,0.978924,0.573000
328,35.602000,2.651972,52.760000,1.348302,0.143502,10,5000,3572,1428,3562,1438,3562,3513,49,59,49,1379,0.714400,0.712400,0.287600,0.986244,0.983483,0.712400
329,37.514000,2.590152,56.370000,1.224709,0.228836,10,5000,2360,2640,2409,2591,2409,2328,81,32,81,2559,0.472000,0.481800,0.518200,0.966376,0.986441,0.481800
330,36.962000,2.635200,55.410000,1.332381,0.261671,10,5000,3484,1516,3658,1342,3658,3407,251,77,251,1265,0.696800,0.731600,0.268400,0.931383,0.977899,0.731600
331,36.354000,2.691695,55.460000,1.313621,0.171144,10,5000,2892,2108,2911,2089,2911,2845,66,47,66,2042,0.578400,0.582200,0.417800,0.977327,0.983748,0.582200
332,33.002000,2.849796,49.540000,1.448842,0.129421,10,5000,3336,1664,3216,1784,3216,3167,49,169,49,1615,0.667200,0.643200,0.356800,0.984764,0.949341,0.643200
333,37.024000,2.558460,55.810000,1.233562,0.280567,10,5000,2904,2096,3105,1895,3105,2853,252,51,252,1844,0.580800,0.621000,0.379000,0.918841,0.982438,0.621000
334,34.214000,2.688353,46.570000,1.515431,0.142878,10,5000,3300,1700,3301,1699,3301,3252,49,48,49,1651,0.660000,0.660200,0.339800,0.985156,0.985455,0.660200
335,33.284000,2.766787,48.770000,1.461696,0.190074,10,5000,3060,1940,3026,1974,3026,2991,35,69,35,1905,0.612000,0.605200,0.394800,0.988434,0.977451,0.605200
336,36.618000,2.677749,54.800000,1.307507,0.163525,10,5000,3176,1824,3132,1868,3132,3084,48,92,48,1776,0.635200,0.626400,0.373600,0.984674,0.971033,0.626400
337,37.932000,2.558589,57.180000,1.166448,0.164017,10,5000,2832,2168,2732,2268,2732,2651,81,181,81,2087,0.566400,0.546400,0.453600,0.970351,0.936088,0.546400
338,35.590000,2.683421,56.310000,1.262462,0.243708,10,5000,2872,2128,3057,1943,3057,2832,225,40,225,1903,0.574400,0.611400,0.388600,0.926398,0.986072,0.611400
339,32.190000,2.779297,47.670000,1.478527,0.284332,10,5000,2896,2104,3082,1918,3082,2840,242,56,242,1862,0.579200,0.616400,0.383600,0.921480,0.980663,0.616400
340,36.924000,2.571201,54.510000,1.272389,0.296619,10,5000,2616,2384,2866,2134,2866,2573,293,43,293,2091,0.523200,0.573200,0.426800,0.897767,0.983563,0.573200
341,34.530000,2.662938,51.150000,1.338475,0.142514,10,5000,3512,1488,3468,1532,3468,3432,36,80,36,1452,0.702400,0.693600,0.306400,0.989619,0.977221,0.693600
342,31.710000,3.006334,50.890000,1.474227,0.158643,10,5000,3268,1732,3263,1737,3263,3216,47,52,47,1685,0.653600,0.652600,0.347400,0.985596,0.984088,0.652600
343,35.590000,2.674274,53.340000,1.362050,0.305713,10,5000,3204,1796,3405,1595,3405,3140,265,64,265,1531,0.640800,0.681000,0.319000,0.922173,0.980025,0.681000
344,33.318000,2.764297,52.310000,1.337804,0.274121,10,5000,2704,2296,2906,2094,2906,2669,237,35,237,2059,0.540800,0.581200,0.418800,0.918445,0.987056,0.581200
345,36.452000,2.555493,55.320000,1.241323,0.344189,10,5000,3092,1908,3309,1691,3309,3026,283,66,283,1625,0.618400,0.661800,0.338200,0.914476,0.978655,0.661800
346,37.486000,2.565485,55.810000,1.198559,0.142262,10,5000,2920,2080,2941,2059,2941,2873,68,47,68,2012,0.584000,0.588200,0.411800,0.976879,0.983904,0.588200
347,34.182000,2.763398,49.950000,1.465196,0.272059,10,5000,3140,1860,3314,1686,3314,3065,249,75,249,1611,0.628000,0.662800,0.337200,0.924864,0.976115,0.662800
348,34.656000,2.746213,52.600000,1.366094,0.140977,10,5000,3088,1912,3086,1914,3086,3041,45,47,45,1867,0.617600,0.617200,0.382800,0.985418,0.984780,0.617200
349,37.840000,2.488554,55.750000,1.228048,0.332956,10,5000,2392,2608,2606,2394,2606,2344,262,48,262,2346,0.478400,0.521200,0.478800,0.899463,0.979933,0.521200
350,35.654000,2.626332,54.500000,1.225757,0.210368,10,5000,3112,1888,3135,1865,3135,3060,75,52,75,1813,0.622400,0.627000,0.373000,0.976077,0.983290,0.627000
351,35.728000,2.749959,53.760000,1.319059,0.140771,10,5000,2864,2136,2879,2121,2879,2828,51,36,51,2085,0.572800,0.575800,0.424200,0.982286,0.987430,0.575800
352,34.906000,2.586329,58.100000,1.167907,0.377019,10,5000,2664,2336,2866,2134,2866,2586,280,78,280,2056,0.532800,0.573200,0.426800,0.902303,0.970721,0.573200
353,38.476000,2.504880,56.690000,1.203454,0.159346,10,5000,3032,1968,3043,1957,3043,2973,70,59,70,1898,0.606400,0.608600,0.391400,0.976996,0.980541,0.608600
354,39.588000,2.514366,57.540000,1.213330,0.119250,10,5000,3172,1828,3142,1858,3142,3111,31,61,31,1797,0.634400,0.628400,0.371600,0.990134,0.980769,0.628400
355,35.798000,2.636164,55.660000,1.272585,0.261392,10,5000,3096,1904,3302,1698,3302,3043,259,53,259,1645,0.619200,0.660400,0.339600,0.921563,0.982881,0.660400
356,39.054000,2.554154,58.640000,1.181372,0.125027,10,5000,3132,1868,3144,1856,3144,3094,50,38,50,1818,0.626400,0.628800,0.371200,0.984097,0.987867,0.628800
357,36.682000,2.542760,52.250000,1.334825,0.346415,10,5000,2856,2144,3100,1900,3100,2813,287,43,287,1857,0.571200,0.620000,0.380000,0.907419,0.984944,0.620000
358,31.296000,2.859288,46.290000,1.571161,0.270767,10,5000,3148,1852,3302,1698,3302,3100,202,48,202,1650,0.629600,0.660400,0.339600,0.938825,0.984752,0.660400
359,38.118000,2.544700,53.750000,1.306085,0.127419,10,5000,2996,2004,3007,1993,3007,2967,40,29,40,1964,0.599200,0.601400,0.398600,0.986698,0.990320,0.601400
360,34.834000,2.780831,54.120000,1.328113,0.124947,10,5000,2940,2060,2930,2070,2930,2880,50,60,50,2010,0.588000,0.586000,0.414000,0.982935,0.979592,0.586000
361,36.162000,2.686533,53.960000,1.321964,0.227893,10,5000,2940,2060,3132,1868,3132,2900,232,40,232,1828,0.588000,0.626400,0.373600,0.925926,0.986395,0.626400
362,35.910000,2.596658,52.620000,1.326285,0.409521,10,5000,2376,2624,2770,2230,2770,2341,429,35,429,2195,0.475200,0.554000,0.446000,0.845126,0.985269,0.554000
363,35.058000,2.564197,53.560000,1.258233,0.418336,10,5000,2088,2912,2540,2460,2540,2057,483,31,483,2429,0.417600,0.508000,0.492000,0.809843,0.985153,0.508000
364,36.396000,2.577636,55.390000,1.238445,0.351375,10,5000,3048,1952,3362,1638,3362,2993,369,55,369,1583,0.609600,0.672400,0.327600,0.890244,0.981955,0.672400
365,32.516000,2.907704,49.230000,1.557022,0.159239,10,5000,3184,1816,3186,1814,3186,3142,44,42,44,1772,0.636800,0.637200,0.362800,0.986190,0.986809,0.637200
366,36.354000,2.593032,52.080000,1.359636,0.151123,10,5000,3268,1732,3249,1751,3249,3204,45,64,45,1687,0.653600,0.649800,0.350200,0.986150,0.980416,0.649800
367,35.920000,2.636459,53.990000,1.280956,0.289307,10,5000,3160,1840,3367,1633,3367,3111,256,49,256,1584,0.632000,0.673400,0.326600,0.923968,0.984494,0.673400
368,38.102000,2.595796,56.120000,1.261952,0.101564,10,5000,3368,1632,3356,1644,3356,3325,31,43,31,1601,0.673600,0.671200,0.328800,0.990763,0.987233,0.671200
369,35.672000,2.706510,52.050000,1.391373,0.136402,10,5000,3068,1932,3032,1968,3032,2993,39,75,39,1893,0.613600,0.606400,0.393600,0.987137,0.975554,0.606400
370,36.950000,2.668954,55.770000,1.241760,0.200677,10,5000,3152,1848,3154,1846,3154,3105,49,47,49,1799,0.630400,0.630800,0.369200,0.984464,0.985089,0.630800
371,37.042000,2.599827,56.460000,1.225942,0.247031,10,5000,2876,2124,3069,1931,3069,2823,246,53,246,1878,0.575200,0.613800,0.386200,0.919844,0.981572,0.613800
372,33.954000,2.727427,53.550000,1.293632,0.274921,10,5000,3044,1956,3223,1777,3223,2986,237,58,237,1719,0.608800,0.644600,0.355400,0.926466,0.980946,0.644600
373,36.574000,2.599075,53.610000,1.281059,0.123968,10,5000,2720,2280,2739,2261,2739,2686,53,34,53,2227,0.544000,0.547800,0.452200,0.980650,0.987500,0.547800
374,37.920000,2.660813,57.650000,1.209678,0.106759,10,5000,3232,1768,3238,1762,3238,3196,42,36,42,1726,0.646400,0.647600,0.352400,0.987029,0.988861,0.647600
375,38.406000,2.621834,57.750000,1.221376,0.169209,10,5000,3496,1504,3513,1487,3513,3452,61,44,61,1443,0.699200,0.702600,0.297400,0.982636,0.987414,0.702600
376,33.256000,2.751694,45.790000,1.570842,0.273309,10,5000,2764,2236,3019,1981,3019,2729,290,35,290,1946,0.552800,0.603800,0.396200,0.903942,0.987337,0.603800
377,35.618000,2.806015,55.120000,1.287174,0.206523,10,5000,3360,1640,3352,1648,3352,3291,61,69,61,1579,0.672000,0.670400,0.329600,0.981802,0.979464,0.670400
378,32.426000,3.037441,48.900000,1.592049,0.240024,10,5000,3120,1880,3296,1704,3296,3070,226,50,226,1654,0.624000,0.659200,0.340800,0.931432,0.983974,0.659200
379,34.414000,2.789536,55.120000,1.308322,0.334086,10,5000,2828,2172,3046,1954,3046,2767,279,61,279,1893,0.565600,0.609200,0.390800,0.908404,0.978430,0.609200
380,34.290000,2.735255,51.310000,1.402579,0.251978,10,5000,2652,2348,2834,2166,2834,2600,234,52,234,2114,0.530400,0.566800,0.433200,0.917431,0.980392,0.566800
381,36.140000,2.679759,55.160000,1.280805,0.103484,10,5000,2636,2364,2639,2361,2639,2618,21,18,21,2343,0.527200,0.527800,0.472200,0.992042,0.993171,0.527800
382,37.818000,2.551041,56.160000,1.194133,0.343271,10,5000,2600,2400,2923,2077,2923,2543,380,57,380,2020,0.520000,0.584600,0.415400,0.869997,0.978077,0.584600
383,39.200000,2.604320,57.880000,1.231410,0.268649,10,5000,3476,1524,3650,1350,3650,3414,236,62,236,1288,0.695200,0.730000,0.270000,0.935342,0.982163,0.730000
384,28.496000,3.055913,49.860000,1.405873,0.204016,10,5000,2824,2176,2848,2152,2848,2776,72,48,72,2104,0.564800,0.569600,0.430400,0.974719,0.983003,0.569600
385,34.638000,2.818502,49.330000,1.510726,0.179207,10,5000,3236,1764,3238,1762,3238,3180,58,56,58,1706,0.647200,0.647600,0.352400,0.982088,0.982695,0.647600
386,37.898000,2.560067,52.630000,1.336668,0.298170,10,5000,2584,2416,2835,2165,2835,2558,277,26,277,2139,0.516800,0.567000,0.433000,0.902293,0.989938,0.567000
387,35.312000,2.720627,47.960000,1.497281,0.093538,10,5000,3140,1860,3144,1856,3144,3115,29,25,29,1831,0.628000,0.628800,0.371200,0.990776,0.992038,0.628800
388,33.894000,2.757811,51.810000,1.412564,0.316615,10,5000,3068,1932,3076,1924,3076,3003,73,65,73,1859,0.613600,0.615200,0.384800,0.976268,0.978814,0.615200
389,32.122000,2.766254,51.010000,1.345603,0.294953,10,5000,2584,2416,2765,2235,2765,2522,243,62,243,2173,0.516800,0.553000,0.447000,0.912116,0.976006,0.553000
390,38.588000,2.533635,56.130000,1.215764,0.155717,10,5000,3408,1592,3434,1566,3434,3376,58,32,58,1534,0.681600,0.686800,0.313200,0.983110,0.990610,0.686800
391,33.450000,2.792154,48.980000,1.493394,0.214792,10,5000,2376,2624,2550,2450,2550,2358,192,18,192,2432,0.475200,0.510000,0.490000,0.924706,0.992424,0.510000
392,37.230000,2.582338,52.770000,1.346847,0.239180,10,5000,2932,2068,3094,1906,3094,2860,234,72,234,1834,0.586400,0.618800,0.381200,0.924370,0.975443,0.618800
393,34.886000,2.712156,50.590000,1.496285,0.234156,10,5000,2840,2160,3071,1929,3071,2805,266,35,266,1894,0.568000,0.614200,0.385800,0.913383,0.987676,0.614200
394,33.354000,2.834634,49.430000,1.448872,0.183984,10,5000,2892,2108,2901,2099,2901,2857,44,35,44,2064,0.578400,0.580200,0.419800,0.984833,0.987898,0.580200
395,31.482000,2.847094,51.070000,1.346612,0.224026,10,5000,2532,2468,2577,2423,2577,2495,82,37,82,2386,0.506400,0.515400,0.484600,0.968180,0.985387,0.515400
396,36.310000,2.695125,54.370000,1.277445,0.131998,10,5000,3404,1596,3386,1614,3386,3350,36,54,36,1560,0.680800,0.677200,0.322800,0.989368,0.984136,0.677200
397,36.968000,2.665401,56.000000,1.221249,0.166939,10,5000,3128,1872,3128,1872,3128,3073,55,55,55,1817,0.625600,0.625600,0.374400,0.982417,0.982417,0.625600
398,37.652000,2.652492,57.660000,1.195996,0.168657,10,5000,2812,2188,2814,2186,2814,2755,59,57,59,2129,0.562400,0.562800,0.437200,0.979033,0.979730,0.562800
399,36.542000,2.708535,53.280000,1.324349,0.109620,10,5000,3236,1764,3252,1748,3252,3200,52,36,52,1712,0.647200,0.650400,0.349600,0.984010,0.988875,0.650400
400,32.206000,3.010446,49.710000,1.485485,0.166136,10,5000,3132,1868,3149,1851,3149,3090,59,42,59,1809,0.626400,0.629800,0.370200,0.981264,0.986590,0.629800
401,30.314000,3.044896,46.530000,1.559212,0.296242,10,5000,2968,2032,3196,1804,3196,2926,270,42,270,1762,0.593600,0.639200,0.360800,0.915519,0.985849,0.639200
402,36.614000,2.791546,55.280000,1.316423,0.129153,10,5000,3092,1908,3098,1902,3098,3046,52,46,52,1856,0.618400,0.619600,0.380400,0.983215,0.985123,0.619600
403,36.756000,2.713438,53.870000,1.349934,0.225777,10,5000,3256,1744,3451,1549,3451,3216,235,40,235,1509,0.651200,0.690200,0.309800,0.931904,0.987715,0.690200
404,35.918000,2.638000,55.450000,1.243242,0.292478,10,5000,3072,1928,3291,1709,3291,3031,260,41,260,1668,0.614400,0.658200,0.341800,0.920997,0.986654,0.658200
405,37.106000,2.557015,53.900000,1.300299,0.448090,10,5000,3352,1648,3675,1325,3675,3289,386,63,386,1262,0.670400,0.735000,0.265000,0.894966,0.981205,0.735000
406,37.156000,2.642236,54.750000,1.271744,0.179321,10,5000,3068,1932,3092,1908,3092,3018,74,50,74,1858,0.613600,0.618400,0.381600,0.976067,0.983703,0.618400
407,39.168000,2.572538,59.480000,1.178054,0.293137,10,5000,3156,1844,3357,1643,3357,3106,251,50,251,1593,0.631200,0.671400,0.328600,0.925231,0.984157,0.671400
408,39.638000,2.475149,58.470000,1.169600,0.360692,10,5000,2960,2040,3369,1631,3369,2922,447,38,447,1593,0.592000,0.673800,0.326200,0.867320,0.987162,0.673800
409,36.738000,2.642429,56.340000,1.246712,0.154687,10,5000,3088,1912,3111,1889,3111,3043,68,45,68,1844,0.617600,0.622200,0.377800,0.978142,0.985427,0.622200
410,38.092000,2.630254,54.860000,1.283555,0.149821,10,5000,2868,2132,2895,2105,2895,2827,68,41,68,2064,0.573600,0.579000,0.421000,0.976511,0.985704,0.579000
411,32.920000,2.811705,51.010000,1.392814,0.235690,10,5000,2968,2032,3181,1819,3181,2936,245,32,245,1787,0.593600,0.636200,0.363800,0.922980,0.989218,0.636200
412,34.220000,2.851520,53.230000,1.365883,0.152955,10,5000,2548,2452,2580,2420,2580,2504,76,44,76,2376,0.509600,0.516000,0.484000,0.970543,0.982732,0.516000
413,36.262000,2.762532,51.610000,1.459409,0.105982,10,5000,2760,2240,2775,2225,2775,2731,44,29,44,2196,0.552000,0.555000,0.445000,0.984144,0.989493,0.555000
414,35.168000,2.683212,51.390000,1.363930,0.407095,10,5000,3140,1860,3530,1470,3530,3070,460,70,460,1400,0.628000,0.706000,0.294000,0.869688,0.977707,0.706000
415,36.170000,2.647138,53.090000,1.318333,0.295739,10,5000,2680,2320,2896,2104,2896,2639,257,41,257,2063,0.536000,0.579200,0.420800,0.911257,0.984701,0.579200
416,37.842000,2.590455,54.470000,1.293642,0.383992,10,5000,2512,2488,2946,2054,2946,2467,479,45,479,2009,0.502400,0.589200,0.410800,0.837407,0.982086,0.589200
417,37.314000,2.614238,55.330000,1.260917,0.162529,10,5000,2604,2396,2612,2388,2612,2531,81,73,81,2315,0.520800,0.522400,0.477600,0.968989,0.971966,0.522400
418,36.088000,2.725237,56.510000,1.233726,0.245877,10,5000,2916,2084,3129,1871,3129,2875,254,41,254,1830,0.583200,0.625800,0.374200,0.918824,0.985940,0.625800
419,33.496000,2.765207,53.860000,1.242786,0.298623,10,5000,2972,2028,3171,1829,3171,2929,242,43,242,1786,0.594400,0.634200,0.365800,0.923683,0.985532,0.634200
420,32.618000,2.955471,52.550000,1.383720,0.152789,10,5000,3244,1756,3247,1753,3247,3186,61,58,61,1695,0.648800,0.649400,0.350600,0.981213,0.982121,0.649400
421,36.524000,2.662683,54.730000,1.298647,0.276061,10,5000,2640,2360,2747,2253,2747,2607,140,33,140,2220,0.528000,0.549400,0.450600,0.949035,0.987500,0.549400
422,28.920000,3.030680,45.320000,1.571783,0.327756,10,5000,2864,2136,3117,1883,3117,2835,282,29,282,1854,0.572800,0.623400,0.376600,0.909528,0.989874,0.623400
423,35.726000,2.590952,53.030000,1.305283,0.317355,10,5000,2212,2788,2423,2577,2423,2160,263,52,263,2525,0.442400,0.484600,0.515400,0.891457,0.976492,0.484600
424,35.434000,2.654571,53.500000,1.295773,0.249311,10,5000,2820,2180,2942,2058,2942,2782,160,38,160,2020,0.564000,0.588400,0.411600,0.945615,0.986525,0.588400
425,36.518000,2.628685,55.490000,1.248885,0.245154,10,5000,2588,2412,2688,2312,2688,2559,129,29,129,2283,0.517600,0.537600,0.462400,0.952009,0.988794,0.537600
426,35.142000,2.762249,51.780000,1.416068,0.252103,10,5000,2576,2424,2778,2222,2778,2526,252,50,252,2172,0.515200,0.555600,0.444400,0.909287,0.980590,0.555600
427,37.910000,2.609169,56.860000,1.223330,0.095319,10,5000,3416,1584,3398,1602,3398,3381,17,35,17,1567,0.683200,0.679600,0.320400,0.994997,0.989754,0.679600
428,34.432000,2.785561,52.960000,1.329737,0.264777,10,5000,2800,2200,3017,1983,3017,2751,266,49,266,1934,0.560000,0.603400,0.396600,0.911833,0.982500,0.603400
429,35.148000,2.744947,51.610000,1.334347,0.177026,10,5000,2832,2168,2860,2140,2860,2798,62,34,62,2106,0.566400,0.572000,0.428000,0.978322,0.987994,0.572000
430,38.418000,2.595516,60.550000,1.104004,0.274688,10,5000,3112,1888,3312,1688,3312,3068,244,44,244,1644,0.622400,0.662400,0.337600,0.926329,0.985861,0.662400
431,36.604000,2.707844,56.160000,1.277025,0.110414,10,5000,3168,1832,3183,1817,3183,3129,54,39,54,1778,0.633600,0.636600,0.363400,0.983035,0.987689,0.636600
432,36.722000,2.738991,53.120000,1.389287,0.099961,10,5000,3912,1088,3881,1119,3881,3853,28,59,28,1060,0.782400,0.776200,0.223800,0.992785,0.984918,0.776200
433,37.636000,2.663484,54.950000,1.297502,0.296783,10,5000,2628,2372,2778,2222,2778,2600,178,28,178,2194,0.525600,0.555600,0.444400,0.935925,0.989346,0.555600
434,35.628000,2.723131,52.990000,1.347695,0.321234,10,5000,2868,2132,3120,1880,3120,2797,323,71,323,1809,0.573600,0.624000,0.376000,0.896474,0.975244,0.624000
435,34.984000,2.710225,56.760000,1.200674,0.267124,10,5000,2656,2344,2702,2298,2702,2598,104,58,104,2240,0.531200,0.540400,0.459600,0.961510,0.978163,0.540400
436,35.176000,2.809986,51.020000,1.391147,0.129555,10,5000,3008,1992,3009,1991,3009,2957,52,51,52,1940,0.601600,0.601800,0.398200,0.982719,0.983045,0.601800
437,33.966000,2.821167,52.890000,1.348710,0.168248,10,5000,3396,1604,3412,1588,3412,3328,84,68,84,1520,0.679200,0.682400,0.317600,0.975381,0.979976,0.682400
438,36.320000,2.766970,54.800000,1.267485,0.097620,10,5000,3364,1636,3345,1655,3345,3323,22,41,22,1614,0.672800,0.669000,0.331000,0.993423,0.987812,0.669000
439,32.248000,3.002048,52.480000,1.406699,0.189453,10,5000,2792,2208,2807,2193,2807,2738,69,54,69,2139,0.558400,0.561400,0.438600,0.975419,0.980659,0.561400
440,37.922000,2.750846,58.780000,1.178596,0.189814,10,5000,3116,1884,3142,1858,3142,3083,59,33,59,1825,0.623200,0.628400,0.371600,0.981222,0.989409,0.628400
441,38.028000,2.721581,56.660000,1.246040,0.180113,10,5000,3248,1752,3261,1739,3261,3185,76,63,76,1676,0.649600,0.652200,0.347800,0.976694,0.980603,0.652200
442,38.324000,2.709271,54.910000,1.334650,0.232379,10,5000,3028,1972,3200,1800,3200,2978,222,50,222,1750,0.605600,0.640000,0.360000,0.930625,0.983487,0.640000
443,37.446000,2.747166,53.660000,1.399733,0.180143,10,5000,3376,1624,3362,1638,3362,3301,61,75,61,1563,0.675200,0.672400,0.327600,0.981856,0.977784,0.672400
444,37.490000,2.631170,54.590000,1.300753,0.383415,10,5000,2896,2104,3301,1699,3301,2821,480,75,480,1624,0.579200,0.660200,0.339800,0.854590,0.974102,0.660200
445,38.510000,2.598383,57.280000,1.216149,0.247636,10,5000,3012,1988,3208,1792,3208,2977,231,35,231,1757,0.602400,0.641600,0.358400,0.927993,0.988380,0.641600
446,37.286000,2.629170,53.390000,1.329559,0.450703,10,5000,2900,2100,3464,1536,3464,2884,580,16,580,1520,0.580000,0.692800,0.307200,0.832564,0.994483,0.692800
447,37.734000,2.541904,56.330000,1.228780,0.321013,10,5000,2504,2496,2760,2240,2760,2462,298,42,298,2198,0.500800,0.552000,0.448000,0.892029,0.983227,0.552000
448,33.682000,2.762415,52.210000,1.366704,0.134210,10,5000,2760,2240,2777,2223,2777,2723,54,37,54,2186,0.552000,0.555400,0.444600,0.980555,0.986594,0.555400
449,37.804000,2.593075,56.930000,1.226911,0.265906,10,5000,2964,2036,3162,1838,3162,2903,259,61,259,1777,0.592800,0.632400,0.367600,0.918090,0.979420,0.632400
450,38.226000,2.600555,55.790000,1.252004,0.112049,10,5000,3524,1476,3508,1492,3508,3477,31,47,31,1445,0.704800,0.701600,0.298400,0.991163,0.986663,0.701600
451,33.972000,2.801852,49.270000,1.417341,0.138125,10,5000,3932,1068,3894,1106,3894,3854,40,78,40,1028,0.786400,0.778800,0.221200,0.989728,0.980163,0.778800
452,37.342000,2.633139,56.470000,1.236176,0.194562,10,5000,3496,1504,3480,1520,3480,3443,37,53,37,1467,0.699200,0.696000,0.304000,0.989368,0.984840,0.696000
453,35.792000,2.704451,54.050000,1.300756,0.271418,10,5000,3464,1536,3684,1316,3684,3416,268,48,268,1268,0.692800,0.736800,0.263200,0.927253,0.986143,0.736800
454,37.782000,2.695408,57.550000,1.256942,0.152205,10,5000,3104,1896,3106,1894,3106,3052,54,52,54,1842,0.620800,0.621200,0.378800,0.982614,0.983247,0.621200
455,37.426000,2.644633,58.570000,1.153885,0.130493,10,5000,3232,1768,3212,1788,3212,3171,41,61,41,1727,0.646400,0.642400,0.357600,0.987235,0.981126,0.642400
456,37.884000,2.640135,56.830000,1.246171,0.262124,10,5000,2660,2340,2874,2126,2874,2611,263,49,263,2077,0.532000,0.574800,0.425200,0.908490,0.981579,0.574800
457,34.646000,2.827542,52.550000,1.384544,0.129181,10,5000,3032,1968,3037,1963,3037,2981,56,51,56,1912,0.606400,0.607400,0.392600,0.981561,0.983179,0.607400
458,37.630000,2.667511,54.800000,1.286251,0.287994,10,5000,3196,1804,3402,1598,3402,3142,260,54,260,1544,0.639200,0.680400,0.319600,0.923574,0.983104,0.680400
459,36.314000,2.760661,53.300000,1.351458,0.226560,10,5000,2500,2500,2614,2386,2614,2468,146,32,146,2354,0.500000,0.522800,0.477200,0.944147,0.987200,0.522800
460,38.386000,2.702388,58.680000,1.161853,0.132513,10,5000,3292,1708,3315,1685,3315,3254,61,38,61,1647,0.658400,0.663000,0.337000,0.981599,0.988457,0.663000
461,37.616000,2.703425,57.310000,1.169219,0.139698,10,5000,3176,1824,3176,1824,3176,3119,57,57,57,1767,0.635200,0.635200,0.364800,0.982053,0.982053,0.635200
462,40.338000,2.642212,58.520000,1.190229,0.098574,10,5000,3160,1840,3159,1841,3159,3127,32,33,32,1808,0.632000,0.631800,0.368200,0.989870,0.989557,0.631800
463,37.130000,2.706663,55.290000,1.249502,0.329215,10,5000,3092,1908,3119,1881,3119,3025,94,67,94,1814,0.618400,0.623800,0.376200,0.969862,0.978331,0.623800
464,39.292000,2.631581,58.130000,1.200333,0.250896,10,5000,3228,1772,3426,1574,3426,3184,242,44,242,1530,0.645600,0.685200,0.314800,0.929364,0.986369,0.685200
465,35.994000,2.839040,54.080000,1.320428,0.176711,10,5000,3240,1760,3264,1736,3264,3201,63,39,63,1697,0.648000,0.652800,0.347200,0.980699,0.987963,0.652800
466,35.972000,2.919240,54.230000,1.418343,0.235313,10,5000,2828,2172,2819,2181,2819,2788,31,40,31,2141,0.565600,0.563800,0.436200,0.989003,0.985856,0.563800
467,38.550000,2.725165,55.680000,1.342638,0.228800,10,5000,3564,1436,3656,1344,3656,3517,139,47,139,1297,0.712800,0.731200,0.268800,0.961980,0.986813,0.731200
468,39.372000,2.626633,60.120000,1.156147,0.166089,10,5000,3072,1928,3069,1931,3069,3001,68,71,68,1860,0.614400,0.613800,0.386200,0.977843,0.976888,0.613800
469,35.490000,2.817061,52.770000,1.359953,0.251480,10,5000,3364,1636,3572,1428,3572,3321,251,43,251,1385,0.672800,0.714400,0.285600,0.929731,0.987218,0.714400
470,39.316000,2.650744,57.160000,1.234056,0.119888,10,5000,3752,1248,3738,1262,3738,3691,47,61,47,1201,0.750400,0.747600,0.252400,0.987426,0.983742,0.747600
471,39.846000,2.587815,59.720000,1.134668,0.287308,10,5000,3004,1996,3233,1767,3233,2955,278,49,278,1718,0.600800,0.646600,0.353400,0.914012,0.983688,0.646600
472,37.788000,2.674507,58.110000,1.157174,0.104169,10,5000,3600,1400,3573,1427,3573,3551,22,49,22,1378,0.720000,0.714600,0.285400,0.993843,0.986389,0.714600
473,40.036000,2.649374,58.190000,1.221425,0.114505,10,5000,3264,1736,3251,1749,3251,3214,37,50,37,1699,0.652800,0.650200,0.349800,0.988619,0.984681,0.650200
474,37.366000,2.695755,55.650000,1.220811,0.141583,10,5000,3108,1892,3125,1875,3125,3063,62,45,62,1830,0.621600,0.625000,0.375000,0.980160,0.985521,0.625000
475,40.166000,2.639838,58.110000,1.214979,0.115580,10,5000,3092,1908,3082,1918,3082,3036,46,56,46,1862,0.618400,0.616400,0.383600,0.985075,0.981889,0.616400
476,38.626000,2.657481,59.670000,1.175438,0.251643,10,5000,3408,1592,3637,1363,3637,3377,260,31,260,1332,0.681600,0.727400,0.272600,0.928513,0.990904,0.727400
477,34.882000,2.820180,53.440000,1.296456,0.228511,10,5000,3104,1896,3113,1887,3113,3040,73,64,73,1823,0.620800,0.622600,0.377400,0.976550,0.979381,0.622600
478,38.518000,2.628349,54.740000,1.290209,0.366843,10,5000,2700,2300,3136,1864,3136,2678,458,22,458,1842,0.540000,0.627200,0.372800,0.853954,0.991852,0.627200
479,35.624000,2.842987,55.700000,1.249292,0.246314,10,5000,3484,1516,3592,1408,3592,3443,149,41,149,1367,0.696800,0.718400,0.281600,0.958519,0.988232,0.718400
480,35.104000,2.856608,55.840000,1.259505,0.232461,10,5000,3588,1412,3757,1243,3757,3509,248,79,248,1164,0.717600,0.751400,0.248600,0.933990,0.977982,0.751400
481,35.316000,2.731651,54.100000,1.308903,0.295540,10,5000,2728,2272,2971,2029,2971,2699,272,29,272,2000,0.545600,0.594200,0.405800,0.908448,0.989370,0.594200
482,36.734000,2.775696,54.680000,1.348246,0.103205,10,5000,3164,1836,3159,1841,3159,3126,33,38,33,1803,0.632800,0.631800,0.368200,0.989554,0.987990,0.631800
483,38.986000,2.592024,53.890000,1.324406,0.329469,10,5000,3048,1952,3412,1588,3412,3022,390,26,390,1562,0.609600,0.682400,0.317600,0.885698,0.991470,0.682400
484,38.444000,2.693687,57.010000,1.202512,0.101405,10,5000,3500,1500,3482,1518,3482,3454,28,46,28,1472,0.700000,0.696400,0.303600,0.991959,0.986857,0.696400
485,37.858000,2.610795,56.800000,1.232188,0.415570,10,5000,2560,2440,2808,2192,2808,2497,311,63,311,2129,0.512000,0.561600,0.438400,0.889245,0.975391,0.561600
486,34.730000,2.767061,54.100000,1.296668,0.288911,10,5000,2592,2408,2831,2169,2831,2563,268,29,268,2140,0.518400,0.566200,0.433800,0.905334,0.988812,0.566200
487,35.162000,2.702048,50.250000,1.384101,0.251164,10,5000,2880,2120,3127,1873,3127,2840,287,40,287,1833,0.576000,0.625400,0.374600,0.908219,0.986111,0.625400
488,35.824000,2.575409,53.410000,1.270344,0.549475,10,5000,2440,2560,2927,2073,2927,2372,555,68,555,2005,0.488000,0.585400,0.414600,0.810386,0.972131,0.585400
489,33.512000,2.812767,49.920000,1.446272,0.130764,10,5000,2916,2084,2934,2066,2934,2878,56,38,56,2028,0.583200,0.586800,0.413200,0.980913,0.986968,0.586800
490,37.564000,2.598779,56.160000,1.226415,0.298408,10,5000,3092,1908,3309,1691,3309,3023,286,69,286,1622,0.618400,0.661800,0.338200,0.913569,0.977684,0.661800
491,36.598000,2.677596,56.450000,1.262421,0.176407,10,5000,3160,1840,3167,1833,3167,3120,47,40,47,1793,0.632000,0.633400,0.366600,0.985159,0.987342,0.633400
492,35.848000,2.656444,55.990000,1.248805,0.261673,10,5000,3092,1908,3311,1689,3311,3053,258,39,258,1650,0.618400,0.662200,0.337800,0.922078,0.987387,0.662200
493,39.012000,2.569429,58.570000,1.162298,0.209398,10,5000,2924,2076,3022,1978,3022,2879,143,45,143,1933,0.584800,0.604400,0.395600,0.952680,0.984610,0.604400
494,38.484000,2.620620,55.430000,1.289843,0.271919,10,5000,2608,2392,2777,2223,2777,2588,189,20,189,2203,0.521600,0.555400,0.444600,0.931941,0.992331,0.555400
495,37.988000,2.642853,52.930000,1.350767,0.107139,10,5000,3424,1576,3438,1562,3438,3398,40,26,40,1536,0.684800,0.687600,0.312400,0.988365,0.992407,0.687600
496,38.338000,2.654630,55.340000,1.276479,0.125972,10,5000,2788,2212,2782,2218,2782,2731,51,57,51,2161,0.557600,0.556400,0.443600,0.981668,0.979555,0.556400
497,40.060000,2.609529,61.290000,1.088578,0.151417,10,5000,3140,1860,3168,1832,3168,3088,80,52,80,1780,0.628000,0.633600,0.366400,0.974747,0.983439,0.633600
498,38.004000,2.584179,56.020000,1.220516,0.481477,10,5000,2368,2632,3014,1986,3014,2345,669,23,669,1963,0.473600,0.602800,0.397200,0.778036,0.990287,0.602800
499,38.630000,2.547060,55.170000,1.241961,0.247704,10,5000,3052,1948,3257,1743,3257,3002,255,50,255,1693,0.610400,0.651400,0.348600,0.921707,0.983617,0.651400
