epoch,train_acc,train_loss,test_acc,test_loss,local_train_loss,selected_clients,total_count,actual_round_clean_count,actual_round_noisy_count,fedrn_clean_count,fedrn_noisy_count,train_count,actual_train_clean_count,actual_train_noisy_count,missed_clean_count,false_clean_count,correctly_excluded_noisy_count,actual_round_clean_ratio,fedrn_clean_ratio,fedrn_noisy_ratio,actual_train_clean_ratio,clean_recall,train_ratio
0,16.954000,2.335962,20.600000,2.294725,1.135471,10,5000,4108,892,5000,0,5000,4108,892,0,892,0,0.821600,1.000000,0.000000,0.821600,1.000000,1.000000
1,17.548000,2.261588,20.990000,2.187254,1.179036,10,5000,3990,1010,5000,0,5000,3990,1010,0,1010,0,0.798000,1.000000,0.000000,0.798000,1.000000,1.000000
2,15.412000,2.328092,15.450000,2.266273,1.066254,10,5000,4056,944,5000,0,5000,4056,944,0,944,0,0.811200,1.000000,0.000000,0.811200,1.000000,1.000000
3,21.434000,2.218163,24.460000,2.126061,1.089501,10,5000,4048,952,5000,0,5000,4048,952,0,952,0,0.809600,1.000000,0.000000,0.809600,1.000000,1.000000
4,23.998000,2.180182,28.350000,2.072852,1.193401,10,5000,3962,1038,5000,0,5000,3962,1038,0,1038,0,0.792400,1.000000,0.000000,0.792400,1.000000,1.000000
5,22.004000,2.180728,27.100000,2.062116,1.364278,10,5000,3636,1364,5000,0,5000,3636,1364,0,1364,0,0.727200,1.000000,0.000000,0.727200,1.000000,1.000000
6,24.720000,2.121446,30.710000,1.996647,1.108610,10,5000,4006,994,5000,0,5000,4006,994,0,994,0,0.801200,1.000000,0.000000,0.801200,1.000000,1.000000
7,19.408000,2.245860,22.570000,2.113569,0.986162,10,5000,4082,918,5000,0,5000,4082,918,0,918,0,0.816400,1.000000,0.000000,0.816400,1.000000,1.000000
8,25.210000,2.100647,30.550000,1.969582,0.820029,10,5000,4386,614,5000,0,5000,4386,614,0,614,0,0.877200,1.000000,0.000000,0.877200,1.000000,1.000000
9,21.132000,2.106310,24.050000,1.993419,1.095602,10,5000,3876,1124,5000,0,5000,3876,1124,0,1124,0,0.775200,1.000000,0.000000,0.775200,1.000000,1.000000
10,17.920000,2.311348,21.400000,2.155574,1.126975,10,5000,3944,1056,5000,0,5000,3944,1056,0,1056,0,0.788800,1.000000,0.000000,0.788800,1.000000,1.000000
11,20.264000,2.162811,25.050000,2.010673,1.110179,10,5000,3970,1030,5000,0,5000,3970,1030,0,1030,0,0.794000,1.000000,0.000000,0.794000,1.000000,1.000000
12,22.110000,2.121964,24.730000,2.003374,1.188013,10,5000,3868,1132,5000,0,5000,3868,1132,0,1132,0,0.773600,1.000000,0.000000,0.773600,1.000000,1.000000
13,25.758000,2.073053,30.690000,1.931604,1.036447,10,5000,4074,926,5000,0,5000,4074,926,0,926,0,0.814800,1.000000,0.000000,0.814800,1.000000,1.000000
14,24.502000,2.092722,29.050000,1.949521,0.917699,10,5000,4246,754,5000,0,5000,4246,754,0,754,0,0.849200,1.000000,0.000000,0.849200,1.000000,1.000000
15,20.694000,2.086932,25.100000,1.928689,1.055194,10,5000,4080,920,5000,0,5000,4080,920,0,920,0,0.816000,1.000000,0.000000,0.816000,1.000000,1.000000
16,26.924000,2.023066,33.580000,1.861520,0.896827,10,5000,4254,746,5000,0,5000,4254,746,0,746,0,0.850800,1.000000,0.000000,0.850800,1.000000,1.000000
17,31.062000,1.996752,38.660000,1.832116,1.156594,10,5000,3890,1110,5000,0,5000,3890,1110,0,1110,0,0.778000,1.000000,0.000000,0.778000,1.000000,1.000000
18,26.346000,2.068694,33.030000,1.902747,1.152548,10,5000,3816,1184,5000,0,5000,3816,1184,0,1184,0,0.763200,1.000000,0.000000,0.763200,1.000000,1.000000
19,28.430000,2.035704,33.060000,1.908871,1.172928,10,5000,3858,1142,5000,0,5000,3858,1142,0,1142,0,0.771600,1.000000,0.000000,0.771600,1.000000,1.000000
20,29.916000,2.025022,36.520000,1.877599,0.965868,10,5000,4136,864,5000,0,5000,4136,864,0,864,0,0.827200,1.000000,0.000000,0.827200,1.000000,1.000000
21,31.426000,2.001513,38.100000,1.846098,1.024155,10,5000,4086,914,5000,0,5000,4086,914,0,914,0,0.817200,1.000000,0.000000,0.817200,1.000000,1.000000
22,27.772000,2.079464,32.010000,1.924220,1.023939,10,5000,4014,986,5000,0,5000,4014,986,0,986,0,0.802800,1.000000,0.000000,0.802800,1.000000,1.000000
23,26.628000,2.038699,32.240000,1.895087,1.050218,10,5000,4002,998,5000,0,5000,4002,998,0,998,0,0.800400,1.000000,0.000000,0.800400,1.000000,1.000000
24,24.878000,2.055266,30.770000,1.900292,1.040552,10,5000,4014,986,5000,0,5000,4014,986,0,986,0,0.802800,1.000000,0.000000,0.802800,1.000000,1.000000
25,27.972000,2.039611,35.120000,1.863495,0.917311,10,5000,4182,818,5000,0,5000,4182,818,0,818,0,0.836400,1.000000,0.000000,0.836400,1.000000,1.000000
26,25.762000,2.057472,31.270000,1.889108,1.058668,10,5000,4104,896,5000,0,5000,4104,896,0,896,0,0.820800,1.000000,0.000000,0.820800,1.000000,1.000000
27,30.376000,1.978302,37.370000,1.816205,0.959943,10,5000,4162,838,5000,0,5000,4162,838,0,838,0,0.832400,1.000000,0.000000,0.832400,1.000000,1.000000
28,31.346000,1.979040,38.340000,1.793920,1.041507,10,5000,3984,1016,5000,0,5000,3984,1016,0,1016,0,0.796800,1.000000,0.000000,0.796800,1.000000,1.000000
29,29.772000,2.010562,35.340000,1.851027,0.978508,10,5000,4132,868,5000,0,5000,4132,868,0,868,0,0.826400,1.000000,0.000000,0.826400,1.000000,1.000000
30,25.560000,2.050710,28.410000,1.914865,0.880823,10,5000,4252,748,5000,0,5000,4252,748,0,748,0,0.850400,1.000000,0.000000,0.850400,1.000000,1.000000
31,28.742000,2.014122,30.860000,1.899273,1.028932,10,5000,4074,926,5000,0,5000,4074,926,0,926,0,0.814800,1.000000,0.000000,0.814800,1.000000,1.000000
32,31.746000,1.955711,37.850000,1.811023,1.145327,10,5000,3894,1106,5000,0,5000,3894,1106,0,1106,0,0.778800,1.000000,0.000000,0.778800,1.000000,1.000000
33,29.576000,2.005887,35.960000,1.865246,1.175021,10,5000,3898,1102,5000,0,5000,3898,1102,0,1102,0,0.779600,1.000000,0.000000,0.779600,1.000000,1.000000
34,33.362000,1.956141,39.170000,1.794317,0.839539,10,5000,4248,752,5000,0,5000,4248,752,0,752,0,0.849600,1.000000,0.000000,0.849600,1.000000,1.000000
35,27.610000,2.026123,33.930000,1.863192,1.079676,10,5000,3954,1046,5000,0,5000,3954,1046,0,1046,0,0.790800,1.000000,0.000000,0.790800,1.000000,1.000000
36,24.858000,2.101757,32.350000,1.900885,0.897877,10,5000,4214,786,5000,0,5000,4214,786,0,786,0,0.842800,1.000000,0.000000,0.842800,1.000000,1.000000
37,29.426000,1.973680,38.860000,1.767905,0.989250,10,5000,4098,902,5000,0,5000,4098,902,0,902,0,0.819600,1.000000,0.000000,0.819600,1.000000,1.000000
38,33.104000,1.966082,39.590000,1.790514,1.298417,10,5000,3574,1426,5000,0,5000,3574,1426,0,1426,0,0.714800,1.000000,0.000000,0.714800,1.000000,1.000000
39,29.076000,1.979991,37.250000,1.805412,1.036936,10,5000,4086,914,5000,0,5000,4086,914,0,914,0,0.817200,1.000000,0.000000,0.817200,1.000000,1.000000
40,26.502000,2.009686,31.150000,1.850076,0.979402,10,5000,4098,902,5000,0,5000,4098,902,0,902,0,0.819600,1.000000,0.000000,0.819600,1.000000,1.000000
41,29.056000,2.018627,34.730000,1.858415,1.012713,10,5000,4018,982,5000,0,5000,4018,982,0,982,0,0.803600,1.000000,0.000000,0.803600,1.000000,1.000000
42,34.364000,1.948540,40.630000,1.805272,0.992678,10,5000,4056,944,5000,0,5000,4056,944,0,944,0,0.811200,1.000000,0.000000,0.811200,1.000000,1.000000
43,28.736000,2.004607,37.820000,1.815264,0.968492,10,5000,4076,924,5000,0,5000,4076,924,0,924,0,0.815200,1.000000,0.000000,0.815200,1.000000,1.000000
44,31.796000,1.946544,39.930000,1.763326,1.064489,10,5000,3988,1012,5000,0,5000,3988,1012,0,1012,0,0.797600,1.000000,0.000000,0.797600,1.000000,1.000000
45,30.192000,1.985915,36.670000,1.818286,0.963767,10,5000,4102,898,5000,0,5000,4102,898,0,898,0,0.820400,1.000000,0.000000,0.820400,1.000000,1.000000
46,27.088000,2.029860,32.430000,1.867729,1.015981,10,5000,3936,1064,5000,0,5000,3936,1064,0,1064,0,0.787200,1.000000,0.000000,0.787200,1.000000,1.000000
47,31.252000,1.978505,35.720000,1.813925,0.904666,10,5000,4198,802,5000,0,5000,4198,802,0,802,0,0.839600,1.000000,0.000000,0.839600,1.000000,1.000000
48,30.388000,1.974167,37.200000,1.805761,1.040074,10,5000,3878,1122,5000,0,5000,3878,1122,0,1122,0,0.775600,1.000000,0.000000,0.775600,1.000000,1.000000
49,27.402000,2.049648,34.560000,1.892632,1.243861,10,5000,3726,1274,5000,0,5000,3726,1274,0,1274,0,0.745200,1.000000,0.000000,0.745200,1.000000,1.000000
50,26.966000,2.030447,30.460000,1.908977,1.017671,10,5000,3956,1044,5000,0,5000,3956,1044,0,1044,0,0.791200,1.000000,0.000000,0.791200,1.000000,1.000000
51,32.410000,1.983112,34.650000,1.876293,1.166485,10,5000,3806,1194,5000,0,5000,3806,1194,0,1194,0,0.761200,1.000000,0.000000,0.761200,1.000000,1.000000
52,31.636000,1.967512,35.040000,1.849102,0.925892,10,5000,4068,932,5000,0,5000,4068,932,0,932,0,0.813600,1.000000,0.000000,0.813600,1.000000,1.000000
53,32.496000,1.980762,39.880000,1.841118,0.987729,10,5000,3976,1024,5000,0,5000,3976,1024,0,1024,0,0.795200,1.000000,0.000000,0.795200,1.000000,1.000000
54,25.094000,2.064830,29.980000,1.942714,1.106590,10,5000,3778,1222,5000,0,5000,3778,1222,0,1222,0,0.755600,1.000000,0.000000,0.755600,1.000000,1.000000
55,28.964000,1.980454,34.600000,1.823050,0.781338,10,5000,4268,732,5000,0,5000,4268,732,0,732,0,0.853600,1.000000,0.000000,0.853600,1.000000,1.000000
56,30.220000,1.965666,31.710000,1.849452,0.959477,10,5000,4060,940,5000,0,5000,4060,940,0,940,0,0.812000,1.000000,0.000000,0.812000,1.000000,1.000000
57,30.734000,1.956754,39.490000,1.799588,0.911666,10,5000,4138,862,5000,0,5000,4138,862,0,862,0,0.827600,1.000000,0.000000,0.827600,1.000000,1.000000
58,33.004000,1.934286,39.010000,1.782740,1.028423,10,5000,4024,976,5000,0,5000,4024,976,0,976,0,0.804800,1.000000,0.000000,0.804800,1.000000,1.000000
59,29.514000,1.978395,35.630000,1.811039,0.815418,10,5000,4310,690,5000,0,5000,4310,690,0,690,0,0.862000,1.000000,0.000000,0.862000,1.000000,1.000000
60,32.496000,1.965990,38.480000,1.822005,1.049516,10,5000,3960,1040,5000,0,5000,3960,1040,0,1040,0,0.792000,1.000000,0.000000,0.792000,1.000000,1.000000
61,30.052000,1.978874,36.390000,1.822734,0.856336,10,5000,4200,800,5000,0,5000,4200,800,0,800,0,0.840000,1.000000,0.000000,0.840000,1.000000,1.000000
62,35.000000,1.919187,37.060000,1.811354,1.023050,10,5000,3942,1058,5000,0,5000,3942,1058,0,1058,0,0.788400,1.000000,0.000000,0.788400,1.000000,1.000000
63,33.878000,1.915630,39.080000,1.772781,0.978892,10,5000,4070,930,5000,0,5000,4070,930,0,930,0,0.814000,1.000000,0.000000,0.814000,1.000000,1.000000
64,28.552000,1.972457,28.660000,1.848957,0.817035,10,5000,4232,768,5000,0,5000,4232,768,0,768,0,0.846400,1.000000,0.000000,0.846400,1.000000,1.000000
65,31.360000,1.963718,38.640000,1.814486,1.115040,10,5000,3846,1154,5000,0,5000,3846,1154,0,1154,0,0.769200,1.000000,0.000000,0.769200,1.000000,1.000000
66,33.090000,1.926854,41.800000,1.760777,1.108994,10,5000,3824,1176,5000,0,5000,3824,1176,0,1176,0,0.764800,1.000000,0.000000,0.764800,1.000000,1.000000
67,33.772000,1.910794,38.120000,1.773596,0.952919,10,5000,4002,998,5000,0,5000,4002,998,0,998,0,0.800400,1.000000,0.000000,0.800400,1.000000,1.000000
68,34.094000,1.906933,39.390000,1.748029,0.892673,10,5000,4166,834,5000,0,5000,4166,834,0,834,0,0.833200,1.000000,0.000000,0.833200,1.000000,1.000000
69,30.530000,1.961730,37.120000,1.802243,1.112836,10,5000,3850,1150,5000,0,5000,3850,1150,0,1150,0,0.770000,1.000000,0.000000,0.770000,1.000000,1.000000
70,38.152000,1.854346,45.230000,1.683530,0.898670,10,5000,4104,896,5000,0,5000,4104,896,0,896,0,0.820800,1.000000,0.000000,0.820800,1.000000,1.000000
71,27.968000,2.002049,32.550000,1.855169,1.052455,10,5000,3912,1088,5000,0,5000,3912,1088,0,1088,0,0.782400,1.000000,0.000000,0.782400,1.000000,1.000000
72,28.044000,1.998167,34.420000,1.849913,1.113423,10,5000,3806,1194,5000,0,5000,3806,1194,0,1194,0,0.761200,1.000000,0.000000,0.761200,1.000000,1.000000
73,33.904000,1.925368,38.810000,1.801899,0.957231,10,5000,4000,1000,5000,0,5000,4000,1000,0,1000,0,0.800000,1.000000,0.000000,0.800000,1.000000,1.000000
74,32.140000,1.949721,33.980000,1.849072,0.947090,10,5000,3990,1010,5000,0,5000,3990,1010,0,1010,0,0.798000,1.000000,0.000000,0.798000,1.000000,1.000000
75,37.006000,1.867311,43.950000,1.710889,0.792688,10,5000,4298,702,5000,0,5000,4298,702,0,702,0,0.859600,1.000000,0.000000,0.859600,1.000000,1.000000
76,35.038000,1.911656,40.250000,1.781083,1.170091,10,5000,3772,1228,5000,0,5000,3772,1228,0,1228,0,0.754400,1.000000,0.000000,0.754400,1.000000,1.000000
77,31.018000,1.977974,36.030000,1.828881,0.766181,10,5000,4296,704,5000,0,5000,4296,704,0,704,0,0.859200,1.000000,0.000000,0.859200,1.000000,1.000000
78,29.124000,1.990831,35.600000,1.849966,1.200283,10,5000,3690,1310,5000,0,5000,3690,1310,0,1310,0,0.738000,1.000000,0.000000,0.738000,1.000000,1.000000
79,37.100000,1.874237,43.280000,1.703698,0.817830,10,5000,4168,832,5000,0,5000,4168,832,0,832,0,0.833600,1.000000,0.000000,0.833600,1.000000,1.000000
80,33.188000,1.946475,36.450000,1.839290,1.344500,10,5000,3412,1588,5000,0,5000,3412,1588,0,1588,0,0.682400,1.000000,0.000000,0.682400,1.000000,1.000000
81,32.382000,1.966803,37.700000,1.837734,1.105431,10,5000,3788,1212,5000,0,5000,3788,1212,0,1212,0,0.757600,1.000000,0.000000,0.757600,1.000000,1.000000
82,35.752000,1.888289,42.430000,1.735579,0.902995,10,5000,4182,818,5000,0,5000,4182,818,0,818,0,0.836400,1.000000,0.000000,0.836400,1.000000,1.000000
83,32.944000,1.968814,38.220000,1.850228,1.135219,10,5000,3776,1224,5000,0,5000,3776,1224,0,1224,0,0.755200,1.000000,0.000000,0.755200,1.000000,1.000000
84,31.600000,2.011984,38.640000,1.862181,0.897626,10,5000,4096,904,5000,0,5000,4096,904,0,904,0,0.819200,1.000000,0.000000,0.819200,1.000000,1.000000
85,30.860000,1.978546,34.510000,1.856354,0.892309,10,5000,4012,988,5000,0,5000,4012,988,0,988,0,0.802400,1.000000,0.000000,0.802400,1.000000,1.000000
86,33.264000,1.919125,39.360000,1.767674,1.129396,10,5000,3728,1272,5000,0,5000,3728,1272,0,1272,0,0.745600,1.000000,0.000000,0.745600,1.000000,1.000000
87,29.018000,1.995256,32.190000,1.869898,0.915618,10,5000,4102,898,5000,0,5000,4102,898,0,898,0,0.820400,1.000000,0.000000,0.820400,1.000000,1.000000
88,30.656000,1.973953,37.590000,1.786652,0.915905,10,5000,4048,952,5000,0,5000,4048,952,0,952,0,0.809600,1.000000,0.000000,0.809600,1.000000,1.000000
89,30.490000,1.974728,33.110000,1.866373,1.048261,10,5000,3920,1080,5000,0,5000,3920,1080,0,1080,0,0.784000,1.000000,0.000000,0.784000,1.000000,1.000000
90,32.382000,1.984010,36.570000,1.858792,0.734994,10,5000,4274,726,5000,0,5000,4274,726,0,726,0,0.854800,1.000000,0.000000,0.854800,1.000000,1.000000
91,34.418000,1.932551,37.350000,1.820025,0.963508,10,5000,3892,1108,5000,0,5000,3892,1108,0,1108,0,0.778400,1.000000,0.000000,0.778400,1.000000,1.000000
92,28.530000,2.010302,29.530000,1.914549,0.994503,10,5000,3906,1094,5000,0,5000,3906,1094,0,1094,0,0.781200,1.000000,0.000000,0.781200,1.000000,1.000000
93,30.212000,1.992529,37.160000,1.820356,0.772333,10,5000,4324,676,5000,0,5000,4324,676,0,676,0,0.864800,1.000000,0.000000,0.864800,1.000000,1.000000
94,33.860000,1.908628,36.350000,1.796307,1.086743,10,5000,3846,1154,5000,0,5000,3846,1154,0,1154,0,0.769200,1.000000,0.000000,0.769200,1.000000,1.000000
95,33.280000,1.959799,38.050000,1.804716,0.560625,10,5000,4530,470,5000,0,5000,4530,470,0,470,0,0.906000,1.000000,0.000000,0.906000,1.000000,1.000000
96,33.774000,1.977513,38.550000,1.830260,0.693567,10,5000,4444,556,5000,0,5000,4444,556,0,556,0,0.888800,1.000000,0.000000,0.888800,1.000000,1.000000
97,31.976000,1.965708,37.490000,1.846773,1.239599,10,5000,3554,1446,5000,0,5000,3554,1446,0,1446,0,0.710800,1.000000,0.000000,0.710800,1.000000,1.000000
98,32.398000,1.934601,34.760000,1.822002,0.859143,10,5000,4212,788,5000,0,5000,4212,788,0,788,0,0.842400,1.000000,0.000000,0.842400,1.000000,1.000000
99,32.384000,1.979154,39.120000,1.821200,0.700398,10,5000,4324,676,5000,0,5000,4324,676,0,676,0,0.864800,1.000000,0.000000,0.864800,1.000000,1.000000
100,37.888000,1.865914,40.930000,1.721415,0.242502,10,5000,4062,938,4010,990,4010,3953,57,109,57,881,0.812400,0.802000,0.198000,0.985786,0.973166,0.802000
101,35.204000,1.872391,43.430000,1.594185,0.208786,10,5000,4168,832,4067,933,4067,4048,19,120,19,813,0.833600,0.813400,0.186600,0.995328,0.971209,0.813400
102,33.296000,1.999694,37.330000,1.792673,0.257932,10,5000,3886,1114,3874,1126,3874,3801,73,85,73,1041,0.777200,0.774800,0.225200,0.981156,0.978127,0.774800
103,35.836000,1.863705,43.900000,1.569018,0.199344,10,5000,4142,858,4084,916,4084,4053,31,89,31,827,0.828400,0.816800,0.183200,0.992409,0.978513,0.816800
104,33.246000,1.964042,40.440000,1.659796,0.166629,10,5000,4302,698,4132,868,4132,4108,24,194,24,674,0.860400,0.826400,0.173600,0.994192,0.954905,0.826400
105,41.014000,1.776051,49.330000,1.455850,0.139973,10,5000,4294,706,4223,777,4223,4208,15,86,15,691,0.858800,0.844600,0.155400,0.996448,0.979972,0.844600
106,34.804000,1.911308,46.570000,1.479382,0.267617,10,5000,3980,1020,3978,1022,3978,3913,65,67,65,955,0.796000,0.795600,0.204400,0.983660,0.983166,0.795600
107,32.148000,1.969503,37.220000,1.658993,0.240902,10,5000,3894,1106,3841,1159,3841,3780,61,114,61,1045,0.778800,0.768200,0.231800,0.984119,0.970724,0.768200
108,37.988000,1.868329,42.080000,1.579589,0.204078,10,5000,3910,1090,3847,1153,3847,3807,40,103,40,1050,0.782000,0.769400,0.230600,0.989602,0.973657,0.769400
109,35.746000,1.994039,41.970000,1.574826,0.184381,10,5000,4284,716,4202,798,4202,4179,23,105,23,693,0.856800,0.840400,0.159600,0.994526,0.975490,0.840400
110,40.678000,1.794780,44.550000,1.505454,0.227425,10,5000,4062,938,4019,981,4019,3972,47,90,47,891,0.812400,0.803800,0.196200,0.988306,0.977843,0.803800
111,35.042000,1.965752,40.890000,1.602208,0.188329,10,5000,4120,880,4074,926,4074,4044,30,76,30,850,0.824000,0.814800,0.185200,0.992636,0.981553,0.814800
112,40.744000,1.814084,48.040000,1.472423,0.246357,10,5000,4198,802,4150,850,4150,4111,39,87,39,763,0.839600,0.830000,0.170000,0.990602,0.979276,0.830000
113,25.088000,2.333880,35.770000,1.741774,0.317917,10,5000,3670,1330,3672,1328,3672,3579,93,91,93,1237,0.734000,0.734400,0.265600,0.974673,0.975204,0.734400
114,36.492000,1.952152,42.740000,1.571647,0.222139,10,5000,3952,1048,3908,1092,3908,3866,42,86,42,1006,0.790400,0.781600,0.218400,0.989253,0.978239,0.781600
115,40.802000,1.810953,47.000000,1.442910,0.244270,10,5000,3882,1118,3822,1178,3822,3765,57,117,57,1061,0.776400,0.764400,0.235600,0.985086,0.969861,0.764400
116,41.156000,1.777871,53.490000,1.281923,0.261843,10,5000,3904,1096,3865,1135,3865,3813,52,91,52,1044,0.780800,0.773000,0.227000,0.986546,0.976691,0.773000
117,40.950000,1.941588,46.630000,1.599050,0.194634,10,5000,3914,1086,3851,1149,3851,3801,50,113,50,1036,0.782800,0.770200,0.229800,0.987016,0.971129,0.770200
118,43.906000,1.883741,52.360000,1.478377,0.186432,10,5000,4122,878,4140,860,4140,4076,64,46,64,814,0.824400,0.828000,0.172000,0.984541,0.988840,0.828000
119,45.762000,1.760802,54.130000,1.375945,0.231598,10,5000,3984,1016,3950,1050,3950,3903,47,81,47,969,0.796800,0.790000,0.210000,0.988101,0.979669,0.790000
120,38.990000,1.917567,46.770000,1.494311,0.302830,10,5000,3754,1246,3723,1277,3723,3660,63,94,63,1183,0.750800,0.744600,0.255400,0.983078,0.974960,0.744600
121,37.166000,2.036615,47.160000,1.489617,0.177661,10,5000,4010,990,3893,1107,3893,3874,19,136,19,971,0.802000,0.778600,0.221400,0.995119,0.966085,0.778600
122,38.996000,1.972296,48.030000,1.490095,0.203755,10,5000,4234,766,4213,787,4213,4176,37,58,37,729,0.846800,0.842600,0.157400,0.991218,0.986301,0.842600
123,34.152000,2.114404,39.850000,1.633047,0.177078,10,5000,3614,1386,3597,1403,3597,3561,36,53,36,1350,0.722800,0.719400,0.280600,0.989992,0.985335,0.719400
124,43.064000,1.849354,52.270000,1.379740,0.160967,10,5000,4094,906,3998,1002,3998,3979,19,115,19,887,0.818800,0.799600,0.200400,0.995248,0.971910,0.799600
125,35.072000,2.229717,40.560000,1.751305,0.181070,10,5000,3868,1132,3818,1182,3818,3787,31,81,31,1101,0.773600,0.763600,0.236400,0.991881,0.979059,0.763600
126,47.000000,1.709319,57.280000,1.226945,0.152850,10,5000,4084,916,3967,1033,3967,3949,18,135,18,898,0.816800,0.793400,0.206600,0.995463,0.966944,0.793400
127,42.332000,1.824656,49.160000,1.413666,0.214084,10,5000,3668,1332,3634,1366,3634,3579,55,89,55,1277,0.733600,0.726800,0.273200,0.984865,0.975736,0.726800
128,45.352000,1.750255,56.570000,1.239877,0.244025,10,5000,4162,838,4091,909,4091,4058,33,104,33,805,0.832400,0.818200,0.181800,0.991934,0.975012,0.818200
129,40.130000,1.873289,53.150000,1.310806,0.225330,10,5000,4162,838,4079,921,4079,4045,34,117,34,804,0.832400,0.815800,0.184200,0.991665,0.971889,0.815800
130,45.692000,1.730652,55.210000,1.249611,0.176509,10,5000,4042,958,3949,1051,3949,3915,34,127,34,924,0.808400,0.789800,0.210200,0.991390,0.968580,0.789800
131,45.454000,1.774139,54.600000,1.307285,0.117047,10,5000,4026,974,3965,1035,3965,3941,24,85,24,950,0.805200,0.793000,0.207000,0.993947,0.978887,0.793000
132,48.216000,1.692428,55.990000,1.250740,0.142709,10,5000,4000,1000,3965,1035,3965,3942,23,58,23,977,0.800000,0.793000,0.207000,0.994199,0.985500,0.793000
133,35.800000,2.068049,44.050000,1.552973,0.120408,10,5000,3866,1134,3858,1142,3858,3825,33,41,33,1101,0.773200,0.771600,0.228400,0.991446,0.989395,0.771600
134,39.068000,2.047679,44.780000,1.630344,0.197474,10,5000,3798,1202,3670,1330,3670,3626,44,172,44,1158,0.759600,0.734000,0.266000,0.988011,0.954713,0.734000
135,46.014000,1.815819,56.640000,1.320664,0.222429,10,5000,3894,1106,3864,1136,3864,3823,41,71,41,1065,0.778800,0.772800,0.227200,0.989389,0.981767,0.772800
136,44.212000,1.836984,53.390000,1.345040,0.204113,10,5000,4150,850,4104,896,4104,4072,32,78,32,818,0.830000,0.820800,0.179200,0.992203,0.981205,0.820800
137,44.004000,1.815485,55.680000,1.263380,0.177714,10,5000,3888,1112,3841,1159,3841,3816,25,72,25,1087,0.777600,0.768200,0.231800,0.993491,0.981481,0.768200
138,40.420000,1.987202,48.580000,1.494579,0.197233,10,5000,4134,866,4038,962,4038,4010,28,124,28,838,0.826800,0.807600,0.192400,0.993066,0.970005,0.807600
139,43.158000,1.832207,52.440000,1.289357,0.267682,10,5000,4056,944,4040,960,4040,3986,54,70,54,890,0.811200,0.808000,0.192000,0.986634,0.982742,0.808000
140,39.430000,1.963955,49.800000,1.390318,0.191297,10,5000,3950,1050,3929,1071,3929,3894,35,56,35,1015,0.790000,0.785800,0.214200,0.991092,0.985823,0.785800
141,42.238000,1.914598,51.240000,1.368346,0.154131,10,5000,3974,1026,3913,1087,3913,3881,32,93,32,994,0.794800,0.782600,0.217400,0.991822,0.976598,0.782600
142,40.368000,1.930924,51.790000,1.324071,0.192365,10,5000,3908,1092,3784,1216,3784,3747,37,161,37,1055,0.781600,0.756800,0.243200,0.990222,0.958802,0.756800
143,38.530000,2.028921,44.800000,1.537073,0.103734,10,5000,4142,858,4110,890,4110,4094,16,48,16,842,0.828400,0.822000,0.178000,0.996107,0.988411,0.822000
144,37.018000,2.195174,45.660000,1.585152,0.218477,10,5000,4064,936,4016,984,4016,3987,29,77,29,907,0.812800,0.803200,0.196800,0.992779,0.981053,0.803200
145,39.300000,2.040695,46.680000,1.479529,0.186236,10,5000,3906,1094,3846,1154,3846,3822,24,84,24,1070,0.781200,0.769200,0.230800,0.993760,0.978495,0.769200
146,44.390000,1.895240,53.320000,1.339782,0.150816,10,5000,3954,1046,3910,1090,3910,3881,29,73,29,1017,0.790800,0.782000,0.218000,0.992583,0.981538,0.782000
147,40.070000,2.016150,49.100000,1.462009,0.135877,10,5000,4094,906,4036,964,4036,4013,23,81,23,883,0.818800,0.807200,0.192800,0.994301,0.980215,0.807200
148,43.058000,1.936801,53.590000,1.320518,0.157378,10,5000,3956,1044,3911,1089,3911,3887,24,69,24,1020,0.791200,0.782200,0.217800,0.993863,0.982558,0.782200
149,42.968000,1.977539,50.770000,1.465454,0.191045,10,5000,4152,848,4077,923,4077,4044,33,108,33,815,0.830400,0.815400,0.184600,0.991906,0.973988,0.815400
150,41.062000,2.002474,44.230000,1.628140,0.165866,10,5000,4106,894,4019,981,4019,3997,22,109,22,872,0.821200,0.803800,0.196200,0.994526,0.973453,0.803800
151,41.324000,1.950821,55.250000,1.264153,0.214026,10,5000,3964,1036,3812,1188,3812,3776,36,188,36,1000,0.792800,0.762400,0.237600,0.990556,0.952573,0.762400
152,29.574000,2.601523,39.560000,1.763877,0.137041,10,5000,4420,580,4330,670,4330,4321,9,99,9,571,0.884000,0.866000,0.134000,0.997921,0.977602,0.866000
153,40.394000,2.008805,45.710000,1.494972,0.162689,10,5000,4264,736,4205,795,4205,4183,22,81,22,714,0.852800,0.841000,0.159000,0.994768,0.981004,0.841000
154,39.702000,2.107821,50.670000,1.420689,0.177798,10,5000,3798,1202,3755,1245,3755,3715,40,83,40,1162,0.759600,0.751000,0.249000,0.989348,0.978146,0.751000
155,40.216000,2.022643,48.270000,1.434163,0.174870,10,5000,4274,726,4207,793,4207,4180,27,94,27,699,0.854800,0.841400,0.158600,0.993582,0.978007,0.841400
156,47.344000,1.842136,56.350000,1.276725,0.185473,10,5000,3998,1002,3935,1065,3935,3903,32,95,32,970,0.799600,0.787000,0.213000,0.991868,0.976238,0.787000
157,36.564000,2.153184,46.960000,1.519335,0.171133,10,5000,3612,1388,3577,1423,3577,3540,37,72,37,1351,0.722400,0.715400,0.284600,0.989656,0.980066,0.715400
158,47.260000,1.826243,57.080000,1.243133,0.136014,10,5000,4170,830,4127,873,4127,4109,18,61,18,812,0.834000,0.825400,0.174600,0.995638,0.985372,0.825400
159,44.368000,1.896696,54.570000,1.281203,0.182039,10,5000,4218,782,4166,834,4166,4140,26,78,26,756,0.843600,0.833200,0.166800,0.993759,0.981508,0.833200
160,47.192000,1.859953,52.060000,1.401717,0.119075,10,5000,4002,998,3952,1048,3952,3941,11,61,11,987,0.800400,0.790400,0.209600,0.997217,0.984758,0.790400
161,44.986000,1.957158,55.960000,1.325785,0.138477,10,5000,4076,924,4004,996,4004,3977,27,99,27,897,0.815200,0.800800,0.199200,0.993257,0.975711,0.800800
162,43.174000,1.989360,50.520000,1.451374,0.173887,10,5000,4128,872,4014,986,4014,3975,39,153,39,833,0.825600,0.802800,0.197200,0.990284,0.962936,0.802800
163,44.924000,1.936701,51.330000,1.440670,0.134094,10,5000,4084,916,4030,970,4030,4003,27,81,27,889,0.816800,0.806000,0.194000,0.993300,0.980167,0.806000
164,46.070000,1.850194,50.610000,1.411605,0.153991,10,5000,4088,912,3987,1013,3987,3963,24,125,24,888,0.817600,0.797400,0.202600,0.993980,0.969423,0.797400
165,44.524000,1.905498,54.550000,1.325627,0.100339,10,5000,4244,756,4178,822,4178,4167,11,77,11,745,0.848800,0.835600,0.164400,0.997367,0.981857,0.835600
166,43.204000,1.939309,53.290000,1.384836,0.245038,10,5000,4124,876,4069,931,4069,4042,27,82,27,849,0.824800,0.813800,0.186200,0.993364,0.980116,0.813800
167,45.818000,1.858068,55.060000,1.278805,0.198374,10,5000,3742,1258,3718,1282,3718,3685,33,57,33,1225,0.748400,0.743600,0.256400,0.991124,0.984768,0.743600
168,37.534000,2.239585,48.700000,1.563415,0.099529,10,5000,3702,1298,3680,1320,3680,3652,28,50,28,1270,0.740400,0.736000,0.264000,0.992391,0.986494,0.736000
169,39.934000,2.035891,55.100000,1.236678,0.175824,10,5000,4228,772,4163,837,4163,4136,27,92,27,745,0.845600,0.832600,0.167400,0.993514,0.978240,0.832600
170,44.114000,1.950964,54.220000,1.337934,0.216075,10,5000,4060,940,3956,1044,3956,3935,21,125,21,919,0.812000,0.791200,0.208800,0.994692,0.969212,0.791200
171,45.932000,1.883512,51.920000,1.381302,0.104731,10,5000,3796,1204,3562,1438,3562,3537,25,259,25,1179,0.759200,0.712400,0.287600,0.992981,0.931770,0.712400
172,41.558000,2.039201,48.440000,1.520304,0.091636,10,5000,4292,708,4075,925,4075,4061,14,231,14,694,0.858400,0.815000,0.185000,0.996564,0.946179,0.815000
173,39.318000,2.118530,49.060000,1.450471,0.164527,10,5000,3974,1026,3933,1067,3933,3915,18,59,18,1008,0.794800,0.786600,0.213400,0.995423,0.985153,0.786600
174,40.636000,2.073889,52.320000,1.321240,0.179989,10,5000,4032,968,3975,1025,3975,3948,27,84,27,941,0.806400,0.795000,0.205000,0.993208,0.979167,0.795000
175,43.400000,1.997830,55.120000,1.296723,0.160969,10,5000,4226,774,4204,796,4204,4180,24,46,24,750,0.845200,0.840800,0.159200,0.994291,0.989115,0.840800
176,47.110000,1.857200,59.090000,1.207352,0.129201,10,5000,3882,1118,3846,1154,3846,3820,26,62,26,1092,0.776400,0.769200,0.230800,0.993240,0.984029,0.769200
177,46.418000,1.947156,53.920000,1.383690,0.168246,10,5000,3758,1242,3733,1267,3733,3692,41,66,41,1201,0.751600,0.746600,0.253400,0.989017,0.982437,0.746600
178,44.168000,1.933563,52.890000,1.323272,0.204712,10,5000,3956,1044,3949,1051,3949,3912,37,44,37,1007,0.791200,0.789800,0.210200,0.990631,0.988878,0.789800
179,39.690000,2.130073,48.740000,1.449187,0.112916,10,5000,3956,1044,3920,1080,3920,3901,19,55,19,1025,0.791200,0.784000,0.216000,0.995153,0.986097,0.784000
180,35.086000,2.438637,47.960000,1.507217,0.188398,10,5000,4038,962,3976,1024,3976,3958,18,80,18,944,0.807600,0.795200,0.204800,0.995473,0.980188,0.795200
181,45.316000,1.955526,55.060000,1.278478,0.109242,10,5000,4056,944,4014,986,4014,4003,11,53,11,933,0.811200,0.802800,0.197200,0.997260,0.986933,0.802800
182,43.248000,1.970184,53.430000,1.321228,0.167870,10,5000,4152,848,4072,928,4072,4044,28,108,28,820,0.830400,0.814400,0.185600,0.993124,0.973988,0.814400
183,44.954000,1.951400,51.030000,1.377120,0.113006,10,5000,4156,844,4109,891,4109,4091,18,65,18,826,0.831200,0.821800,0.178200,0.995619,0.984360,0.821800
184,48.618000,1.845845,54.910000,1.318685,0.165931,10,5000,4260,740,4208,792,4208,4180,28,80,28,712,0.852000,0.841600,0.158400,0.993346,0.981221,0.841600
185,45.754000,1.917026,56.590000,1.214494,0.136084,10,5000,4296,704,4218,782,4218,4207,11,89,11,693,0.859200,0.843600,0.156400,0.997392,0.979283,0.843600
186,50.134000,1.752957,56.490000,1.232240,0.168513,10,5000,3852,1148,3826,1174,3826,3793,33,59,33,1115,0.770400,0.765200,0.234800,0.991375,0.984683,0.765200
187,44.580000,1.929371,51.720000,1.312871,0.113709,10,5000,4354,646,4238,762,4238,4226,12,128,12,634,0.870800,0.847600,0.152400,0.997168,0.970602,0.847600
188,46.330000,1.924788,51.620000,1.382172,0.154288,10,5000,3878,1122,3848,1152,3848,3819,29,59,29,1093,0.775600,0.769600,0.230400,0.992464,0.984786,0.769600
189,49.044000,1.812545,57.060000,1.239871,0.198665,10,5000,4086,914,4046,954,4046,4010,36,76,36,878,0.817200,0.809200,0.190800,0.991102,0.981400,0.809200
190,48.762000,1.803461,56.680000,1.219772,0.137619,10,5000,3992,1008,3931,1069,3931,3909,22,83,22,986,0.798400,0.786200,0.213800,0.994403,0.979208,0.786200
191,50.268000,1.785717,60.470000,1.138954,0.179053,10,5000,3906,1094,3874,1126,3874,3830,44,76,44,1050,0.781200,0.774800,0.225200,0.988642,0.980543,0.774800
192,45.928000,1.943959,56.810000,1.230242,0.138836,10,5000,3828,1172,3808,1192,3808,3779,29,49,29,1143,0.765600,0.761600,0.238400,0.992384,0.987200,0.761600
193,42.220000,2.146557,50.170000,1.431499,0.135840,10,5000,3964,1036,3909,1091,3909,3894,15,70,15,1021,0.792800,0.781800,0.218200,0.996163,0.982341,0.781800
194,51.378000,1.759948,62.010000,1.102274,0.199981,10,5000,3868,1132,3852,1148,3852,3811,41,57,41,1091,0.773600,0.770400,0.229600,0.989356,0.985264,0.770400
195,49.854000,1.780938,61.680000,1.080045,0.190190,10,5000,3930,1070,3809,1191,3809,3763,46,167,46,1024,0.786000,0.761800,0.238200,0.987923,0.957506,0.761800
196,43.660000,2.031188,52.220000,1.356189,0.139511,10,5000,3928,1072,3883,1117,3883,3860,23,68,23,1049,0.785600,0.776600,0.223400,0.994077,0.982688,0.776600
197,43.640000,2.043468,52.000000,1.400867,0.087193,10,5000,3912,1088,3882,1118,3882,3869,13,43,13,1075,0.782400,0.776400,0.223600,0.996651,0.989008,0.776400
198,46.860000,1.963527,55.070000,1.375790,0.160505,10,5000,3956,1044,3877,1123,3877,3854,23,102,23,1021,0.791200,0.775400,0.224600,0.994068,0.974216,0.775400
199,45.516000,2.000638,54.820000,1.362072,0.137180,10,5000,3708,1292,3679,1321,3679,3658,21,50,21,1271,0.741600,0.735800,0.264200,0.994292,0.986516,0.735800
200,50.250000,1.813443,58.160000,1.215140,0.097640,10,5000,4326,674,4267,733,4267,4257,10,69,10,664,0.865200,0.853400,0.146600,0.997656,0.984050,0.853400
201,46.060000,1.920544,50.440000,1.423554,0.141983,10,5000,4124,876,4053,947,4053,4031,22,93,22,854,0.824800,0.810600,0.189400,0.994572,0.977449,0.810600
202,42.396000,2.028227,53.400000,1.295490,0.149981,10,5000,4036,964,3975,1025,3975,3955,20,81,20,944,0.807200,0.795000,0.205000,0.994969,0.979931,0.795000
203,49.550000,1.834079,59.290000,1.156173,0.156733,10,5000,3890,1110,3784,1216,3784,3754,30,136,30,1080,0.778000,0.756800,0.243200,0.992072,0.965039,0.756800
204,42.808000,2.001968,49.590000,1.394078,0.189402,10,5000,4152,848,4060,940,4060,4031,29,121,29,819,0.830400,0.812000,0.188000,0.992857,0.970857,0.812000
205,50.114000,1.781668,59.130000,1.160080,0.219605,10,5000,4106,894,4013,987,4013,3992,21,114,21,873,0.821200,0.802600,0.197400,0.994767,0.972236,0.802600
206,49.024000,1.823755,59.330000,1.132435,0.146001,10,5000,4118,882,4070,930,4070,4056,14,62,14,868,0.823600,0.814000,0.186000,0.996560,0.984944,0.814000
207,50.184000,1.834518,57.770000,1.234103,0.127305,10,5000,4050,950,3940,1060,3940,3916,24,134,24,926,0.810000,0.788000,0.212000,0.993909,0.966914,0.788000
208,51.810000,1.791716,61.850000,1.108903,0.100633,10,5000,3724,1276,3692,1308,3692,3673,19,51,19,1257,0.744800,0.738400,0.261600,0.994854,0.986305,0.738400
209,41.310000,2.201321,53.880000,1.412587,0.217790,10,5000,3986,1014,3921,1079,3921,3886,35,100,35,979,0.797200,0.784200,0.215800,0.991074,0.974912,0.784200
210,47.640000,1.942384,56.980000,1.290165,0.199141,10,5000,3842,1158,3832,1168,3832,3788,44,54,44,1114,0.768400,0.766400,0.233600,0.988518,0.985945,0.766400
211,44.376000,2.040281,51.780000,1.423719,0.098276,10,5000,3780,1220,3736,1264,3736,3722,14,58,14,1206,0.756000,0.747200,0.252800,0.996253,0.984656,0.747200
212,50.770000,1.791102,60.550000,1.124501,0.143333,10,5000,3916,1084,3851,1149,3851,3834,17,82,17,1067,0.783200,0.770200,0.229800,0.995586,0.979060,0.770200
213,45.806000,1.952160,54.740000,1.328393,0.129644,10,5000,4012,988,3774,1226,3774,3741,33,271,33,955,0.802400,0.754800,0.245200,0.991256,0.932453,0.754800
214,45.818000,1.980980,51.420000,1.410747,0.105043,10,5000,4190,810,4157,843,4157,4140,17,50,17,793,0.838000,0.831400,0.168600,0.995911,0.988067,0.831400
215,50.298000,1.808000,61.420000,1.093069,0.122913,10,5000,4068,932,4021,979,4021,4000,21,68,21,911,0.813600,0.804200,0.195800,0.994777,0.983284,0.804200
216,39.976000,2.140070,53.430000,1.286965,0.209023,10,5000,3916,1084,3871,1129,3871,3826,45,90,45,1039,0.783200,0.774200,0.225800,0.988375,0.977017,0.774200
217,44.272000,2.079509,49.990000,1.522805,0.106327,10,5000,3970,1030,3942,1058,3942,3928,14,42,14,1016,0.794000,0.788400,0.211600,0.996449,0.989421,0.788400
218,51.298000,1.780836,57.610000,1.199573,0.141016,10,5000,3934,1066,3933,1067,3933,3899,34,35,34,1032,0.786800,0.786600,0.213400,0.991355,0.991103,0.786600
219,47.842000,1.926640,60.020000,1.170386,0.140494,10,5000,4060,940,3984,1016,3984,3963,21,97,21,919,0.812000,0.796800,0.203200,0.994729,0.976108,0.796800
220,48.542000,1.954607,55.450000,1.358729,0.146081,10,5000,4112,888,4050,950,4050,4032,18,80,18,870,0.822400,0.810000,0.190000,0.995556,0.980545,0.810000
221,50.434000,1.795827,57.990000,1.197192,0.177226,10,5000,3962,1038,3920,1080,3920,3874,46,88,46,992,0.792400,0.784000,0.216000,0.988265,0.977789,0.784000
222,42.090000,2.017787,48.140000,1.431129,0.158687,10,5000,4224,776,3970,1030,3970,3938,32,286,32,744,0.844800,0.794000,0.206000,0.991940,0.932292,0.794000
223,51.092000,1.766676,59.040000,1.153031,0.176605,10,5000,4052,948,4000,1000,4000,3968,32,84,32,916,0.810400,0.800000,0.200000,0.992000,0.979269,0.800000
224,49.600000,1.804138,53.970000,1.296555,0.100126,10,5000,3938,1062,3729,1271,3729,3697,32,241,32,1030,0.787600,0.745800,0.254200,0.991419,0.938801,0.745800
225,44.684000,1.999682,48.680000,1.481745,0.091768,10,5000,3974,1026,3948,1052,3948,3929,19,45,19,1007,0.794800,0.789600,0.210400,0.995187,0.988676,0.789600
226,43.186000,2.022900,48.640000,1.485782,0.146724,10,5000,3704,1296,3695,1305,3695,3671,24,33,24,1272,0.740800,0.739000,0.261000,0.993505,0.991091,0.739000
227,49.534000,1.841795,57.490000,1.226659,0.150390,10,5000,3854,1146,3796,1204,3796,3775,21,79,21,1125,0.770800,0.759200,0.240800,0.994468,0.979502,0.759200
228,51.012000,1.841924,60.120000,1.134161,0.155862,10,5000,3682,1318,3674,1326,3674,3641,33,41,33,1285,0.736400,0.734800,0.265200,0.991018,0.988865,0.734800
229,46.734000,1.919747,56.680000,1.250479,0.114293,10,5000,3670,1330,3627,1373,3627,3602,25,68,25,1305,0.734000,0.725400,0.274600,0.993107,0.981471,0.725400
230,52.036000,1.773585,64.580000,1.021537,0.153810,10,5000,3938,1062,3924,1076,3924,3891,33,47,33,1029,0.787600,0.784800,0.215200,0.991590,0.988065,0.784800
231,43.496000,2.114549,55.720000,1.251336,0.106775,10,5000,4032,968,3967,1033,3967,3948,19,84,19,949,0.806400,0.793400,0.206600,0.995210,0.979167,0.793400
232,48.620000,1.875174,51.560000,1.386436,0.123430,10,5000,3972,1028,3929,1071,3929,3899,30,73,30,998,0.794400,0.785800,0.214200,0.992364,0.981621,0.785800
233,47.798000,1.934992,60.140000,1.125129,0.128402,10,5000,3746,1254,3707,1293,3707,3682,25,64,25,1229,0.749200,0.741400,0.258600,0.993256,0.982915,0.741400
234,45.156000,2.032852,55.030000,1.264777,0.141043,10,5000,3904,1096,3861,1139,3861,3834,27,70,27,1069,0.780800,0.772200,0.227800,0.993007,0.982070,0.772200
235,50.930000,1.807096,61.160000,1.117968,0.115033,10,5000,3910,1090,3703,1297,3703,3665,38,245,38,1052,0.782000,0.740600,0.259400,0.989738,0.937340,0.740600
236,52.528000,1.772687,60.960000,1.100133,0.097890,10,5000,4246,754,4206,794,4206,4190,16,56,16,738,0.849200,0.841200,0.158800,0.996196,0.986811,0.841200
237,50.154000,1.862028,59.680000,1.162666,0.100082,10,5000,3854,1146,3797,1203,3797,3782,15,72,15,1131,0.770800,0.759400,0.240600,0.996050,0.981318,0.759400
238,51.518000,1.864615,61.010000,1.178788,0.090545,10,5000,3918,1082,3880,1120,3880,3865,15,53,15,1067,0.783600,0.776000,0.224000,0.996134,0.986473,0.776000
239,46.078000,2.029421,55.770000,1.258955,0.128024,10,5000,3998,1002,3943,1057,3943,3927,16,71,16,986,0.799600,0.788600,0.211400,0.995942,0.982241,0.788600
240,44.520000,2.110974,54.510000,1.355073,0.119209,10,5000,3994,1006,3954,1046,3954,3933,21,61,21,985,0.798800,0.790800,0.209200,0.994689,0.984727,0.790800
241,47.200000,1.948034,55.990000,1.236452,0.115640,10,5000,3946,1054,3863,1137,3863,3843,20,103,20,1034,0.789200,0.772600,0.227400,0.994823,0.973898,0.772600
242,47.024000,1.963356,56.250000,1.233693,0.135819,10,5000,4092,908,4031,969,4031,4010,21,82,21,887,0.818400,0.806200,0.193800,0.994790,0.979961,0.806200
243,51.618000,1.864852,59.380000,1.219637,0.087399,10,5000,3756,1244,3722,1278,3722,3708,14,48,14,1230,0.751200,0.744400,0.255600,0.996239,0.987220,0.744400
244,50.236000,1.903941,61.530000,1.142223,0.109946,10,5000,4244,756,4175,825,4175,4166,9,78,9,747,0.848800,0.835000,0.165000,0.997844,0.981621,0.835000
245,48.444000,1.947401,54.690000,1.349650,0.148598,10,5000,3980,1020,3953,1047,3953,3909,44,71,44,976,0.796000,0.790600,0.209400,0.988869,0.982161,0.790600
246,48.748000,1.949563,56.200000,1.316110,0.086266,10,5000,4136,864,4087,913,4087,4077,10,59,10,854,0.827200,0.817400,0.182600,0.997553,0.985735,0.817400
247,44.368000,2.064697,50.370000,1.408766,0.138543,10,5000,3872,1128,3758,1242,3758,3721,37,151,37,1091,0.774400,0.751600,0.248400,0.990154,0.961002,0.751600
248,43.218000,2.129529,52.900000,1.345219,0.159806,10,5000,3906,1094,3853,1147,3853,3825,28,81,28,1066,0.781200,0.770600,0.229400,0.992733,0.979263,0.770600
249,47.990000,1.927328,59.410000,1.129985,0.140149,10,5000,3994,1006,3965,1035,3965,3948,17,46,17,989,0.798800,0.793000,0.207000,0.995712,0.988483,0.793000
250,46.562000,2.023098,55.610000,1.299105,0.102702,10,5000,3932,1068,3863,1137,3863,3848,15,84,15,1053,0.786400,0.772600,0.227400,0.996117,0.978637,0.772600
251,48.334000,2.011947,58.270000,1.234713,0.145812,10,5000,4032,968,3959,1041,3959,3939,20,93,20,948,0.806400,0.791800,0.208200,0.994948,0.976935,0.791800
252,45.896000,2.037940,59.560000,1.137600,0.149883,10,5000,4074,926,4041,959,4041,4016,25,58,25,901,0.814800,0.808200,0.191800,0.993813,0.985763,0.808200
253,44.532000,2.109913,51.930000,1.410400,0.110211,10,5000,4312,688,4286,714,4286,4264,22,48,22,666,0.862400,0.857200,0.142800,0.994867,0.988868,0.857200
254,47.180000,1.964897,59.870000,1.108181,0.157369,10,5000,3712,1288,3678,1322,3678,3654,24,58,24,1264,0.742400,0.735600,0.264400,0.993475,0.984375,0.735600
255,48.136000,1.985671,53.730000,1.399027,0.188996,10,5000,4128,872,4108,892,4108,4079,29,49,29,843,0.825600,0.821600,0.178400,0.992941,0.988130,0.821600
256,47.206000,1.979055,58.140000,1.188544,0.126788,10,5000,3974,1026,3932,1068,3932,3907,25,67,25,1001,0.794800,0.786400,0.213600,0.993642,0.983140,0.786400
257,48.292000,1.922903,59.450000,1.156712,0.142221,10,5000,3702,1298,3502,1498,3502,3470,32,232,32,1266,0.740400,0.700400,0.299600,0.990862,0.937331,0.700400
258,49.918000,1.850943,57.820000,1.197324,0.099779,10,5000,4102,898,3886,1114,3886,3871,15,231,15,883,0.820400,0.777200,0.222800,0.996140,0.943686,0.777200
259,49.400000,1.893798,59.880000,1.171613,0.137743,10,5000,4088,912,4019,981,4019,3996,23,92,23,889,0.817600,0.803800,0.196200,0.994277,0.977495,0.803800
260,49.634000,1.902543,63.450000,1.060868,0.173696,10,5000,4088,912,4036,964,4036,3995,41,93,41,871,0.817600,0.807200,0.192800,0.989841,0.977250,0.807200
261,49.350000,1.990542,55.690000,1.393941,0.103107,10,5000,4062,938,4045,955,4045,4018,27,44,27,911,0.812400,0.809000,0.191000,0.993325,0.989168,0.809000
262,49.124000,1.976536,52.840000,1.419548,0.106560,10,5000,4106,894,4054,946,4054,4040,14,66,14,880,0.821200,0.810800,0.189200,0.996547,0.983926,0.810800
263,50.544000,1.879174,58.250000,1.217913,0.128940,10,5000,3974,1026,3892,1108,3892,3876,16,98,16,1010,0.794800,0.778400,0.221600,0.995889,0.975340,0.778400
264,51.276000,1.886446,59.560000,1.167668,0.136637,10,5000,3844,1156,3823,1177,3823,3793,30,51,30,1126,0.768800,0.764600,0.235400,0.992153,0.986733,0.764600
265,49.144000,1.937142,61.080000,1.129085,0.153716,10,5000,4050,950,4004,996,4004,3983,21,67,21,929,0.810000,0.800800,0.199200,0.994755,0.983457,0.800800
266,43.942000,2.080910,52.810000,1.379601,0.162094,10,5000,4068,932,4063,937,4063,4032,31,36,31,901,0.813600,0.812600,0.187400,0.992370,0.991150,0.812600
267,48.302000,1.957301,59.050000,1.168201,0.140679,10,5000,4198,802,4155,845,4155,4134,21,64,21,781,0.839600,0.831000,0.169000,0.994946,0.984755,0.831000
268,45.084000,2.155632,55.040000,1.317948,0.113368,10,5000,4114,886,4085,915,4085,4063,22,51,22,864,0.822800,0.817000,0.183000,0.994614,0.987603,0.817000
269,52.258000,1.846337,65.160000,1.008920,0.133915,10,5000,3906,1094,3875,1125,3875,3843,32,63,32,1062,0.781200,0.775000,0.225000,0.991742,0.983871,0.775000
270,52.080000,1.828111,62.080000,1.075150,0.146704,10,5000,4010,990,3976,1024,3976,3947,29,63,29,961,0.802000,0.795200,0.204800,0.992706,0.984289,0.795200
271,44.904000,2.117127,54.270000,1.310554,0.104804,10,5000,4270,730,4216,784,4216,4204,12,66,12,718,0.854000,0.843200,0.156800,0.997154,0.984543,0.843200
272,48.848000,1.947074,59.720000,1.143009,0.145298,10,5000,3936,1064,3868,1132,3868,3850,18,86,18,1046,0.787200,0.773600,0.226400,0.995346,0.978150,0.773600
273,39.460000,2.299576,45.940000,1.570864,0.172715,10,5000,4026,974,4002,998,4002,3980,22,46,22,952,0.805200,0.800400,0.199600,0.994503,0.988574,0.800400
274,42.634000,2.180583,55.200000,1.258445,0.200332,10,5000,4136,864,4060,940,4060,4028,32,108,32,832,0.827200,0.812000,0.188000,0.992118,0.973888,0.812000
275,49.138000,1.900390,57.320000,1.207694,0.099643,10,5000,4430,570,4196,804,4196,4187,9,243,9,561,0.886000,0.839200,0.160800,0.997855,0.945147,0.839200
276,46.396000,2.096460,57.480000,1.257332,0.095735,10,5000,4318,682,4277,723,4277,4266,11,52,11,671,0.863600,0.855400,0.144600,0.997428,0.987957,0.855400
277,51.150000,1.841480,58.450000,1.178397,0.203086,10,5000,4094,906,4034,966,4034,3983,51,111,51,855,0.818800,0.806800,0.193200,0.987357,0.972887,0.806800
278,48.764000,1.925305,58.340000,1.190863,0.157132,10,5000,4368,632,4275,725,4275,4266,9,102,9,623,0.873600,0.855000,0.145000,0.997895,0.976648,0.855000
279,44.696000,2.109206,52.760000,1.381524,0.165304,10,5000,4290,710,4266,734,4266,4235,31,55,31,679,0.858000,0.853200,0.146800,0.992733,0.987179,0.853200
280,49.296000,1.919247,56.570000,1.275850,0.112452,10,5000,4254,746,4197,803,4197,4179,18,75,18,728,0.850800,0.839400,0.160600,0.995711,0.982370,0.839400
281,51.170000,1.849054,60.930000,1.135005,0.096085,10,5000,3682,1318,3655,1345,3655,3631,24,51,24,1294,0.736400,0.731000,0.269000,0.993434,0.986149,0.731000
282,47.784000,2.024988,60.190000,1.189599,0.147474,10,5000,4010,990,3985,1015,3985,3951,34,59,34,956,0.802000,0.797000,0.203000,0.991468,0.985287,0.797000
283,49.430000,1.871262,55.360000,1.272597,0.193928,10,5000,4052,948,3997,1003,3997,3962,35,90,35,913,0.810400,0.799400,0.200600,0.991243,0.977789,0.799400
284,50.320000,1.893000,60.410000,1.137110,0.151650,10,5000,4072,928,4027,973,4027,4014,13,58,13,915,0.814400,0.805400,0.194600,0.996772,0.985756,0.805400
285,51.882000,1.828952,63.510000,1.038833,0.152072,10,5000,4064,936,4004,996,4004,3977,27,87,27,909,0.812800,0.800800,0.199200,0.993257,0.978593,0.800800
286,51.740000,1.901824,63.180000,1.088539,0.131561,10,5000,4002,998,3964,1036,3964,3949,15,53,15,983,0.800400,0.792800,0.207200,0.996216,0.986757,0.792800
287,47.636000,2.083159,56.890000,1.299913,0.091502,10,5000,3992,1008,3952,1048,3952,3933,19,59,19,989,0.798400,0.790400,0.209600,0.995192,0.985220,0.790400
288,43.550000,2.200018,52.150000,1.439466,0.143740,10,5000,4064,936,3844,1156,3844,3820,24,244,24,912,0.812800,0.768800,0.231200,0.993757,0.939961,0.768800
289,42.440000,2.266326,50.440000,1.476405,0.101929,10,5000,4230,770,4000,1000,4000,3984,16,246,16,754,0.846000,0.800000,0.200000,0.996000,0.941844,0.800000
290,47.126000,2.061900,50.290000,1.536505,0.105512,10,5000,3938,1062,3900,1100,3900,3880,20,58,20,1042,0.787600,0.780000,0.220000,0.994872,0.985272,0.780000
291,47.766000,1.970919,57.840000,1.144079,0.127298,10,5000,4154,846,4111,889,4111,4090,21,64,21,825,0.830800,0.822200,0.177800,0.994892,0.984593,0.822200
292,51.248000,1.859103,59.610000,1.176092,0.160095,10,5000,4114,886,4101,899,4101,4079,22,35,22,864,0.822800,0.820200,0.179800,0.994635,0.991492,0.820200
293,43.094000,2.124909,53.150000,1.347015,0.122597,10,5000,4244,756,4211,789,4211,4187,24,57,24,732,0.848800,0.842200,0.157800,0.994301,0.986569,0.842200
294,52.350000,1.870431,62.880000,1.093780,0.151613,10,5000,3982,1018,3726,1274,3726,3692,34,290,34,984,0.796400,0.745200,0.254800,0.990875,0.927172,0.745200
295,48.380000,1.990305,57.210000,1.225648,0.165406,10,5000,3704,1296,3681,1319,3681,3637,44,67,44,1252,0.740800,0.736200,0.263800,0.988047,0.981911,0.736200
296,42.798000,2.273031,48.050000,1.557151,0.111590,10,5000,3908,1092,3682,1318,3682,3654,28,254,28,1064,0.781600,0.736400,0.263600,0.992395,0.935005,0.736400
297,48.994000,1.962955,59.590000,1.146009,0.128236,10,5000,4172,828,3947,1053,3947,3918,29,254,29,799,0.834400,0.789400,0.210600,0.992653,0.939118,0.789400
298,49.294000,1.972554,57.130000,1.279814,0.145610,10,5000,4130,870,4095,905,4095,4062,33,68,33,837,0.826000,0.819000,0.181000,0.991941,0.983535,0.819000
299,50.290000,1.919990,58.460000,1.227190,0.170530,10,5000,3810,1190,3806,1194,3806,3759,47,51,47,1143,0.762000,0.761200,0.238800,0.987651,0.986614,0.761200
300,45.452000,2.145003,56.060000,1.347663,0.100460,10,5000,4194,806,4132,868,4132,4116,16,78,16,790,0.838800,0.826400,0.173600,0.996128,0.981402,0.826400
301,52.906000,1.822283,63.240000,1.048310,0.144349,10,5000,4128,872,4096,904,4096,4071,25,57,25,847,0.825600,0.819200,0.180800,0.993896,0.986192,0.819200
302,49.320000,2.001007,60.500000,1.157713,0.126359,10,5000,4174,826,4161,839,4161,4129,32,45,32,794,0.834800,0.832200,0.167800,0.992310,0.989219,0.832200
303,42.120000,2.272660,54.300000,1.337842,0.096877,10,5000,3716,1284,3703,1297,3703,3679,24,37,24,1260,0.743200,0.740600,0.259400,0.993519,0.990043,0.740600
304,48.266000,1.999007,53.110000,1.394709,0.157648,10,5000,4010,990,3988,1012,3988,3953,35,57,35,955,0.802000,0.797600,0.202400,0.991224,0.985786,0.797600
305,52.154000,1.883632,64.370000,1.040084,0.090220,10,5000,4154,846,4133,867,4133,4120,13,34,13,833,0.830800,0.826600,0.173400,0.996855,0.991815,0.826600
306,49.290000,2.006035,58.140000,1.254358,0.099719,10,5000,4270,730,4201,799,4201,4191,10,79,10,720,0.854000,0.840200,0.159800,0.997620,0.981499,0.840200
307,50.000000,1.935072,60.830000,1.138123,0.134879,10,5000,3988,1012,3945,1055,3945,3930,15,58,15,997,0.797600,0.789000,0.211000,0.996198,0.985456,0.789000
308,45.822000,2.151464,59.640000,1.181323,0.155961,10,5000,3676,1324,3630,1370,3630,3601,29,75,29,1295,0.735200,0.726000,0.274000,0.992011,0.979597,0.726000
309,42.756000,2.310292,55.450000,1.394940,0.155138,10,5000,4182,818,4131,869,4131,4112,19,70,19,799,0.836400,0.826200,0.173800,0.995401,0.983262,0.826200
310,42.856000,2.186444,58.160000,1.192671,0.215108,10,5000,3976,1024,3949,1051,3949,3922,27,54,27,997,0.795200,0.789800,0.210200,0.993163,0.986419,0.789800
311,46.880000,2.100136,53.980000,1.369295,0.121614,10,5000,3840,1160,3836,1164,3836,3799,37,41,37,1123,0.768000,0.767200,0.232800,0.990355,0.989323,0.767200
312,48.714000,2.036511,58.830000,1.231618,0.112212,10,5000,4028,972,3988,1012,3988,3964,24,64,24,948,0.805600,0.797600,0.202400,0.993982,0.984111,0.797600
313,49.608000,1.951299,59.790000,1.186222,0.214119,10,5000,3726,1274,3737,1263,3737,3685,52,41,52,1222,0.745200,0.747400,0.252600,0.986085,0.988996,0.747400
314,43.748000,2.249318,58.100000,1.256924,0.092114,10,5000,4014,986,3786,1214,3786,3764,22,250,22,964,0.802800,0.757200,0.242800,0.994189,0.937718,0.757200
315,53.004000,1.861610,64.140000,1.073384,0.116035,10,5000,4020,980,3992,1008,3992,3975,17,45,17,963,0.804000,0.798400,0.201600,0.995741,0.988806,0.798400
316,50.570000,1.930118,63.310000,1.065854,0.106234,10,5000,4198,802,4150,850,4150,4128,22,70,22,780,0.839600,0.830000,0.170000,0.994699,0.983325,0.830000
317,52.946000,1.847604,58.850000,1.211910,0.163679,10,5000,4018,982,3792,1208,3792,3747,45,271,45,937,0.803600,0.758400,0.241600,0.988133,0.932554,0.758400
318,54.086000,1.813450,63.720000,1.040355,0.076312,10,5000,4096,904,4074,926,4074,4064,10,32,10,894,0.819200,0.814800,0.185200,0.997545,0.992188,0.814800
319,51.844000,1.920396,58.880000,1.180071,0.108081,10,5000,3904,1096,3868,1132,3868,3840,28,64,28,1068,0.780800,0.773600,0.226400,0.992761,0.983607,0.773600
320,48.140000,2.034960,56.500000,1.248764,0.141403,10,5000,3858,1142,3823,1177,3823,3797,26,61,26,1116,0.771600,0.764600,0.235400,0.993199,0.984189,0.764600
321,52.048000,1.914460,64.140000,1.038723,0.129108,10,5000,3962,1038,3946,1054,3946,3917,29,45,29,1009,0.792400,0.789200,0.210800,0.992651,0.988642,0.789200
322,47.316000,2.074219,60.680000,1.163985,0.133382,10,5000,4214,786,4188,812,4188,4171,17,43,17,769,0.842800,0.837600,0.162400,0.995941,0.989796,0.837600
323,51.160000,1.921903,56.770000,1.270946,0.102448,10,5000,4164,836,4116,884,4116,4099,17,65,17,819,0.832800,0.823200,0.176800,0.995870,0.984390,0.823200
324,52.994000,1.846747,62.080000,1.118266,0.121271,10,5000,4178,822,4105,895,4105,4083,22,95,22,800,0.835600,0.821000,0.179000,0.994641,0.977262,0.821000
325,50.850000,1.948039,56.980000,1.290511,0.106284,10,5000,3784,1216,3733,1267,3733,3707,26,77,26,1190,0.756800,0.746600,0.253400,0.993035,0.979651,0.746600
326,46.564000,2.110228,56.600000,1.262439,0.085254,10,5000,3914,1086,3882,1118,3882,3871,11,43,11,1075,0.782800,0.776400,0.223600,0.997166,0.989014,0.776400
327,50.616000,1.947112,57.230000,1.257771,0.121422,10,5000,4014,986,3815,1185,3815,3775,40,239,40,946,0.802800,0.763000,0.237000,0.989515,0.940458,0.763000
328,48.546000,2.037644,53.180000,1.444648,0.099889,10,5000,4300,700,4274,726,4274,4260,14,40,14,686,0.860000,0.854800,0.145200,0.996724,0.990698,0.854800
329,50.744000,1.952043,60.290000,1.183998,0.120831,10,5000,3798,1202,3759,1241,3759,3725,34,73,34,1168,0.759600,0.751800,0.248200,0.990955,0.980779,0.751800
330,46.494000,2.159595,55.110000,1.377868,0.112364,10,5000,3834,1166,3615,1385,3615,3589,26,245,26,1140,0.766800,0.723000,0.277000,0.992808,0.936098,0.723000
331,47.458000,2.114353,55.330000,1.393089,0.105347,10,5000,3962,1038,3945,1055,3945,3919,26,43,26,1012,0.792400,0.789000,0.211000,0.993409,0.989147,0.789000
332,50.006000,1.959305,65.080000,0.996458,0.149752,10,5000,4196,804,4061,939,4061,4043,18,153,18,786,0.839200,0.812200,0.187800,0.995568,0.963537,0.812200
333,49.726000,1.974836,57.890000,1.232925,0.118662,10,5000,3892,1108,3878,1122,3878,3847,31,45,31,1077,0.778400,0.775600,0.224400,0.992006,0.988438,0.775600
334,51.312000,1.894388,61.170000,1.119083,0.171901,10,5000,3768,1232,3742,1258,3742,3699,43,69,43,1189,0.753600,0.748400,0.251600,0.988509,0.981688,0.748400
335,51.976000,1.901268,60.290000,1.153081,0.093840,10,5000,4014,986,3789,1211,3789,3762,27,252,27,959,0.802800,0.757800,0.242200,0.992874,0.937220,0.757800
336,50.694000,1.906488,59.090000,1.200701,0.157247,10,5000,4054,946,4047,953,4047,4008,39,46,39,907,0.810800,0.809400,0.190600,0.990363,0.988653,0.809400
337,49.218000,1.984356,58.510000,1.187986,0.139976,10,5000,3908,1092,3914,1086,3914,3880,34,28,34,1058,0.781600,0.782800,0.217200,0.991313,0.992835,0.782800
338,51.014000,1.937705,59.250000,1.208596,0.126295,10,5000,4152,848,4105,895,4105,4082,23,70,23,825,0.830400,0.821000,0.179000,0.994397,0.983141,0.821000
339,46.586000,2.160428,59.080000,1.193573,0.128584,10,5000,4046,954,4013,987,4013,3997,16,49,16,938,0.809200,0.802600,0.197400,0.996013,0.987889,0.802600
340,51.832000,1.933421,58.050000,1.270498,0.134908,10,5000,3950,1050,3932,1068,3932,3908,24,42,24,1026,0.790000,0.786400,0.213600,0.993896,0.989367,0.786400
341,49.540000,2.024108,59.650000,1.177639,0.097337,10,5000,3974,1026,3953,1047,3953,3939,14,35,14,1012,0.794800,0.790600,0.209400,0.996458,0.991193,0.790600
342,39.568000,2.598973,48.690000,1.602011,0.118383,10,5000,4088,912,3854,1146,3854,3821,33,267,33,879,0.817600,0.770800,0.229200,0.991437,0.934687,0.770800
343,49.812000,2.013548,59.740000,1.191512,0.105575,10,5000,4232,768,4222,778,4222,4199,23,33,23,745,0.846400,0.844400,0.155600,0.994552,0.992202,0.844400
344,51.596000,1.924639,59.820000,1.212231,0.188889,10,5000,4268,732,4262,738,4262,4220,42,48,42,690,0.853600,0.852400,0.147600,0.990145,0.988754,0.852400
345,46.710000,2.093984,57.560000,1.266757,0.104259,10,5000,3908,1092,3693,1307,3693,3665,28,243,28,1064,0.781600,0.738600,0.261400,0.992418,0.937820,0.738600
346,52.062000,1.919605,58.430000,1.238506,0.104946,10,5000,4200,800,4180,820,4180,4154,26,46,26,774,0.840000,0.836000,0.164000,0.993780,0.989048,0.836000
347,49.652000,2.025145,60.650000,1.132915,0.118683,10,5000,4010,990,3988,1012,3988,3965,23,45,23,967,0.802000,0.797600,0.202400,0.994233,0.988778,0.797600
348,53.534000,1.863991,60.580000,1.140057,0.101931,10,5000,3934,1066,3714,1286,3714,3689,25,245,25,1041,0.786800,0.742800,0.257200,0.993269,0.937722,0.742800
349,53.818000,1.873930,62.410000,1.134664,0.145559,10,5000,4256,744,4203,797,4203,4169,34,87,34,710,0.851200,0.840600,0.159400,0.991911,0.979558,0.840600
350,54.264000,1.870911,62.530000,1.111408,0.106838,10,5000,4070,930,4038,962,4038,4013,25,57,25,905,0.814000,0.807600,0.192400,0.993809,0.985995,0.807600
351,52.378000,1.933963,58.830000,1.280209,0.090942,10,5000,3972,1028,3947,1053,3947,3932,15,40,15,1013,0.794400,0.789400,0.210600,0.996200,0.989930,0.789400
352,49.142000,2.067860,55.880000,1.344638,0.133994,10,5000,3824,1176,3781,1219,3781,3750,31,74,31,1145,0.764800,0.756200,0.243800,0.991801,0.980649,0.756200
353,51.520000,1.895562,56.390000,1.286779,0.145057,10,5000,3986,1014,3761,1239,3761,3738,23,248,23,991,0.797200,0.752200,0.247800,0.993885,0.937782,0.752200
354,50.802000,1.928108,60.380000,1.124087,0.112447,10,5000,4002,998,3981,1019,3981,3958,23,44,23,975,0.800400,0.796200,0.203800,0.994223,0.989005,0.796200
355,42.668000,2.281773,52.140000,1.360706,0.109553,10,5000,3916,1084,3881,1119,3881,3866,15,50,15,1069,0.783200,0.776200,0.223800,0.996135,0.987232,0.776200
356,47.398000,2.115391,59.030000,1.206034,0.091667,10,5000,4086,914,3853,1147,3853,3831,22,255,22,892,0.817200,0.770600,0.229400,0.994290,0.937592,0.770600
357,53.168000,1.879317,59.880000,1.152887,0.091222,10,5000,3952,1048,3941,1059,3941,3922,19,30,19,1029,0.790400,0.788200,0.211800,0.995179,0.992409,0.788200
358,54.876000,1.849613,62.070000,1.115431,0.155748,10,5000,4048,952,4017,983,4017,3983,34,65,34,918,0.809600,0.803400,0.196600,0.991536,0.983943,0.803400
359,51.278000,1.984161,61.810000,1.134453,0.119643,10,5000,4114,886,4091,909,4091,4074,17,40,17,869,0.822800,0.818200,0.181800,0.995845,0.990277,0.818200
360,48.226000,2.092558,63.020000,1.113166,0.117230,10,5000,3708,1292,3669,1331,3669,3641,28,67,28,1264,0.741600,0.733800,0.266200,0.992368,0.981931,0.733800
361,52.606000,1.945160,59.360000,1.225662,0.133706,10,5000,3996,1004,3977,1023,3977,3953,24,43,24,980,0.799200,0.795400,0.204600,0.993965,0.989239,0.795400
362,51.102000,1.983744,62.440000,1.083921,0.098358,10,5000,3994,1006,3955,1045,3955,3944,11,50,11,995,0.798800,0.791000,0.209000,0.997219,0.987481,0.791000
363,48.378000,2.105995,58.150000,1.241866,0.082996,10,5000,3946,1054,3931,1069,3931,3916,15,30,15,1039,0.789200,0.786200,0.213800,0.996184,0.992397,0.786200
364,47.416000,2.135011,62.050000,1.114719,0.136859,10,5000,4044,956,4033,967,4033,4003,30,41,30,926,0.808800,0.806600,0.193400,0.992561,0.989862,0.806600
365,51.880000,1.910754,58.560000,1.194845,0.146253,10,5000,4368,632,4329,671,4329,4318,11,50,11,621,0.873600,0.865800,0.134200,0.997459,0.988553,0.865800
366,47.874000,2.044984,52.960000,1.360412,0.132772,10,5000,4144,856,4135,865,4135,4096,39,48,39,817,0.828800,0.827000,0.173000,0.990568,0.988417,0.827000
367,52.642000,1.869545,57.500000,1.221017,0.148476,10,5000,3888,1112,3880,1120,3880,3846,34,42,34,1078,0.777600,0.776000,0.224000,0.991237,0.989198,0.776000
368,54.378000,1.871334,62.960000,1.097652,0.123697,10,5000,3696,1304,3691,1309,3691,3661,30,35,30,1274,0.739200,0.738200,0.261800,0.991872,0.990530,0.738200
369,46.280000,2.106018,51.900000,1.427426,0.128270,10,5000,3838,1162,3812,1188,3812,3785,27,53,27,1135,0.767600,0.762400,0.237600,0.992917,0.986191,0.762400
370,55.490000,1.821000,63.680000,1.061201,0.118179,10,5000,4080,920,4048,952,4048,4029,19,51,19,901,0.816000,0.809600,0.190400,0.995306,0.987500,0.809600
371,53.008000,1.956474,59.200000,1.268134,0.096234,10,5000,4160,840,4142,858,4142,4127,15,33,15,825,0.832000,0.828400,0.171600,0.996379,0.992067,0.828400
372,52.324000,1.971376,61.720000,1.169149,0.093661,10,5000,3986,1014,3977,1023,3977,3951,26,35,26,988,0.797200,0.795400,0.204600,0.993462,0.991219,0.795400
373,54.138000,1.856890,61.790000,1.145454,0.096355,10,5000,3654,1346,3654,1346,3654,3618,36,36,36,1310,0.730800,0.730800,0.269200,0.990148,0.990148,0.730800
374,52.224000,1.895803,58.950000,1.195970,0.158619,10,5000,3828,1172,3845,1155,3845,3793,52,35,52,1120,0.765600,0.769000,0.231000,0.986476,0.990857,0.769000
375,47.910000,2.074749,59.040000,1.198260,0.153786,10,5000,4240,760,4218,782,4218,4204,14,36,14,746,0.848000,0.843600,0.156400,0.996681,0.991509,0.843600
376,50.112000,1.961594,53.070000,1.386287,0.107555,10,5000,3910,1090,3908,1092,3908,3876,32,34,32,1058,0.782000,0.781600,0.218400,0.991812,0.991304,0.781600
377,52.932000,1.903432,61.800000,1.113044,0.130483,10,5000,3874,1126,3830,1170,3830,3813,17,61,17,1109,0.774800,0.766000,0.234000,0.995561,0.984254,0.766000
378,51.102000,2.014141,57.350000,1.278844,0.135403,10,5000,3906,1094,3897,1103,3897,3854,43,52,43,1051,0.781200,0.779400,0.220600,0.988966,0.986687,0.779400
379,53.786000,1.925858,61.030000,1.196314,0.103200,10,5000,3914,1086,3907,1093,3907,3881,26,33,26,1060,0.782800,0.781400,0.218600,0.993345,0.991569,0.781400
380,47.024000,2.151952,50.530000,1.545882,0.061089,10,5000,4122,878,4109,891,4109,4097,12,25,12,866,0.824400,0.821800,0.178200,0.997080,0.993935,0.821800
381,51.170000,1.986400,60.110000,1.198640,0.082249,10,5000,3790,1210,3776,1224,3776,3754,22,36,22,1188,0.758000,0.755200,0.244800,0.994174,0.990501,0.755200
382,48.424000,2.145097,60.040000,1.178675,0.100556,10,5000,4004,996,3977,1023,3977,3966,11,38,11,985,0.800800,0.795400,0.204600,0.997234,0.990509,0.795400
383,45.686000,2.370731,56.690000,1.334514,0.058055,10,5000,3830,1170,3811,1189,3811,3803,8,27,8,1162,0.766000,0.762200,0.237800,0.997901,0.992950,0.762200
384,49.700000,2.108407,57.860000,1.325601,0.126499,10,5000,4088,912,4076,924,4076,4047,29,41,29,883,0.817600,0.815200,0.184800,0.992885,0.989971,0.815200
385,52.294000,2.013669,56.410000,1.388035,0.096091,10,5000,4324,676,4301,699,4301,4289,12,35,12,664,0.864800,0.860200,0.139800,0.997210,0.991906,0.860200
386,47.894000,2.113472,58.140000,1.245859,0.125762,10,5000,3904,1096,3869,1131,3869,3845,24,59,24,1072,0.780800,0.773800,0.226200,0.993797,0.984887,0.773800
387,52.824000,1.944052,63.170000,1.078214,0.101496,10,5000,4060,940,4048,952,4048,4030,18,30,18,922,0.812000,0.809600,0.190400,0.995553,0.992611,0.809600
388,48.994000,2.066346,58.110000,1.237877,0.130715,10,5000,3738,1262,3714,1286,3714,3689,25,49,25,1237,0.747600,0.742800,0.257200,0.993269,0.986891,0.742800
389,46.246000,2.196087,53.990000,1.363379,0.116818,10,5000,3880,1120,3845,1155,3845,3814,31,66,31,1089,0.776000,0.769000,0.231000,0.991938,0.982990,0.769000
390,53.012000,1.957531,61.910000,1.163656,0.091101,10,5000,4066,934,4038,962,4038,4026,12,40,12,922,0.813200,0.807600,0.192400,0.997028,0.990162,0.807600
391,52.342000,1.933762,63.220000,1.078303,0.145940,10,5000,4090,910,4090,910,4090,4060,30,30,30,880,0.818000,0.818000,0.182000,0.992665,0.992665,0.818000
392,50.626000,2.034159,59.510000,1.192948,0.056944,10,5000,4176,824,3962,1038,3962,3951,11,225,11,813,0.835200,0.792400,0.207600,0.997224,0.946121,0.792400
393,51.180000,1.915590,59.800000,1.162962,0.187689,10,5000,3876,1124,3857,1143,3857,3825,32,51,32,1092,0.775200,0.771400,0.228600,0.991703,0.986842,0.771400
394,55.138000,1.819333,64.430000,1.016858,0.143912,10,5000,4034,966,4012,988,4012,3990,22,44,22,944,0.806800,0.802400,0.197600,0.994516,0.989093,0.802400
395,52.276000,1.901211,62.700000,1.059242,0.098905,10,5000,3768,1232,3755,1245,3755,3726,29,42,29,1203,0.753600,0.751000,0.249000,0.992277,0.988854,0.751000
396,54.144000,1.847633,60.730000,1.128552,0.093937,10,5000,4258,742,4045,955,4045,4021,24,237,24,718,0.851600,0.809000,0.191000,0.994067,0.944340,0.809000
397,55.368000,1.839572,63.980000,1.065748,0.122413,10,5000,4008,992,3788,1212,3788,3753,35,255,35,957,0.801600,0.757600,0.242400,0.990760,0.936377,0.757600
398,51.620000,1.991819,59.610000,1.177316,0.116622,10,5000,3942,1058,3896,1104,3896,3864,32,78,32,1026,0.788400,0.779200,0.220800,0.991786,0.980213,0.779200
399,52.270000,1.989409,60.310000,1.186142,0.100352,10,5000,3896,1104,3889,1111,3889,3865,24,31,24,1080,0.779200,0.777800,0.222200,0.993829,0.992043,0.777800
400,46.088000,2.211563,50.770000,1.490581,0.116871,10,5000,3932,1068,3893,1107,3893,3866,27,66,27,1041,0.786400,0.778600,0.221400,0.993064,0.983215,0.778600
401,52.146000,1.983611,63.980000,1.054765,0.162159,10,5000,3824,1176,3804,1196,3804,3771,33,53,33,1143,0.764800,0.760800,0.239200,0.991325,0.986140,0.760800
402,50.112000,2.021432,60.030000,1.151223,0.100251,10,5000,4054,946,4049,951,4049,4026,23,28,23,923,0.810800,0.809800,0.190200,0.994320,0.993093,0.809800
403,49.752000,2.054680,60.990000,1.136870,0.102344,10,5000,4142,858,4089,911,4089,4067,22,75,22,836,0.828400,0.817800,0.182200,0.994620,0.981893,0.817800
404,51.746000,1.980426,57.700000,1.279969,0.093406,10,5000,3894,1106,3878,1122,3878,3856,22,38,22,1084,0.778800,0.775600,0.224400,0.994327,0.990241,0.775600
405,55.042000,1.834823,64.330000,1.040826,0.112437,10,5000,4194,806,3797,1203,3797,3771,26,423,26,780,0.838800,0.759400,0.240600,0.993152,0.899142,0.759400
406,51.438000,1.999901,56.970000,1.319675,0.061733,10,5000,4038,962,4021,979,4021,4011,10,27,10,952,0.807600,0.804200,0.195800,0.997513,0.993314,0.804200
407,55.178000,1.871739,68.280000,0.901873,0.108725,10,5000,4202,798,4154,846,4154,4136,18,66,18,780,0.840400,0.830800,0.169200,0.995667,0.984293,0.830800
408,43.654000,2.137857,56.100000,1.285594,0.145213,10,5000,4174,826,4125,875,4125,4111,14,63,14,812,0.834800,0.825000,0.175000,0.996606,0.984907,0.825000
409,53.250000,1.896491,57.190000,1.283656,0.100137,10,5000,4016,984,4000,1000,4000,3977,23,39,23,961,0.803200,0.800000,0.200000,0.994250,0.990289,0.800000
410,50.878000,2.020542,58.780000,1.220749,0.100292,10,5000,4180,820,4144,856,4144,4133,11,47,11,809,0.836000,0.828800,0.171200,0.997346,0.988756,0.828800
411,51.182000,2.022717,58.130000,1.270820,0.159798,10,5000,4066,934,4067,933,4067,4029,38,37,38,896,0.813200,0.813400,0.186600,0.990657,0.990900,0.813400
412,51.624000,1.966890,59.780000,1.155014,0.132424,10,5000,4032,968,4001,999,4001,3978,23,54,23,945,0.806400,0.800200,0.199800,0.994251,0.986607,0.800200
413,54.944000,1.880523,61.990000,1.119274,0.109550,10,5000,3832,1168,3787,1213,3787,3765,22,67,22,1146,0.766400,0.757400,0.242600,0.994191,0.982516,0.757400
414,49.468000,2.102187,57.930000,1.230040,0.098286,10,5000,4050,950,4025,975,4025,4000,25,50,25,925,0.810000,0.805000,0.195000,0.993789,0.987654,0.805000
415,54.562000,1.883629,60.480000,1.150094,0.100600,10,5000,3792,1208,3776,1224,3776,3750,26,42,26,1182,0.758400,0.755200,0.244800,0.993114,0.988924,0.755200
416,50.656000,2.055784,59.360000,1.215951,0.084578,10,5000,3874,1126,3859,1141,3859,3840,19,34,19,1107,0.774800,0.771800,0.228200,0.995076,0.991224,0.771800
417,53.876000,1.916403,62.770000,1.128297,0.096173,10,5000,4116,884,4114,886,4114,4094,20,22,20,864,0.823200,0.822800,0.177200,0.995139,0.994655,0.822800
418,56.078000,1.840469,65.510000,1.025754,0.116686,10,5000,3892,1108,3856,1144,3856,3832,24,60,24,1084,0.778400,0.771200,0.228800,0.993776,0.984584,0.771200
419,54.226000,1.911789,62.740000,1.092469,0.085909,10,5000,4078,922,4060,940,4060,4037,23,41,23,899,0.815600,0.812000,0.188000,0.994335,0.989946,0.812000
420,52.216000,1.982668,62.440000,1.087619,0.147230,10,5000,3938,1062,3923,1077,3923,3889,34,49,34,1028,0.787600,0.784600,0.215400,0.991333,0.987557,0.784600
421,50.728000,2.066089,59.590000,1.209888,0.079787,10,5000,3932,1068,3904,1096,3904,3888,16,44,16,1052,0.786400,0.780800,0.219200,0.995902,0.988810,0.780800
422,53.296000,1.956688,57.750000,1.297589,0.083902,10,5000,4096,904,4065,935,4065,4046,19,50,19,885,0.819200,0.813000,0.187000,0.995326,0.987793,0.813000
423,42.866000,2.431834,57.180000,1.276969,0.108193,10,5000,3738,1262,3706,1294,3706,3686,20,52,20,1242,0.747600,0.741200,0.258800,0.994603,0.986089,0.741200
424,51.054000,2.017099,61.100000,1.147533,0.118956,10,5000,4076,924,4021,979,4021,3993,28,83,28,896,0.815200,0.804200,0.195800,0.993037,0.979637,0.804200
425,54.540000,1.894092,61.380000,1.160528,0.120899,10,5000,4068,932,4080,920,4080,4043,37,25,37,895,0.813600,0.816000,0.184000,0.990931,0.993854,0.816000
426,54.926000,1.897923,63.520000,1.076941,0.089647,10,5000,3884,1116,3857,1143,3857,3837,20,47,20,1096,0.776800,0.771400,0.228600,0.994815,0.987899,0.771400
427,52.636000,1.955459,63.760000,1.052907,0.092606,10,5000,4064,936,4045,955,4045,4028,17,36,17,919,0.812800,0.809000,0.191000,0.995797,0.991142,0.809000
428,51.312000,2.044113,59.720000,1.212633,0.071235,10,5000,3660,1340,3666,1334,3666,3641,25,19,25,1315,0.732000,0.733200,0.266800,0.993181,0.994809,0.733200
429,50.942000,2.070777,62.430000,1.126650,0.084538,10,5000,3780,1220,3772,1228,3772,3748,24,32,24,1196,0.756000,0.754400,0.245600,0.993637,0.991534,0.754400
430,46.628000,2.264398,53.950000,1.402451,0.119856,10,5000,4058,942,3857,1143,3857,3830,27,228,27,915,0.811600,0.771400,0.228600,0.993000,0.943815,0.771400
431,46.944000,2.308017,53.450000,1.433813,0.112121,10,5000,4114,886,4073,927,4073,4049,24,65,24,862,0.822800,0.814600,0.185400,0.994108,0.984200,0.814600
432,53.524000,1.960406,57.650000,1.293989,0.087639,10,5000,3846,1154,3821,1179,3821,3803,18,43,18,1136,0.769200,0.764200,0.235800,0.995289,0.988820,0.764200
433,49.924000,2.021971,62.370000,1.098132,0.162985,10,5000,3714,1286,3694,1306,3694,3665,29,49,29,1257,0.742800,0.738800,0.261200,0.992149,0.986807,0.738800
434,48.488000,2.151498,61.370000,1.129556,0.087116,10,5000,4444,556,4396,604,4396,4385,11,59,11,545,0.888800,0.879200,0.120800,0.997498,0.986724,0.879200
435,42.450000,2.458870,53.380000,1.415018,0.109192,10,5000,3712,1288,3337,1663,3337,3309,28,403,28,1260,0.742400,0.667400,0.332600,0.991609,0.891433,0.667400
436,53.548000,1.950596,61.070000,1.147004,0.110508,10,5000,3936,1064,3918,1082,3918,3903,15,33,15,1049,0.787200,0.783600,0.216400,0.996172,0.991616,0.783600
437,50.046000,2.034154,60.180000,1.130430,0.122970,10,5000,4048,952,4019,981,4019,3993,26,55,26,926,0.809600,0.803800,0.196200,0.993531,0.986413,0.803800
438,50.418000,2.069742,60.090000,1.188645,0.075232,10,5000,3930,1070,3924,1076,3924,3901,23,29,23,1047,0.786000,0.784800,0.215200,0.994139,0.992621,0.784800
439,52.732000,2.004853,59.890000,1.260689,0.082246,10,5000,4420,580,4410,590,4410,4395,15,25,15,565,0.884000,0.882000,0.118000,0.996599,0.994344,0.882000
440,52.012000,1.999834,54.840000,1.380664,0.055587,10,5000,4268,732,4229,771,4229,4224,5,44,5,727,0.853600,0.845800,0.154200,0.998818,0.989691,0.845800
441,50.920000,2.044787,60.270000,1.207754,0.093031,10,5000,3870,1130,3864,1136,3864,3837,27,33,27,1103,0.774000,0.772800,0.227200,0.993012,0.991473,0.772800
442,55.354000,1.885686,60.650000,1.176429,0.095037,10,5000,3782,1218,3771,1229,3771,3743,28,39,28,1190,0.756400,0.754200,0.245800,0.992575,0.989688,0.754200
443,50.130000,2.065062,58.630000,1.253066,0.136015,10,5000,4016,984,3982,1018,3982,3958,24,58,24,960,0.803200,0.796400,0.203600,0.993973,0.985558,0.796400
444,51.502000,2.002607,62.030000,1.137475,0.128340,10,5000,4086,914,4053,947,4053,4030,23,56,23,891,0.817200,0.810600,0.189400,0.994325,0.986295,0.810600
445,49.428000,2.056175,58.250000,1.259636,0.183409,10,5000,3878,1122,3853,1147,3853,3829,24,49,24,1098,0.775600,0.770600,0.229400,0.993771,0.987365,0.770600
446,52.862000,1.988019,60.450000,1.176956,0.105475,10,5000,4098,902,4063,937,4063,4044,19,54,19,883,0.819600,0.812600,0.187400,0.995324,0.986823,0.812600
447,46.636000,2.222519,51.490000,1.430880,0.106389,10,5000,3932,1068,3749,1251,3749,3710,39,222,39,1029,0.786400,0.749800,0.250200,0.989597,0.943540,0.749800
448,46.798000,2.217750,54.880000,1.334982,0.091877,10,5000,3834,1166,3814,1186,3814,3793,21,41,21,1145,0.766800,0.762800,0.237200,0.994494,0.989306,0.762800
449,54.546000,1.912686,59.860000,1.232822,0.104589,10,5000,4404,596,4394,606,4394,4379,15,25,15,581,0.880800,0.878800,0.121200,0.996586,0.994323,0.878800
450,52.444000,2.003231,62.450000,1.075712,0.118890,10,5000,4094,906,4087,913,4087,4067,20,27,20,886,0.818800,0.817400,0.182600,0.995106,0.993405,0.817400
451,44.832000,2.259406,49.920000,1.554907,0.073580,10,5000,4010,990,3991,1009,3991,3971,20,39,20,970,0.802000,0.798200,0.201800,0.994989,0.990274,0.798200
452,48.232000,2.108335,58.050000,1.206036,0.109746,10,5000,4132,868,4097,903,4097,4080,17,52,17,851,0.826400,0.819400,0.180600,0.995851,0.987415,0.819400
453,51.726000,1.988281,62.720000,1.093034,0.149177,10,5000,4012,988,3989,1011,3989,3964,25,48,25,963,0.802400,0.797800,0.202200,0.993733,0.988036,0.797800
454,45.730000,2.222719,60.200000,1.151505,0.105341,10,5000,3914,1086,3911,1089,3911,3886,25,28,25,1061,0.782800,0.782200,0.217800,0.993608,0.992846,0.782200
455,51.730000,1.982058,61.150000,1.161259,0.095830,10,5000,4130,870,4107,893,4107,4090,17,40,17,853,0.826000,0.821400,0.178600,0.995861,0.990315,0.821400
456,55.288000,1.903953,64.230000,1.060338,0.081791,10,5000,4014,986,3994,1006,3994,3980,14,34,14,972,0.802800,0.798800,0.201200,0.996495,0.991530,0.798800
457,55.034000,1.887541,63.440000,1.058356,0.127568,10,5000,4168,832,4153,847,4153,4127,26,41,26,806,0.833600,0.830600,0.169400,0.993739,0.990163,0.830600
458,54.398000,1.897496,64.090000,1.038473,0.103114,10,5000,3832,1168,3643,1357,3643,3610,33,222,33,1135,0.766400,0.728600,0.271400,0.990942,0.942067,0.728600
459,56.236000,1.891423,64.360000,1.063400,0.088331,10,5000,4070,930,4045,955,4045,4028,17,42,17,913,0.814000,0.809000,0.191000,0.995797,0.989681,0.809000
460,56.176000,1.909935,65.910000,1.020141,0.088326,10,5000,4154,846,4139,861,4139,4122,17,32,17,829,0.830800,0.827800,0.172200,0.995893,0.992297,0.827800
461,51.300000,2.080801,58.130000,1.329048,0.096180,10,5000,4214,786,4185,815,4185,4170,15,44,15,771,0.842800,0.837000,0.163000,0.996416,0.989559,0.837000
462,53.578000,2.017271,61.580000,1.178345,0.091012,10,5000,4282,718,4072,928,4072,4055,17,227,17,701,0.856400,0.814400,0.185600,0.995825,0.946987,0.814400
463,52.678000,2.017617,60.560000,1.208454,0.121120,10,5000,4104,896,4107,893,4107,4074,33,30,33,863,0.820800,0.821400,0.178600,0.991965,0.992690,0.821400
464,51.768000,2.093000,62.100000,1.155556,0.087213,10,5000,4156,844,4137,863,4137,4112,25,44,25,819,0.831200,0.827400,0.172600,0.993957,0.989413,0.827400
465,52.398000,2.030524,60.200000,1.192974,0.091595,10,5000,3742,1258,3718,1282,3718,3691,27,51,27,1231,0.748400,0.743600,0.256400,0.992738,0.986371,0.743600
466,55.836000,1.898009,63.690000,1.082579,0.091816,10,5000,4080,920,4059,941,4059,4042,17,38,17,903,0.816000,0.811800,0.188200,0.995812,0.990686,0.811800
467,47.808000,2.265706,59.180000,1.244209,0.086070,10,5000,4164,836,4124,876,4124,4112,12,52,12,824,0.832800,0.824800,0.175200,0.997090,0.987512,0.824800
468,55.236000,1.907662,60.910000,1.135827,0.097393,10,5000,4042,958,4017,983,4017,3997,20,45,20,938,0.808400,0.803400,0.196600,0.995021,0.988867,0.803400
469,50.548000,2.113142,59.790000,1.191345,0.100478,10,5000,4136,864,4101,899,4101,4077,24,59,24,840,0.827200,0.820200,0.179800,0.994148,0.985735,0.820200
470,51.638000,2.055744,61.810000,1.164670,0.092359,10,5000,4098,902,4076,924,4076,4058,18,40,18,884,0.819600,0.815200,0.184800,0.995584,0.990239,0.815200
471,52.410000,1.984299,61.750000,1.147004,0.092928,10,5000,4026,974,3816,1184,3816,3793,23,233,23,951,0.805200,0.763200,0.236800,0.993973,0.942126,0.763200
472,53.990000,1.955945,63.280000,1.110428,0.062032,10,5000,4022,978,4021,979,4021,4006,15,16,15,963,0.804400,0.804200,0.195800,0.996270,0.996022,0.804200
473,50.342000,2.083413,59.670000,1.212913,0.115923,10,5000,3994,1006,3954,1046,3954,3927,27,67,27,979,0.798800,0.790800,0.209200,0.993171,0.983225,0.790800
474,51.444000,2.093899,58.020000,1.345735,0.084115,10,5000,3896,1104,3894,1106,3894,3872,22,24,22,1082,0.779200,0.778800,0.221200,0.994350,0.993840,0.778800
475,53.468000,1.977396,62.230000,1.111021,0.106823,10,5000,4164,836,4150,850,4150,4132,18,32,18,818,0.832800,0.830000,0.170000,0.995663,0.992315,0.830000
476,56.350000,1.883731,65.490000,1.025999,0.071072,10,5000,3918,1082,3740,1260,3740,3712,28,206,28,1054,0.783600,0.748000,0.252000,0.992513,0.947422,0.748000
477,52.150000,2.042295,62.240000,1.122905,0.102752,10,5000,4010,990,3978,1022,3978,3952,26,58,26,964,0.802000,0.795600,0.204400,0.993464,0.985536,0.795600
478,53.326000,1.995920,59.420000,1.228114,0.091921,10,5000,4096,904,4077,923,4077,4061,16,35,16,888,0.819200,0.815400,0.184600,0.996076,0.991455,0.815400
479,49.130000,2.202520,59.170000,1.244074,0.134499,10,5000,4174,826,4183,817,4183,4149,34,25,34,792,0.834800,0.836600,0.163400,0.991872,0.994011,0.836600
480,52.808000,2.021719,57.050000,1.324564,0.101843,10,5000,4074,926,4070,930,4070,4036,34,38,34,892,0.814800,0.814000,0.186000,0.991646,0.990673,0.814000
481,48.364000,2.256069,58.890000,1.240540,0.117319,10,5000,3972,1028,3963,1037,3963,3942,21,30,21,1007,0.794400,0.792600,0.207400,0.994701,0.992447,0.792600
482,55.456000,1.916141,64.410000,1.043172,0.145809,10,5000,4278,722,4265,735,4265,4247,18,31,18,704,0.855600,0.853000,0.147000,0.995780,0.992754,0.853000
483,51.648000,2.036964,59.070000,1.214373,0.115927,10,5000,4012,988,3990,1010,3990,3962,28,50,28,960,0.802400,0.798000,0.202000,0.992982,0.987537,0.798000
484,49.874000,2.153613,60.420000,1.217185,0.115070,10,5000,3884,1116,3863,1137,3863,3838,25,46,25,1091,0.776800,0.772600,0.227400,0.993528,0.988157,0.772600
485,47.780000,2.202048,57.360000,1.245703,0.094098,10,5000,3970,1030,3738,1262,3738,3725,13,245,13,1017,0.794000,0.747600,0.252400,0.996522,0.938287,0.747600
486,55.394000,1.893790,60.680000,1.176906,0.113704,10,5000,4000,1000,3816,1184,3816,3795,21,205,21,979,0.800000,0.763200,0.236800,0.994497,0.948750,0.763200
487,54.286000,1.983995,63.880000,1.086438,0.090508,10,5000,3994,1006,3967,1033,3967,3955,12,39,12,994,0.798800,0.793400,0.206600,0.996975,0.990235,0.793400
488,52.780000,1.991190,62.450000,1.116212,0.105316,10,5000,3758,1242,3694,1306,3694,3666,28,92,28,1214,0.751600,0.738800,0.261200,0.992420,0.975519,0.738800
489,56.674000,1.888876,63.650000,1.078953,0.088381,10,5000,3800,1200,3631,1369,3631,3600,31,200,31,1169,0.760000,0.726200,0.273800,0.991462,0.947368,0.726200
490,55.978000,1.901129,63.120000,1.074413,0.073417,10,5000,3976,1024,3958,1042,3958,3941,17,35,17,1007,0.795200,0.791600,0.208400,0.995705,0.991197,0.791600
491,54.950000,1.925784,63.680000,1.089926,0.111788,10,5000,4086,914,4035,965,4035,4011,24,75,24,890,0.817200,0.807000,0.193000,0.994052,0.981645,0.807000
492,50.732000,2.094146,58.080000,1.295250,0.107443,10,5000,3972,1028,3747,1253,3747,3728,19,244,19,1009,0.794400,0.749400,0.250600,0.994929,0.938570,0.749400
493,56.320000,1.882279,64.610000,1.048450,0.087532,10,5000,4210,790,4186,814,4186,4168,18,42,18,772,0.842000,0.837200,0.162800,0.995700,0.990024,0.837200
494,52.732000,1.995939,60.050000,1.176823,0.122810,10,5000,3844,1156,3810,1190,3810,3772,38,72,38,1118,0.768800,0.762000,0.238000,0.990026,0.981270,0.762000
495,56.704000,1.863582,62.280000,1.131457,0.104735,10,5000,3892,1108,3897,1103,3897,3861,36,31,36,1072,0.778400,0.779400,0.220600,0.990762,0.992035,0.779400
496,50.606000,2.144765,61.770000,1.147485,0.069504,10,5000,3868,1132,3861,1139,3861,3846,15,22,15,1117,0.773600,0.772200,0.227800,0.996115,0.994312,0.772200
497,51.138000,2.063780,59.060000,1.253001,0.113422,10,5000,4230,770,4211,789,4211,4193,18,37,18,752,0.846000,0.842200,0.157800,0.995725,0.991253,0.842200
498,54.838000,1.957078,63.290000,1.125926,0.106737,10,5000,3984,1016,3976,1024,3976,3959,17,25,17,999,0.796800,0.795200,0.204800,0.995724,0.993725,0.795200
499,54.260000,1.959338,62.290000,1.192954,0.117061,10,5000,4386,614,4375,625,4375,4346,29,40,29,585,0.877200,0.875000,0.125000,0.993371,0.990880,0.875000
