epoch,train_acc,train_loss,test_acc,test_loss,local_train_loss,selected_clients,total_count,actual_round_clean_count,actual_round_noisy_count,fedrn_clean_count,fedrn_noisy_count,train_count,actual_train_clean_count,actual_train_noisy_count,missed_clean_count,false_clean_count,correctly_excluded_noisy_count,actual_round_clean_ratio,fedrn_clean_ratio,fedrn_noisy_ratio,actual_train_clean_ratio,clean_recall,train_ratio
0,18.056000,2.614573,18.410000,2.560836,0.409702,10,5000,5000,0,5000,0,5000,5000,0,0,0,0,1.000000,1.000000,0.000000,1.000000,1.000000,1.000000
1,16.200000,2.365782,18.800000,2.277985,0.415659,10,5000,5000,0,5000,0,5000,5000,0,0,0,0,1.000000,1.000000,0.000000,1.000000,1.000000,1.000000
2,16.162000,2.381366,15.440000,2.322432,0.403540,10,5000,5000,0,5000,0,5000,5000,0,0,0,0,1.000000,1.000000,0.000000,1.000000,1.000000,1.000000
3,25.220000,2.204706,29.230000,2.081312,0.317276,10,5000,5000,0,5000,0,5000,5000,0,0,0,0,1.000000,1.000000,0.000000,1.000000,1.000000,1.000000
4,29.872000,2.277599,32.540000,2.168952,0.405559,10,5000,5000,0,5000,0,5000,5000,0,0,0,0,1.000000,1.000000,0.000000,1.000000,1.000000,1.000000
5,21.220000,2.548420,24.040000,2.336541,0.365702,10,5000,5000,0,5000,0,5000,5000,0,0,0,0,1.000000,1.000000,0.000000,1.000000,1.000000,1.000000
6,26.898000,2.044375,30.960000,1.940842,0.317718,10,5000,5000,0,5000,0,5000,5000,0,0,0,0,1.000000,1.000000,0.000000,1.000000,1.000000,1.000000
7,25.794000,2.243611,27.310000,2.138719,0.259540,10,5000,5000,0,5000,0,5000,5000,0,0,0,0,1.000000,1.000000,0.000000,1.000000,1.000000,1.000000
8,34.468000,1.921959,36.390000,1.857658,0.326190,10,5000,5000,0,5000,0,5000,5000,0,0,0,0,1.000000,1.000000,0.000000,1.000000,1.000000,1.000000
9,34.970000,1.812300,35.920000,1.778456,0.278958,10,5000,5000,0,5000,0,5000,5000,0,0,0,0,1.000000,1.000000,0.000000,1.000000,1.000000,1.000000
10,19.066000,2.547267,21.550000,2.335513,0.326829,10,5000,5000,0,5000,0,5000,5000,0,0,0,0,1.000000,1.000000,0.000000,1.000000,1.000000,1.000000
11,27.536000,2.050607,32.250000,1.889073,0.325192,10,5000,5000,0,5000,0,5000,5000,0,0,0,0,1.000000,1.000000,0.000000,1.000000,1.000000,1.000000
12,30.472000,1.921011,29.540000,1.923736,0.327227,10,5000,5000,0,5000,0,5000,5000,0,0,0,0,1.000000,1.000000,0.000000,1.000000,1.000000,1.000000
13,29.158000,1.894613,32.500000,1.777437,0.284898,10,5000,5000,0,5000,0,5000,5000,0,0,0,0,1.000000,1.000000,0.000000,1.000000,1.000000,1.000000
14,30.438000,1.949976,31.330000,1.901510,0.278030,10,5000,5000,0,5000,0,5000,5000,0,0,0,0,1.000000,1.000000,0.000000,1.000000,1.000000,1.000000
15,24.976000,2.061766,32.290000,1.841805,0.330280,10,5000,5000,0,5000,0,5000,5000,0,0,0,0,1.000000,1.000000,0.000000,1.000000,1.000000,1.000000
16,37.872000,1.750937,40.600000,1.646191,0.264142,10,5000,5000,0,5000,0,5000,5000,0,0,0,0,1.000000,1.000000,0.000000,1.000000,1.000000,1.000000
17,35.242000,1.816163,38.650000,1.705383,0.272837,10,5000,5000,0,5000,0,5000,5000,0,0,0,0,1.000000,1.000000,0.000000,1.000000,1.000000,1.000000
18,31.550000,2.017652,36.050000,1.883412,0.241426,10,5000,5000,0,5000,0,5000,5000,0,0,0,0,1.000000,1.000000,0.000000,1.000000,1.000000,1.000000
19,37.604000,1.694333,35.080000,1.756418,0.291001,10,5000,5000,0,5000,0,5000,5000,0,0,0,0,1.000000,1.000000,0.000000,1.000000,1.000000,1.000000
20,36.220000,1.726519,42.490000,1.616962,0.288145,10,5000,5000,0,5000,0,5000,5000,0,0,0,0,1.000000,1.000000,0.000000,1.000000,1.000000,1.000000
21,41.418000,1.658426,45.630000,1.526367,0.247858,10,5000,5000,0,5000,0,5000,5000,0,0,0,0,1.000000,1.000000,0.000000,1.000000,1.000000,1.000000
22,35.872000,1.947894,35.630000,1.947073,0.233935,10,5000,5000,0,5000,0,5000,5000,0,0,0,0,1.000000,1.000000,0.000000,1.000000,1.000000,1.000000
23,39.620000,1.647175,42.800000,1.541760,0.274041,10,5000,5000,0,5000,0,5000,5000,0,0,0,0,1.000000,1.000000,0.000000,1.000000,1.000000,1.000000
24,41.540000,1.592559,44.180000,1.500504,0.241142,10,5000,5000,0,5000,0,5000,5000,0,0,0,0,1.000000,1.000000,0.000000,1.000000,1.000000,1.000000
25,40.864000,1.686276,43.760000,1.583720,0.214499,10,5000,5000,0,5000,0,5000,5000,0,0,0,0,1.000000,1.000000,0.000000,1.000000,1.000000,1.000000
26,37.312000,1.741337,41.090000,1.596636,0.348236,10,5000,5000,0,5000,0,5000,5000,0,0,0,0,1.000000,1.000000,0.000000,1.000000,1.000000,1.000000
27,40.436000,1.583823,45.520000,1.474970,0.281476,10,5000,5000,0,5000,0,5000,5000,0,0,0,0,1.000000,1.000000,0.000000,1.000000,1.000000,1.000000
28,38.682000,1.812882,40.450000,1.736384,0.239961,10,5000,5000,0,5000,0,5000,5000,0,0,0,0,1.000000,1.000000,0.000000,1.000000,1.000000,1.000000
29,45.812000,1.538278,45.400000,1.498466,0.258865,10,5000,5000,0,5000,0,5000,5000,0,0,0,0,1.000000,1.000000,0.000000,1.000000,1.000000,1.000000
30,41.134000,1.613170,40.750000,1.658716,0.253060,10,5000,5000,0,5000,0,5000,5000,0,0,0,0,1.000000,1.000000,0.000000,1.000000,1.000000,1.000000
31,43.452000,1.596604,42.090000,1.631360,0.264759,10,5000,5000,0,5000,0,5000,5000,0,0,0,0,1.000000,1.000000,0.000000,1.000000,1.000000,1.000000
32,44.130000,1.513999,46.240000,1.470763,0.290361,10,5000,5000,0,5000,0,5000,5000,0,0,0,0,1.000000,1.000000,0.000000,1.000000,1.000000,1.000000
33,42.434000,1.595608,42.780000,1.574167,0.322047,10,5000,5000,0,5000,0,5000,5000,0,0,0,0,1.000000,1.000000,0.000000,1.000000,1.000000,1.000000
34,43.522000,1.626647,45.480000,1.534814,0.190412,10,5000,5000,0,5000,0,5000,5000,0,0,0,0,1.000000,1.000000,0.000000,1.000000,1.000000,1.000000
35,40.026000,1.677971,42.960000,1.589137,0.249988,10,5000,5000,0,5000,0,5000,5000,0,0,0,0,1.000000,1.000000,0.000000,1.000000,1.000000,1.000000
36,40.114000,1.663499,44.400000,1.519318,0.242772,10,5000,5000,0,5000,0,5000,5000,0,0,0,0,1.000000,1.000000,0.000000,1.000000,1.000000,1.000000
37,39.678000,1.654636,46.630000,1.447840,0.259489,10,5000,5000,0,5000,0,5000,5000,0,0,0,0,1.000000,1.000000,0.000000,1.000000,1.000000,1.000000
38,44.052000,1.603906,46.830000,1.492590,0.220086,10,5000,5000,0,5000,0,5000,5000,0,0,0,0,1.000000,1.000000,0.000000,1.000000,1.000000,1.000000
39,42.212000,1.512010,46.650000,1.432436,0.310221,10,5000,5000,0,5000,0,5000,5000,0,0,0,0,1.000000,1.000000,0.000000,1.000000,1.000000,1.000000
40,43.030000,1.529909,46.170000,1.458602,0.258119,10,5000,5000,0,5000,0,5000,5000,0,0,0,0,1.000000,1.000000,0.000000,1.000000,1.000000,1.000000
41,42.140000,1.575558,43.450000,1.581285,0.231607,10,5000,5000,0,5000,0,5000,5000,0,0,0,0,1.000000,1.000000,0.000000,1.000000,1.000000,1.000000
42,53.910000,1.327741,55.230000,1.319437,0.195097,10,5000,5000,0,5000,0,5000,5000,0,0,0,0,1.000000,1.000000,0.000000,1.000000,1.000000,1.000000
43,39.922000,1.691695,46.500000,1.502126,0.227835,10,5000,5000,0,5000,0,5000,5000,0,0,0,0,1.000000,1.000000,0.000000,1.000000,1.000000,1.000000
44,43.590000,1.548594,47.360000,1.447496,0.250739,10,5000,5000,0,5000,0,5000,5000,0,0,0,0,1.000000,1.000000,0.000000,1.000000,1.000000,1.000000
45,46.666000,1.475680,48.430000,1.437206,0.253478,10,5000,5000,0,5000,0,5000,5000,0,0,0,0,1.000000,1.000000,0.000000,1.000000,1.000000,1.000000
46,42.226000,1.685271,39.240000,1.769461,0.164984,10,5000,5000,0,5000,0,5000,5000,0,0,0,0,1.000000,1.000000,0.000000,1.000000,1.000000,1.000000
47,43.736000,1.535200,45.640000,1.520772,0.247125,10,5000,5000,0,5000,0,5000,5000,0,0,0,0,1.000000,1.000000,0.000000,1.000000,1.000000,1.000000
48,47.084000,1.534319,47.740000,1.513562,0.185046,10,5000,5000,0,5000,0,5000,5000,0,0,0,0,1.000000,1.000000,0.000000,1.000000,1.000000,1.000000
49,33.682000,1.867819,40.450000,1.632842,0.294682,10,5000,5000,0,5000,0,5000,5000,0,0,0,0,1.000000,1.000000,0.000000,1.000000,1.000000,1.000000
50,44.604000,1.477946,47.440000,1.398156,0.234350,10,5000,5000,0,5000,0,5000,5000,0,0,0,0,1.000000,1.000000,0.000000,1.000000,1.000000,1.000000
51,54.826000,1.295680,52.160000,1.356340,0.279247,10,5000,5000,0,5000,0,5000,5000,0,0,0,0,1.000000,1.000000,0.000000,1.000000,1.000000,1.000000
52,53.578000,1.302945,55.590000,1.262442,0.184719,10,5000,5000,0,5000,0,5000,5000,0,0,0,0,1.000000,1.000000,0.000000,1.000000,1.000000,1.000000
53,49.576000,1.367470,51.930000,1.338794,0.183075,10,5000,5000,0,5000,0,5000,5000,0,0,0,0,1.000000,1.000000,0.000000,1.000000,1.000000,1.000000
54,38.342000,1.680558,41.440000,1.591869,0.145303,10,5000,5000,0,5000,0,5000,5000,0,0,0,0,1.000000,1.000000,0.000000,1.000000,1.000000,1.000000
55,52.766000,1.280313,56.310000,1.223334,0.165009,10,5000,5000,0,5000,0,5000,5000,0,0,0,0,1.000000,1.000000,0.000000,1.000000,1.000000,1.000000
56,53.652000,1.273674,49.490000,1.386934,0.186077,10,5000,5000,0,5000,0,5000,5000,0,0,0,0,1.000000,1.000000,0.000000,1.000000,1.000000,1.000000
57,45.660000,1.461550,52.720000,1.333561,0.168841,10,5000,5000,0,5000,0,5000,5000,0,0,0,0,1.000000,1.000000,0.000000,1.000000,1.000000,1.000000
58,48.330000,1.510374,46.490000,1.515720,0.229772,10,5000,5000,0,5000,0,5000,5000,0,0,0,0,1.000000,1.000000,0.000000,1.000000,1.000000,1.000000
59,42.614000,1.618729,46.680000,1.527553,0.220353,10,5000,5000,0,5000,0,5000,5000,0,0,0,0,1.000000,1.000000,0.000000,1.000000,1.000000,1.000000
60,49.428000,1.367838,49.220000,1.425767,0.221674,10,5000,5000,0,5000,0,5000,5000,0,0,0,0,1.000000,1.000000,0.000000,1.000000,1.000000,1.000000
61,49.178000,1.396408,52.910000,1.323433,0.188170,10,5000,5000,0,5000,0,5000,5000,0,0,0,0,1.000000,1.000000,0.000000,1.000000,1.000000,1.000000
62,54.254000,1.297516,49.800000,1.430082,0.173701,10,5000,5000,0,5000,0,5000,5000,0,0,0,0,1.000000,1.000000,0.000000,1.000000,1.000000,1.000000
63,50.938000,1.351510,51.500000,1.304649,0.218937,10,5000,5000,0,5000,0,5000,5000,0,0,0,0,1.000000,1.000000,0.000000,1.000000,1.000000,1.000000
64,52.562000,1.322010,47.580000,1.455003,0.203604,10,5000,5000,0,5000,0,5000,5000,0,0,0,0,1.000000,1.000000,0.000000,1.000000,1.000000,1.000000
65,51.750000,1.389290,53.020000,1.328249,0.224445,10,5000,5000,0,5000,0,5000,5000,0,0,0,0,1.000000,1.000000,0.000000,1.000000,1.000000,1.000000
66,45.924000,1.447169,50.580000,1.313921,0.193815,10,5000,5000,0,5000,0,5000,5000,0,0,0,0,1.000000,1.000000,0.000000,1.000000,1.000000,1.000000
67,60.196000,1.128967,58.300000,1.188473,0.153092,10,5000,5000,0,5000,0,5000,5000,0,0,0,0,1.000000,1.000000,0.000000,1.000000,1.000000,1.000000
68,56.048000,1.233359,54.840000,1.278496,0.196809,10,5000,5000,0,5000,0,5000,5000,0,0,0,0,1.000000,1.000000,0.000000,1.000000,1.000000,1.000000
69,37.080000,1.726262,45.640000,1.478932,0.237777,10,5000,5000,0,5000,0,5000,5000,0,0,0,0,1.000000,1.000000,0.000000,1.000000,1.000000,1.000000
70,58.380000,1.192492,59.190000,1.206562,0.182788,10,5000,5000,0,5000,0,5000,5000,0,0,0,0,1.000000,1.000000,0.000000,1.000000,1.000000,1.000000
71,43.866000,1.537990,43.260000,1.596949,0.193848,10,5000,5000,0,5000,0,5000,5000,0,0,0,0,1.000000,1.000000,0.000000,1.000000,1.000000,1.000000
72,45.710000,1.536588,52.870000,1.312796,0.232140,10,5000,5000,0,5000,0,5000,5000,0,0,0,0,1.000000,1.000000,0.000000,1.000000,1.000000,1.000000
73,54.902000,1.240579,52.790000,1.314472,0.160146,10,5000,5000,0,5000,0,5000,5000,0,0,0,0,1.000000,1.000000,0.000000,1.000000,1.000000,1.000000
74,59.946000,1.134289,56.030000,1.244810,0.121900,10,5000,5000,0,5000,0,5000,5000,0,0,0,0,1.000000,1.000000,0.000000,1.000000,1.000000,1.000000
75,58.656000,1.136670,59.620000,1.116276,0.185274,10,5000,5000,0,5000,0,5000,5000,0,0,0,0,1.000000,1.000000,0.000000,1.000000,1.000000,1.000000
76,58.782000,1.156269,60.080000,1.149605,0.240590,10,5000,5000,0,5000,0,5000,5000,0,0,0,0,1.000000,1.000000,0.000000,1.000000,1.000000,1.000000
77,50.890000,1.412384,52.870000,1.351735,0.188080,10,5000,5000,0,5000,0,5000,5000,0,0,0,0,1.000000,1.000000,0.000000,1.000000,1.000000,1.000000
78,45.326000,1.435985,48.490000,1.364632,0.208920,10,5000,5000,0,5000,0,5000,5000,0,0,0,0,1.000000,1.000000,0.000000,1.000000,1.000000,1.000000
79,51.512000,1.362288,55.070000,1.294212,0.135469,10,5000,5000,0,5000,0,5000,5000,0,0,0,0,1.000000,1.000000,0.000000,1.000000,1.000000,1.000000
80,53.182000,1.384113,50.550000,1.492900,0.166494,10,5000,5000,0,5000,0,5000,5000,0,0,0,0,1.000000,1.000000,0.000000,1.000000,1.000000,1.000000
81,52.008000,1.411899,54.820000,1.352381,0.202975,10,5000,5000,0,5000,0,5000,5000,0,0,0,0,1.000000,1.000000,0.000000,1.000000,1.000000,1.000000
82,51.016000,1.320261,53.950000,1.258801,0.204299,10,5000,5000,0,5000,0,5000,5000,0,0,0,0,1.000000,1.000000,0.000000,1.000000,1.000000,1.000000
83,57.572000,1.187046,58.400000,1.168904,0.248621,10,5000,5000,0,5000,0,5000,5000,0,0,0,0,1.000000,1.000000,0.000000,1.000000,1.000000,1.000000
84,49.006000,1.566868,51.660000,1.477548,0.151765,10,5000,5000,0,5000,0,5000,5000,0,0,0,0,1.000000,1.000000,0.000000,1.000000,1.000000,1.000000
85,57.016000,1.249748,52.550000,1.400487,0.133175,10,5000,5000,0,5000,0,5000,5000,0,0,0,0,1.000000,1.000000,0.000000,1.000000,1.000000,1.000000
86,51.582000,1.274444,54.170000,1.209167,0.136704,10,5000,5000,0,5000,0,5000,5000,0,0,0,0,1.000000,1.000000,0.000000,1.000000,1.000000,1.000000
87,51.436000,1.318433,55.170000,1.233468,0.199419,10,5000,5000,0,5000,0,5000,5000,0,0,0,0,1.000000,1.000000,0.000000,1.000000,1.000000,1.000000
88,50.794000,1.420295,49.100000,1.509945,0.147234,10,5000,5000,0,5000,0,5000,5000,0,0,0,0,1.000000,1.000000,0.000000,1.000000,1.000000,1.000000
89,48.134000,1.456849,50.230000,1.419050,0.197549,10,5000,5000,0,5000,0,5000,5000,0,0,0,0,1.000000,1.000000,0.000000,1.000000,1.000000,1.000000
90,52.476000,1.328882,56.430000,1.187879,0.160062,10,5000,5000,0,5000,0,5000,5000,0,0,0,0,1.000000,1.000000,0.000000,1.000000,1.000000,1.000000
91,57.722000,1.188721,54.820000,1.286014,0.153097,10,5000,5000,0,5000,0,5000,5000,0,0,0,0,1.000000,1.000000,0.000000,1.000000,1.000000,1.000000
92,50.500000,1.388759,46.890000,1.532329,0.167561,10,5000,5000,0,5000,0,5000,5000,0,0,0,0,1.000000,1.000000,0.000000,1.000000,1.000000,1.000000
93,46.630000,1.445079,48.160000,1.420788,0.195787,10,5000,5000,0,5000,0,5000,5000,0,0,0,0,1.000000,1.000000,0.000000,1.000000,1.000000,1.000000
94,55.830000,1.192918,56.490000,1.183519,0.200109,10,5000,5000,0,5000,0,5000,5000,0,0,0,0,1.000000,1.000000,0.000000,1.000000,1.000000,1.000000
95,52.760000,1.301101,54.530000,1.296997,0.122451,10,5000,5000,0,5000,0,5000,5000,0,0,0,0,1.000000,1.000000,0.000000,1.000000,1.000000,1.000000
96,49.580000,1.582079,50.330000,1.608185,0.190053,10,5000,5000,0,5000,0,5000,5000,0,0,0,0,1.000000,1.000000,0.000000,1.000000,1.000000,1.000000
97,55.392000,1.249708,59.250000,1.165053,0.189804,10,5000,5000,0,5000,0,5000,5000,0,0,0,0,1.000000,1.000000,0.000000,1.000000,1.000000,1.000000
98,55.144000,1.230960,50.640000,1.393403,0.227037,10,5000,5000,0,5000,0,5000,5000,0,0,0,0,1.000000,1.000000,0.000000,1.000000,1.000000,1.000000
99,52.424000,1.311933,55.770000,1.246382,0.128370,10,5000,5000,0,5000,0,5000,5000,0,0,0,0,1.000000,1.000000,0.000000,1.000000,1.000000,1.000000
100,60.730000,1.140466,55.220000,1.316235,0.166820,10,5000,5000,0,5000,0,5000,5000,0,0,0,0,1.000000,1.000000,0.000000,1.000000,1.000000,1.000000
101,55.668000,1.239461,55.890000,1.261316,0.208059,10,5000,5000,0,5000,0,5000,5000,0,0,0,0,1.000000,1.000000,0.000000,1.000000,1.000000,1.000000
102,51.174000,1.297385,53.820000,1.262810,0.193651,10,5000,5000,0,5000,0,5000,5000,0,0,0,0,1.000000,1.000000,0.000000,1.000000,1.000000,1.000000
103,57.644000,1.214245,57.020000,1.236691,0.174161,10,5000,5000,0,5000,0,5000,5000,0,0,0,0,1.000000,1.000000,0.000000,1.000000,1.000000,1.000000
104,56.448000,1.278554,53.440000,1.373873,0.176495,10,5000,5000,0,5000,0,5000,5000,0,0,0,0,1.000000,1.000000,0.000000,1.000000,1.000000,1.000000
105,55.906000,1.371115,60.370000,1.234714,0.197851,10,5000,5000,0,5000,0,5000,5000,0,0,0,0,1.000000,1.000000,0.000000,1.000000,1.000000,1.000000
106,58.104000,1.223855,58.590000,1.252228,0.164260,10,5000,5000,0,5000,0,5000,5000,0,0,0,0,1.000000,1.000000,0.000000,1.000000,1.000000,1.000000
107,51.520000,1.367679,54.590000,1.298894,0.115934,10,5000,5000,0,5000,0,5000,5000,0,0,0,0,1.000000,1.000000,0.000000,1.000000,1.000000,1.000000
108,56.998000,1.192154,57.150000,1.219404,0.106250,10,5000,5000,0,5000,0,5000,5000,0,0,0,0,1.000000,1.000000,0.000000,1.000000,1.000000,1.000000
109,57.332000,1.196470,58.700000,1.178593,0.159886,10,5000,5000,0,5000,0,5000,5000,0,0,0,0,1.000000,1.000000,0.000000,1.000000,1.000000,1.000000
110,60.882000,1.107063,54.530000,1.309266,0.204915,10,5000,5000,0,5000,0,5000,5000,0,0,0,0,1.000000,1.000000,0.000000,1.000000,1.000000,1.000000
111,50.638000,1.384554,53.780000,1.276042,0.161013,10,5000,5000,0,5000,0,5000,5000,0,0,0,0,1.000000,1.000000,0.000000,1.000000,1.000000,1.000000
112,47.922000,1.449028,47.580000,1.538420,0.134897,10,5000,5000,0,5000,0,5000,5000,0,0,0,0,1.000000,1.000000,0.000000,1.000000,1.000000,1.000000
113,58.960000,1.151046,56.080000,1.249005,0.155625,10,5000,5000,0,5000,0,5000,5000,0,0,0,0,1.000000,1.000000,0.000000,1.000000,1.000000,1.000000
114,52.882000,1.319573,55.350000,1.303344,0.131863,10,5000,5000,0,5000,0,5000,5000,0,0,0,0,1.000000,1.000000,0.000000,1.000000,1.000000,1.000000
115,50.978000,1.398407,49.050000,1.481971,0.134871,10,5000,5000,0,5000,0,5000,5000,0,0,0,0,1.000000,1.000000,0.000000,1.000000,1.000000,1.000000
116,57.678000,1.182692,59.550000,1.157435,0.229771,10,5000,5000,0,5000,0,5000,5000,0,0,0,0,1.000000,1.000000,0.000000,1.000000,1.000000,1.000000
117,52.742000,1.338652,56.160000,1.232744,0.154358,10,5000,5000,0,5000,0,5000,5000,0,0,0,0,1.000000,1.000000,0.000000,1.000000,1.000000,1.000000
118,54.650000,1.260631,53.600000,1.345596,0.168413,10,5000,5000,0,5000,0,5000,5000,0,0,0,0,1.000000,1.000000,0.000000,1.000000,1.000000,1.000000
119,60.792000,1.095398,59.390000,1.156911,0.111915,10,5000,5000,0,5000,0,5000,5000,0,0,0,0,1.000000,1.000000,0.000000,1.000000,1.000000,1.000000
120,54.920000,1.301270,58.260000,1.209316,0.156303,10,5000,5000,0,5000,0,5000,5000,0,0,0,0,1.000000,1.000000,0.000000,1.000000,1.000000,1.000000
121,45.932000,1.489131,53.730000,1.252540,0.203741,10,5000,5000,0,5000,0,5000,5000,0,0,0,0,1.000000,1.000000,0.000000,1.000000,1.000000,1.000000
122,54.032000,1.369882,53.140000,1.429001,0.160786,10,5000,5000,0,5000,0,5000,5000,0,0,0,0,1.000000,1.000000,0.000000,1.000000,1.000000,1.000000
123,63.152000,1.043489,63.190000,1.057366,0.196764,10,5000,5000,0,5000,0,5000,5000,0,0,0,0,1.000000,1.000000,0.000000,1.000000,1.000000,1.000000
124,54.732000,1.255563,61.850000,1.071983,0.170436,10,5000,5000,0,5000,0,5000,5000,0,0,0,0,1.000000,1.000000,0.000000,1.000000,1.000000,1.000000
125,61.418000,1.075143,59.910000,1.140264,0.186711,10,5000,5000,0,5000,0,5000,5000,0,0,0,0,1.000000,1.000000,0.000000,1.000000,1.000000,1.000000
126,59.112000,1.138669,55.510000,1.302253,0.140883,10,5000,5000,0,5000,0,5000,5000,0,0,0,0,1.000000,1.000000,0.000000,1.000000,1.000000,1.000000
127,49.014000,1.381851,50.510000,1.371662,0.144598,10,5000,5000,0,5000,0,5000,5000,0,0,0,0,1.000000,1.000000,0.000000,1.000000,1.000000,1.000000
128,53.968000,1.291021,54.730000,1.295493,0.185340,10,5000,5000,0,5000,0,5000,5000,0,0,0,0,1.000000,1.000000,0.000000,1.000000,1.000000,1.000000
129,59.370000,1.177802,60.720000,1.117339,0.198987,10,5000,5000,0,5000,0,5000,5000,0,0,0,0,1.000000,1.000000,0.000000,1.000000,1.000000,1.000000
130,58.726000,1.156767,60.020000,1.164851,0.189572,10,5000,5000,0,5000,0,5000,5000,0,0,0,0,1.000000,1.000000,0.000000,1.000000,1.000000,1.000000
131,63.012000,1.048522,63.490000,1.050068,0.224070,10,5000,5000,0,5000,0,5000,5000,0,0,0,0,1.000000,1.000000,0.000000,1.000000,1.000000,1.000000
132,58.746000,1.207866,55.370000,1.358993,0.111610,10,5000,5000,0,5000,0,5000,5000,0,0,0,0,1.000000,1.000000,0.000000,1.000000,1.000000,1.000000
133,61.990000,1.072935,65.370000,0.997809,0.190957,10,5000,5000,0,5000,0,5000,5000,0,0,0,0,1.000000,1.000000,0.000000,1.000000,1.000000,1.000000
134,62.460000,1.052463,61.740000,1.100170,0.197492,10,5000,5000,0,5000,0,5000,5000,0,0,0,0,1.000000,1.000000,0.000000,1.000000,1.000000,1.000000
135,60.020000,1.119933,59.670000,1.149672,0.123327,10,5000,5000,0,5000,0,5000,5000,0,0,0,0,1.000000,1.000000,0.000000,1.000000,1.000000,1.000000
136,53.924000,1.316835,54.490000,1.343618,0.135954,10,5000,5000,0,5000,0,5000,5000,0,0,0,0,1.000000,1.000000,0.000000,1.000000,1.000000,1.000000
137,59.714000,1.090094,61.500000,1.052790,0.150843,10,5000,5000,0,5000,0,5000,5000,0,0,0,0,1.000000,1.000000,0.000000,1.000000,1.000000,1.000000
138,56.176000,1.251258,61.040000,1.146463,0.150532,10,5000,5000,0,5000,0,5000,5000,0,0,0,0,1.000000,1.000000,0.000000,1.000000,1.000000,1.000000
139,56.190000,1.209647,55.440000,1.267190,0.128776,10,5000,5000,0,5000,0,5000,5000,0,0,0,0,1.000000,1.000000,0.000000,1.000000,1.000000,1.000000
140,52.416000,1.381955,54.220000,1.373533,0.161086,10,5000,5000,0,5000,0,5000,5000,0,0,0,0,1.000000,1.000000,0.000000,1.000000,1.000000,1.000000
141,58.252000,1.136964,60.510000,1.095522,0.194219,10,5000,5000,0,5000,0,5000,5000,0,0,0,0,1.000000,1.000000,0.000000,1.000000,1.000000,1.000000
142,62.842000,1.052612,60.800000,1.140495,0.152662,10,5000,5000,0,5000,0,5000,5000,0,0,0,0,1.000000,1.000000,0.000000,1.000000,1.000000,1.000000
143,49.870000,1.423911,48.290000,1.516406,0.117293,10,5000,5000,0,5000,0,5000,5000,0,0,0,0,1.000000,1.000000,0.000000,1.000000,1.000000,1.000000
144,60.806000,1.080898,62.630000,1.064896,0.188866,10,5000,5000,0,5000,0,5000,5000,0,0,0,0,1.000000,1.000000,0.000000,1.000000,1.000000,1.000000
145,64.318000,1.007594,59.570000,1.194123,0.123919,10,5000,5000,0,5000,0,5000,5000,0,0,0,0,1.000000,1.000000,0.000000,1.000000,1.000000,1.000000
146,61.316000,1.080338,61.110000,1.106288,0.146963,10,5000,5000,0,5000,0,5000,5000,0,0,0,0,1.000000,1.000000,0.000000,1.000000,1.000000,1.000000
147,61.932000,1.084763,57.360000,1.262333,0.148274,10,5000,5000,0,5000,0,5000,5000,0,0,0,0,1.000000,1.000000,0.000000,1.000000,1.000000,1.000000
148,62.748000,1.053596,60.150000,1.160039,0.171828,10,5000,5000,0,5000,0,5000,5000,0,0,0,0,1.000000,1.000000,0.000000,1.000000,1.000000,1.000000
149,54.138000,1.293134,57.060000,1.210194,0.206430,10,5000,5000,0,5000,0,5000,5000,0,0,0,0,1.000000,1.000000,0.000000,1.000000,1.000000,1.000000
150,58.494000,1.148849,54.020000,1.320935,0.177115,10,5000,5000,0,5000,0,5000,5000,0,0,0,0,1.000000,1.000000,0.000000,1.000000,1.000000,1.000000
151,63.784000,1.021088,62.250000,1.091933,0.140478,10,5000,5000,0,5000,0,5000,5000,0,0,0,0,1.000000,1.000000,0.000000,1.000000,1.000000,1.000000
152,56.812000,1.241394,59.170000,1.185556,0.182554,10,5000,5000,0,5000,0,5000,5000,0,0,0,0,1.000000,1.000000,0.000000,1.000000,1.000000,1.000000
153,61.050000,1.085925,59.790000,1.171294,0.132805,10,5000,5000,0,5000,0,5000,5000,0,0,0,0,1.000000,1.000000,0.000000,1.000000,1.000000,1.000000
154,58.696000,1.147797,62.210000,1.056279,0.128093,10,5000,5000,0,5000,0,5000,5000,0,0,0,0,1.000000,1.000000,0.000000,1.000000,1.000000,1.000000
155,57.620000,1.214029,58.720000,1.193219,0.105551,10,5000,5000,0,5000,0,5000,5000,0,0,0,0,1.000000,1.000000,0.000000,1.000000,1.000000,1.000000
156,58.272000,1.177770,56.660000,1.272084,0.107462,10,5000,5000,0,5000,0,5000,5000,0,0,0,0,1.000000,1.000000,0.000000,1.000000,1.000000,1.000000
157,49.734000,1.398483,51.890000,1.367901,0.155472,10,5000,5000,0,5000,0,5000,5000,0,0,0,0,1.000000,1.000000,0.000000,1.000000,1.000000,1.000000
158,64.880000,0.992070,62.990000,1.088550,0.149572,10,5000,5000,0,5000,0,5000,5000,0,0,0,0,1.000000,1.000000,0.000000,1.000000,1.000000,1.000000
159,64.524000,0.974603,63.630000,1.021755,0.108449,10,5000,5000,0,5000,0,5000,5000,0,0,0,0,1.000000,1.000000,0.000000,1.000000,1.000000,1.000000
160,57.172000,1.165865,55.690000,1.268244,0.093872,10,5000,5000,0,5000,0,5000,5000,0,0,0,0,1.000000,1.000000,0.000000,1.000000,1.000000,1.000000
161,63.904000,1.010828,64.680000,1.012856,0.112106,10,5000,5000,0,5000,0,5000,5000,0,0,0,0,1.000000,1.000000,0.000000,1.000000,1.000000,1.000000
162,53.432000,1.313658,54.650000,1.310182,0.133736,10,5000,5000,0,5000,0,5000,5000,0,0,0,0,1.000000,1.000000,0.000000,1.000000,1.000000,1.000000
163,61.088000,1.108641,58.860000,1.239914,0.109860,10,5000,5000,0,5000,0,5000,5000,0,0,0,0,1.000000,1.000000,0.000000,1.000000,1.000000,1.000000
164,55.428000,1.275335,54.290000,1.359948,0.083268,10,5000,5000,0,5000,0,5000,5000,0,0,0,0,1.000000,1.000000,0.000000,1.000000,1.000000,1.000000
165,62.866000,1.120575,59.960000,1.245056,0.103576,10,5000,5000,0,5000,0,5000,5000,0,0,0,0,1.000000,1.000000,0.000000,1.000000,1.000000,1.000000
166,61.054000,1.086831,57.470000,1.250495,0.156307,10,5000,5000,0,5000,0,5000,5000,0,0,0,0,1.000000,1.000000,0.000000,1.000000,1.000000,1.000000
167,65.268000,0.957988,64.150000,1.032641,0.125279,10,5000,5000,0,5000,0,5000,5000,0,0,0,0,1.000000,1.000000,0.000000,1.000000,1.000000,1.000000
168,60.864000,1.091247,62.390000,1.080307,0.135094,10,5000,5000,0,5000,0,5000,5000,0,0,0,0,1.000000,1.000000,0.000000,1.000000,1.000000,1.000000
169,62.280000,1.032131,61.720000,1.088233,0.155794,10,5000,5000,0,5000,0,5000,5000,0,0,0,0,1.000000,1.000000,0.000000,1.000000,1.000000,1.000000
170,60.444000,1.155867,56.530000,1.299514,0.093803,10,5000,5000,0,5000,0,5000,5000,0,0,0,0,1.000000,1.000000,0.000000,1.000000,1.000000,1.000000
171,57.450000,1.167191,61.080000,1.100046,0.157870,10,5000,5000,0,5000,0,5000,5000,0,0,0,0,1.000000,1.000000,0.000000,1.000000,1.000000,1.000000
172,63.260000,1.016276,67.500000,0.931411,0.216361,10,5000,5000,0,5000,0,5000,5000,0,0,0,0,1.000000,1.000000,0.000000,1.000000,1.000000,1.000000
173,64.338000,1.016508,62.740000,1.127897,0.132851,10,5000,5000,0,5000,0,5000,5000,0,0,0,0,1.000000,1.000000,0.000000,1.000000,1.000000,1.000000
174,63.968000,1.033604,62.160000,1.119875,0.088077,10,5000,5000,0,5000,0,5000,5000,0,0,0,0,1.000000,1.000000,0.000000,1.000000,1.000000,1.000000
175,59.890000,1.100562,59.660000,1.106173,0.174169,10,5000,5000,0,5000,0,5000,5000,0,0,0,0,1.000000,1.000000,0.000000,1.000000,1.000000,1.000000
176,46.118000,1.737181,47.210000,1.688026,0.091486,10,5000,5000,0,5000,0,5000,5000,0,0,0,0,1.000000,1.000000,0.000000,1.000000,1.000000,1.000000
177,62.944000,1.033416,63.500000,1.056201,0.174290,10,5000,5000,0,5000,0,5000,5000,0,0,0,0,1.000000,1.000000,0.000000,1.000000,1.000000,1.000000
178,60.134000,1.123509,55.100000,1.326874,0.148334,10,5000,5000,0,5000,0,5000,5000,0,0,0,0,1.000000,1.000000,0.000000,1.000000,1.000000,1.000000
179,56.478000,1.200340,58.980000,1.152961,0.130503,10,5000,5000,0,5000,0,5000,5000,0,0,0,0,1.000000,1.000000,0.000000,1.000000,1.000000,1.000000
180,59.748000,1.122955,62.550000,1.083593,0.094677,10,5000,5000,0,5000,0,5000,5000,0,0,0,0,1.000000,1.000000,0.000000,1.000000,1.000000,1.000000
181,59.416000,1.110336,58.140000,1.218082,0.114468,10,5000,5000,0,5000,0,5000,5000,0,0,0,0,1.000000,1.000000,0.000000,1.000000,1.000000,1.000000
182,53.478000,1.296420,53.300000,1.358918,0.139969,10,5000,5000,0,5000,0,5000,5000,0,0,0,0,1.000000,1.000000,0.000000,1.000000,1.000000,1.000000
183,54.720000,1.285408,60.530000,1.115082,0.154751,10,5000,5000,0,5000,0,5000,5000,0,0,0,0,1.000000,1.000000,0.000000,1.000000,1.000000,1.000000
184,53.962000,1.250424,55.080000,1.241639,0.137788,10,5000,5000,0,5000,0,5000,5000,0,0,0,0,1.000000,1.000000,0.000000,1.000000,1.000000,1.000000
185,64.754000,1.025826,60.870000,1.191727,0.167516,10,5000,5000,0,5000,0,5000,5000,0,0,0,0,1.000000,1.000000,0.000000,1.000000,1.000000,1.000000
186,56.188000,1.212477,54.610000,1.303436,0.145410,10,5000,5000,0,5000,0,5000,5000,0,0,0,0,1.000000,1.000000,0.000000,1.000000,1.000000,1.000000
187,64.318000,0.979973,63.690000,1.042732,0.132589,10,5000,5000,0,5000,0,5000,5000,0,0,0,0,1.000000,1.000000,0.000000,1.000000,1.000000,1.000000
188,54.586000,1.398619,55.800000,1.404217,0.111564,10,5000,5000,0,5000,0,5000,5000,0,0,0,0,1.000000,1.000000,0.000000,1.000000,1.000000,1.000000
189,62.344000,1.058494,57.920000,1.254315,0.117619,10,5000,5000,0,5000,0,5000,5000,0,0,0,0,1.000000,1.000000,0.000000,1.000000,1.000000,1.000000
190,63.642000,1.001428,62.030000,1.095448,0.143149,10,5000,5000,0,5000,0,5000,5000,0,0,0,0,1.000000,1.000000,0.000000,1.000000,1.000000,1.000000
191,59.184000,1.155832,61.780000,1.119233,0.116063,10,5000,5000,0,5000,0,5000,5000,0,0,0,0,1.000000,1.000000,0.000000,1.000000,1.000000,1.000000
192,66.896000,0.945552,62.170000,1.122960,0.124241,10,5000,5000,0,5000,0,5000,5000,0,0,0,0,1.000000,1.000000,0.000000,1.000000,1.000000,1.000000
193,61.576000,1.079395,58.060000,1.193025,0.129146,10,5000,5000,0,5000,0,5000,5000,0,0,0,0,1.000000,1.000000,0.000000,1.000000,1.000000,1.000000
194,58.986000,1.104031,59.190000,1.145970,0.105168,10,5000,5000,0,5000,0,5000,5000,0,0,0,0,1.000000,1.000000,0.000000,1.000000,1.000000,1.000000
195,52.542000,1.418123,52.130000,1.507053,0.120089,10,5000,5000,0,5000,0,5000,5000,0,0,0,0,1.000000,1.000000,0.000000,1.000000,1.000000,1.000000
196,64.196000,0.996702,61.560000,1.118755,0.112050,10,5000,5000,0,5000,0,5000,5000,0,0,0,0,1.000000,1.000000,0.000000,1.000000,1.000000,1.000000
197,64.436000,0.997469,65.270000,1.002748,0.122051,10,5000,5000,0,5000,0,5000,5000,0,0,0,0,1.000000,1.000000,0.000000,1.000000,1.000000,1.000000
198,63.752000,1.047825,64.880000,1.072387,0.149215,10,5000,5000,0,5000,0,5000,5000,0,0,0,0,1.000000,1.000000,0.000000,1.000000,1.000000,1.000000
199,58.594000,1.178423,56.650000,1.298435,0.070475,10,5000,5000,0,5000,0,5000,5000,0,0,0,0,1.000000,1.000000,0.000000,1.000000,1.000000,1.000000
200,53.828000,1.316371,60.120000,1.131158,0.210866,10,5000,5000,0,5000,0,5000,5000,0,0,0,0,1.000000,1.000000,0.000000,1.000000,1.000000,1.000000
201,64.514000,0.989304,62.450000,1.093859,0.136728,10,5000,5000,0,5000,0,5000,5000,0,0,0,0,1.000000,1.000000,0.000000,1.000000,1.000000,1.000000
202,67.166000,0.911336,66.200000,0.977261,0.132663,10,5000,5000,0,5000,0,5000,5000,0,0,0,0,1.000000,1.000000,0.000000,1.000000,1.000000,1.000000
203,68.228000,0.902398,67.510000,0.933848,0.131878,10,5000,5000,0,5000,0,5000,5000,0,0,0,0,1.000000,1.000000,0.000000,1.000000,1.000000,1.000000
204,54.982000,1.230126,58.270000,1.139471,0.187856,10,5000,5000,0,5000,0,5000,5000,0,0,0,0,1.000000,1.000000,0.000000,1.000000,1.000000,1.000000
205,50.450000,1.449659,44.440000,1.771010,0.106222,10,5000,5000,0,5000,0,5000,5000,0,0,0,0,1.000000,1.000000,0.000000,1.000000,1.000000,1.000000
206,61.416000,1.122273,63.280000,1.099987,0.154941,10,5000,5000,0,5000,0,5000,5000,0,0,0,0,1.000000,1.000000,0.000000,1.000000,1.000000,1.000000
207,55.194000,1.310136,47.500000,1.660912,0.124793,10,5000,5000,0,5000,0,5000,5000,0,0,0,0,1.000000,1.000000,0.000000,1.000000,1.000000,1.000000
208,63.172000,1.036509,64.300000,1.064956,0.091895,10,5000,5000,0,5000,0,5000,5000,0,0,0,0,1.000000,1.000000,0.000000,1.000000,1.000000,1.000000
209,60.778000,1.080028,61.520000,1.103837,0.163344,10,5000,5000,0,5000,0,5000,5000,0,0,0,0,1.000000,1.000000,0.000000,1.000000,1.000000,1.000000
210,61.766000,1.094670,57.250000,1.272160,0.161361,10,5000,5000,0,5000,0,5000,5000,0,0,0,0,1.000000,1.000000,0.000000,1.000000,1.000000,1.000000
211,59.282000,1.171220,58.960000,1.235271,0.060778,10,5000,5000,0,5000,0,5000,5000,0,0,0,0,1.000000,1.000000,0.000000,1.000000,1.000000,1.000000
212,59.130000,1.126070,62.780000,1.039609,0.161834,10,5000,5000,0,5000,0,5000,5000,0,0,0,0,1.000000,1.000000,0.000000,1.000000,1.000000,1.000000
213,63.938000,1.013132,61.400000,1.117328,0.160099,10,5000,5000,0,5000,0,5000,5000,0,0,0,0,1.000000,1.000000,0.000000,1.000000,1.000000,1.000000
214,56.532000,1.251032,49.230000,1.572572,0.125398,10,5000,5000,0,5000,0,5000,5000,0,0,0,0,1.000000,1.000000,0.000000,1.000000,1.000000,1.000000
215,55.694000,1.264247,62.400000,1.063757,0.119978,10,5000,5000,0,5000,0,5000,5000,0,0,0,0,1.000000,1.000000,0.000000,1.000000,1.000000,1.000000
216,63.088000,1.010719,64.580000,0.996899,0.152048,10,5000,5000,0,5000,0,5000,5000,0,0,0,0,1.000000,1.000000,0.000000,1.000000,1.000000,1.000000
217,64.336000,1.025710,62.960000,1.106806,0.128280,10,5000,5000,0,5000,0,5000,5000,0,0,0,0,1.000000,1.000000,0.000000,1.000000,1.000000,1.000000
218,62.290000,1.078099,59.380000,1.243290,0.102110,10,5000,5000,0,5000,0,5000,5000,0,0,0,0,1.000000,1.000000,0.000000,1.000000,1.000000,1.000000
219,64.820000,1.008630,61.330000,1.165044,0.103780,10,5000,5000,0,5000,0,5000,5000,0,0,0,0,1.000000,1.000000,0.000000,1.000000,1.000000,1.000000
220,63.324000,0.976874,61.760000,1.068915,0.130247,10,5000,5000,0,5000,0,5000,5000,0,0,0,0,1.000000,1.000000,0.000000,1.000000,1.000000,1.000000
221,68.866000,0.858406,64.970000,1.015602,0.095625,10,5000,5000,0,5000,0,5000,5000,0,0,0,0,1.000000,1.000000,0.000000,1.000000,1.000000,1.000000
222,59.166000,1.101351,59.910000,1.145064,0.091751,10,5000,5000,0,5000,0,5000,5000,0,0,0,0,1.000000,1.000000,0.000000,1.000000,1.000000,1.000000
223,56.522000,1.215910,52.480000,1.373514,0.156542,10,5000,5000,0,5000,0,5000,5000,0,0,0,0,1.000000,1.000000,0.000000,1.000000,1.000000,1.000000
224,56.414000,1.229285,56.370000,1.251025,0.118062,10,5000,5000,0,5000,0,5000,5000,0,0,0,0,1.000000,1.000000,0.000000,1.000000,1.000000,1.000000
225,53.858000,1.316312,48.710000,1.585772,0.139275,10,5000,5000,0,5000,0,5000,5000,0,0,0,0,1.000000,1.000000,0.000000,1.000000,1.000000,1.000000
226,59.812000,1.114559,59.840000,1.132838,0.099738,10,5000,5000,0,5000,0,5000,5000,0,0,0,0,1.000000,1.000000,0.000000,1.000000,1.000000,1.000000
227,64.006000,1.019505,60.560000,1.154094,0.127770,10,5000,5000,0,5000,0,5000,5000,0,0,0,0,1.000000,1.000000,0.000000,1.000000,1.000000,1.000000
228,64.994000,0.970745,61.320000,1.121539,0.127358,10,5000,5000,0,5000,0,5000,5000,0,0,0,0,1.000000,1.000000,0.000000,1.000000,1.000000,1.000000
229,66.898000,0.934408,67.940000,0.913398,0.160641,10,5000,5000,0,5000,0,5000,5000,0,0,0,0,1.000000,1.000000,0.000000,1.000000,1.000000,1.000000
230,58.720000,1.175135,60.860000,1.140862,0.107814,10,5000,5000,0,5000,0,5000,5000,0,0,0,0,1.000000,1.000000,0.000000,1.000000,1.000000,1.000000
231,53.898000,1.391814,57.130000,1.297425,0.105424,10,5000,5000,0,5000,0,5000,5000,0,0,0,0,1.000000,1.000000,0.000000,1.000000,1.000000,1.000000
232,64.236000,0.988461,64.690000,0.999978,0.113293,10,5000,5000,0,5000,0,5000,5000,0,0,0,0,1.000000,1.000000,0.000000,1.000000,1.000000,1.000000
233,63.916000,1.050624,58.890000,1.239159,0.120152,10,5000,5000,0,5000,0,5000,5000,0,0,0,0,1.000000,1.000000,0.000000,1.000000,1.000000,1.000000
234,63.684000,1.104152,59.850000,1.275548,0.104923,10,5000,5000,0,5000,0,5000,5000,0,0,0,0,1.000000,1.000000,0.000000,1.000000,1.000000,1.000000
235,63.736000,1.025183,62.860000,1.098606,0.111810,10,5000,5000,0,5000,0,5000,5000,0,0,0,0,1.000000,1.000000,0.000000,1.000000,1.000000,1.000000
236,65.680000,0.968733,64.480000,1.014466,0.152886,10,5000,5000,0,5000,0,5000,5000,0,0,0,0,1.000000,1.000000,0.000000,1.000000,1.000000,1.000000
237,55.628000,1.243905,55.480000,1.303682,0.078945,10,5000,5000,0,5000,0,5000,5000,0,0,0,0,1.000000,1.000000,0.000000,1.000000,1.000000,1.000000
238,60.006000,1.187401,56.860000,1.331894,0.114477,10,5000,5000,0,5000,0,5000,5000,0,0,0,0,1.000000,1.000000,0.000000,1.000000,1.000000,1.000000
239,66.438000,0.946685,64.400000,1.039520,0.094782,10,5000,5000,0,5000,0,5000,5000,0,0,0,0,1.000000,1.000000,0.000000,1.000000,1.000000,1.000000
240,62.220000,1.064157,57.970000,1.273180,0.096502,10,5000,5000,0,5000,0,5000,5000,0,0,0,0,1.000000,1.000000,0.000000,1.000000,1.000000,1.000000
241,68.782000,0.874768,63.650000,1.076503,0.133846,10,5000,5000,0,5000,0,5000,5000,0,0,0,0,1.000000,1.000000,0.000000,1.000000,1.000000,1.000000
242,67.246000,0.907006,62.500000,1.098304,0.120171,10,5000,5000,0,5000,0,5000,5000,0,0,0,0,1.000000,1.000000,0.000000,1.000000,1.000000,1.000000
243,60.516000,1.093563,59.570000,1.191187,0.091778,10,5000,5000,0,5000,0,5000,5000,0,0,0,0,1.000000,1.000000,0.000000,1.000000,1.000000,1.000000
244,59.968000,1.130187,65.240000,0.979003,0.127978,10,5000,5000,0,5000,0,5000,5000,0,0,0,0,1.000000,1.000000,0.000000,1.000000,1.000000,1.000000
245,63.292000,1.033171,59.030000,1.202334,0.133042,10,5000,5000,0,5000,0,5000,5000,0,0,0,0,1.000000,1.000000,0.000000,1.000000,1.000000,1.000000
246,62.936000,1.034122,60.700000,1.144643,0.114661,10,5000,5000,0,5000,0,5000,5000,0,0,0,0,1.000000,1.000000,0.000000,1.000000,1.000000,1.000000
247,50.468000,1.516510,52.840000,1.435953,0.112889,10,5000,5000,0,5000,0,5000,5000,0,0,0,0,1.000000,1.000000,0.000000,1.000000,1.000000,1.000000
248,68.096000,0.923009,61.210000,1.162113,0.142790,10,5000,5000,0,5000,0,5000,5000,0,0,0,0,1.000000,1.000000,0.000000,1.000000,1.000000,1.000000
249,62.662000,1.048882,62.460000,1.087832,0.096554,10,5000,5000,0,5000,0,5000,5000,0,0,0,0,1.000000,1.000000,0.000000,1.000000,1.000000,1.000000
250,65.216000,0.972222,56.930000,1.274898,0.124186,10,5000,5000,0,5000,0,5000,5000,0,0,0,0,1.000000,1.000000,0.000000,1.000000,1.000000,1.000000
251,66.718000,0.928125,66.400000,0.977881,0.141818,10,5000,5000,0,5000,0,5000,5000,0,0,0,0,1.000000,1.000000,0.000000,1.000000,1.000000,1.000000
252,68.294000,0.888865,65.240000,1.013172,0.123386,10,5000,5000,0,5000,0,5000,5000,0,0,0,0,1.000000,1.000000,0.000000,1.000000,1.000000,1.000000
253,66.776000,0.924919,62.660000,1.119561,0.120914,10,5000,5000,0,5000,0,5000,5000,0,0,0,0,1.000000,1.000000,0.000000,1.000000,1.000000,1.000000
254,68.998000,0.867616,65.260000,1.032482,0.120880,10,5000,5000,0,5000,0,5000,5000,0,0,0,0,1.000000,1.000000,0.000000,1.000000,1.000000,1.000000
255,58.350000,1.201575,64.360000,1.035871,0.126710,10,5000,5000,0,5000,0,5000,5000,0,0,0,0,1.000000,1.000000,0.000000,1.000000,1.000000,1.000000
256,57.282000,1.139458,56.090000,1.244951,0.126034,10,5000,5000,0,5000,0,5000,5000,0,0,0,0,1.000000,1.000000,0.000000,1.000000,1.000000,1.000000
257,60.954000,1.088476,59.180000,1.195622,0.079915,10,5000,5000,0,5000,0,5000,5000,0,0,0,0,1.000000,1.000000,0.000000,1.000000,1.000000,1.000000
258,68.710000,0.869139,68.330000,0.919454,0.136351,10,5000,5000,0,5000,0,5000,5000,0,0,0,0,1.000000,1.000000,0.000000,1.000000,1.000000,1.000000
259,62.496000,1.046866,61.330000,1.130342,0.080491,10,5000,5000,0,5000,0,5000,5000,0,0,0,0,1.000000,1.000000,0.000000,1.000000,1.000000,1.000000
260,54.130000,1.361732,54.090000,1.453995,0.099930,10,5000,5000,0,5000,0,5000,5000,0,0,0,0,1.000000,1.000000,0.000000,1.000000,1.000000,1.000000
261,64.078000,0.977020,61.470000,1.112121,0.119682,10,5000,5000,0,5000,0,5000,5000,0,0,0,0,1.000000,1.000000,0.000000,1.000000,1.000000,1.000000
262,64.994000,0.994795,61.630000,1.159084,0.072893,10,5000,5000,0,5000,0,5000,5000,0,0,0,0,1.000000,1.000000,0.000000,1.000000,1.000000,1.000000
263,61.950000,1.040068,63.810000,1.054894,0.113336,10,5000,5000,0,5000,0,5000,5000,0,0,0,0,1.000000,1.000000,0.000000,1.000000,1.000000,1.000000
264,67.142000,0.936248,61.630000,1.159977,0.094894,10,5000,5000,0,5000,0,5000,5000,0,0,0,0,1.000000,1.000000,0.000000,1.000000,1.000000,1.000000
265,68.134000,0.887536,63.470000,1.086268,0.089111,10,5000,5000,0,5000,0,5000,5000,0,0,0,0,1.000000,1.000000,0.000000,1.000000,1.000000,1.000000
266,55.402000,1.208586,58.750000,1.185839,0.123611,10,5000,5000,0,5000,0,5000,5000,0,0,0,0,1.000000,1.000000,0.000000,1.000000,1.000000,1.000000
267,60.518000,1.134406,56.220000,1.340025,0.138138,10,5000,5000,0,5000,0,5000,5000,0,0,0,0,1.000000,1.000000,0.000000,1.000000,1.000000,1.000000
268,62.348000,1.066533,61.970000,1.143048,0.081109,10,5000,5000,0,5000,0,5000,5000,0,0,0,0,1.000000,1.000000,0.000000,1.000000,1.000000,1.000000
269,57.534000,1.166471,57.350000,1.243553,0.096822,10,5000,5000,0,5000,0,5000,5000,0,0,0,0,1.000000,1.000000,0.000000,1.000000,1.000000,1.000000
270,62.316000,1.113514,60.890000,1.226970,0.145923,10,5000,5000,0,5000,0,5000,5000,0,0,0,0,1.000000,1.000000,0.000000,1.000000,1.000000,1.000000
271,68.042000,0.928440,64.690000,1.096739,0.115358,10,5000,5000,0,5000,0,5000,5000,0,0,0,0,1.000000,1.000000,0.000000,1.000000,1.000000,1.000000
272,62.014000,1.067589,58.920000,1.237793,0.111767,10,5000,5000,0,5000,0,5000,5000,0,0,0,0,1.000000,1.000000,0.000000,1.000000,1.000000,1.000000
273,63.164000,1.026721,61.380000,1.121561,0.092064,10,5000,5000,0,5000,0,5000,5000,0,0,0,0,1.000000,1.000000,0.000000,1.000000,1.000000,1.000000
274,67.700000,0.909691,64.780000,1.068009,0.091065,10,5000,5000,0,5000,0,5000,5000,0,0,0,0,1.000000,1.000000,0.000000,1.000000,1.000000,1.000000
275,62.622000,1.021601,59.230000,1.182756,0.090025,10,5000,5000,0,5000,0,5000,5000,0,0,0,0,1.000000,1.000000,0.000000,1.000000,1.000000,1.000000
276,56.436000,1.316968,59.070000,1.242480,0.076792,10,5000,5000,0,5000,0,5000,5000,0,0,0,0,1.000000,1.000000,0.000000,1.000000,1.000000,1.000000
277,60.746000,1.132188,57.030000,1.329672,0.082192,10,5000,5000,0,5000,0,5000,5000,0,0,0,0,1.000000,1.000000,0.000000,1.000000,1.000000,1.000000
278,60.430000,1.109387,59.780000,1.174774,0.112936,10,5000,5000,0,5000,0,5000,5000,0,0,0,0,1.000000,1.000000,0.000000,1.000000,1.000000,1.000000
279,63.868000,1.045420,64.590000,1.076390,0.125884,10,5000,5000,0,5000,0,5000,5000,0,0,0,0,1.000000,1.000000,0.000000,1.000000,1.000000,1.000000
280,62.638000,1.104909,63.000000,1.142307,0.124481,10,5000,5000,0,5000,0,5000,5000,0,0,0,0,1.000000,1.000000,0.000000,1.000000,1.000000,1.000000
281,45.672000,1.646045,48.510000,1.501857,0.128628,10,5000,5000,0,5000,0,5000,5000,0,0,0,0,1.000000,1.000000,0.000000,1.000000,1.000000,1.000000
282,62.372000,1.080948,65.210000,1.037287,0.127534,10,5000,5000,0,5000,0,5000,5000,0,0,0,0,1.000000,1.000000,0.000000,1.000000,1.000000,1.000000
283,62.698000,1.053468,60.800000,1.181628,0.090683,10,5000,5000,0,5000,0,5000,5000,0,0,0,0,1.000000,1.000000,0.000000,1.000000,1.000000,1.000000
284,64.450000,0.995164,62.200000,1.093523,0.100956,10,5000,5000,0,5000,0,5000,5000,0,0,0,0,1.000000,1.000000,0.000000,1.000000,1.000000,1.000000
285,65.956000,0.931096,65.030000,1.009587,0.104637,10,5000,5000,0,5000,0,5000,5000,0,0,0,0,1.000000,1.000000,0.000000,1.000000,1.000000,1.000000
286,62.630000,1.052507,59.070000,1.239410,0.113646,10,5000,5000,0,5000,0,5000,5000,0,0,0,0,1.000000,1.000000,0.000000,1.000000,1.000000,1.000000
287,66.880000,0.920438,62.970000,1.066008,0.112896,10,5000,5000,0,5000,0,5000,5000,0,0,0,0,1.000000,1.000000,0.000000,1.000000,1.000000,1.000000
288,68.226000,0.894451,64.350000,1.052878,0.099248,10,5000,5000,0,5000,0,5000,5000,0,0,0,0,1.000000,1.000000,0.000000,1.000000,1.000000,1.000000
289,65.182000,1.020054,62.870000,1.145511,0.119471,10,5000,5000,0,5000,0,5000,5000,0,0,0,0,1.000000,1.000000,0.000000,1.000000,1.000000,1.000000
290,67.308000,0.913864,66.550000,0.962263,0.106817,10,5000,5000,0,5000,0,5000,5000,0,0,0,0,1.000000,1.000000,0.000000,1.000000,1.000000,1.000000
291,64.984000,1.028394,62.330000,1.127459,0.117069,10,5000,5000,0,5000,0,5000,5000,0,0,0,0,1.000000,1.000000,0.000000,1.000000,1.000000,1.000000
292,64.544000,1.009161,64.110000,1.066635,0.097580,10,5000,5000,0,5000,0,5000,5000,0,0,0,0,1.000000,1.000000,0.000000,1.000000,1.000000,1.000000
293,63.586000,1.015096,65.480000,1.021537,0.067511,10,5000,5000,0,5000,0,5000,5000,0,0,0,0,1.000000,1.000000,0.000000,1.000000,1.000000,1.000000
294,64.168000,1.006606,63.500000,1.071764,0.076829,10,5000,5000,0,5000,0,5000,5000,0,0,0,0,1.000000,1.000000,0.000000,1.000000,1.000000,1.000000
295,67.954000,0.925490,66.400000,1.003567,0.118282,10,5000,5000,0,5000,0,5000,5000,0,0,0,0,1.000000,1.000000,0.000000,1.000000,1.000000,1.000000
296,61.340000,1.076008,62.150000,1.128910,0.074849,10,5000,5000,0,5000,0,5000,5000,0,0,0,0,1.000000,1.000000,0.000000,1.000000,1.000000,1.000000
297,61.874000,1.046589,61.880000,1.104396,0.108147,10,5000,5000,0,5000,0,5000,5000,0,0,0,0,1.000000,1.000000,0.000000,1.000000,1.000000,1.000000
298,61.304000,1.070962,58.740000,1.216158,0.100523,10,5000,5000,0,5000,0,5000,5000,0,0,0,0,1.000000,1.000000,0.000000,1.000000,1.000000,1.000000
299,63.164000,0.992073,62.500000,1.081495,0.084317,10,5000,5000,0,5000,0,5000,5000,0,0,0,0,1.000000,1.000000,0.000000,1.000000,1.000000,1.000000
300,67.652000,0.893913,67.400000,0.951787,0.107096,10,5000,5000,0,5000,0,5000,5000,0,0,0,0,1.000000,1.000000,0.000000,1.000000,1.000000,1.000000
301,63.600000,1.028420,62.560000,1.135821,0.101367,10,5000,5000,0,5000,0,5000,5000,0,0,0,0,1.000000,1.000000,0.000000,1.000000,1.000000,1.000000
302,60.024000,1.134254,58.690000,1.251504,0.144348,10,5000,5000,0,5000,0,5000,5000,0,0,0,0,1.000000,1.000000,0.000000,1.000000,1.000000,1.000000
303,64.138000,1.015546,57.670000,1.297602,0.128363,10,5000,5000,0,5000,0,5000,5000,0,0,0,0,1.000000,1.000000,0.000000,1.000000,1.000000,1.000000
304,62.196000,1.059921,63.120000,1.050250,0.131458,10,5000,5000,0,5000,0,5000,5000,0,0,0,0,1.000000,1.000000,0.000000,1.000000,1.000000,1.000000
305,63.362000,1.034211,62.390000,1.097142,0.095129,10,5000,5000,0,5000,0,5000,5000,0,0,0,0,1.000000,1.000000,0.000000,1.000000,1.000000,1.000000
306,61.662000,1.068536,58.310000,1.266108,0.087538,10,5000,5000,0,5000,0,5000,5000,0,0,0,0,1.000000,1.000000,0.000000,1.000000,1.000000,1.000000
307,62.978000,1.076162,65.030000,1.063688,0.086316,10,5000,5000,0,5000,0,5000,5000,0,0,0,0,1.000000,1.000000,0.000000,1.000000,1.000000,1.000000
308,63.972000,1.004476,62.070000,1.112876,0.126577,10,5000,5000,0,5000,0,5000,5000,0,0,0,0,1.000000,1.000000,0.000000,1.000000,1.000000,1.000000
309,62.414000,1.058231,63.850000,1.062225,0.107609,10,5000,5000,0,5000,0,5000,5000,0,0,0,0,1.000000,1.000000,0.000000,1.000000,1.000000,1.000000
310,64.510000,1.044285,63.610000,1.141175,0.083079,10,5000,5000,0,5000,0,5000,5000,0,0,0,0,1.000000,1.000000,0.000000,1.000000,1.000000,1.000000
311,63.834000,1.017667,61.210000,1.174719,0.093682,10,5000,5000,0,5000,0,5000,5000,0,0,0,0,1.000000,1.000000,0.000000,1.000000,1.000000,1.000000
312,61.142000,1.151683,59.820000,1.252945,0.089772,10,5000,5000,0,5000,0,5000,5000,0,0,0,0,1.000000,1.000000,0.000000,1.000000,1.000000,1.000000
313,56.778000,1.294414,52.350000,1.493317,0.089238,10,5000,5000,0,5000,0,5000,5000,0,0,0,0,1.000000,1.000000,0.000000,1.000000,1.000000,1.000000
314,58.236000,1.196551,58.920000,1.210113,0.107643,10,5000,5000,0,5000,0,5000,5000,0,0,0,0,1.000000,1.000000,0.000000,1.000000,1.000000,1.000000
315,63.498000,1.080844,57.120000,1.336294,0.102568,10,5000,5000,0,5000,0,5000,5000,0,0,0,0,1.000000,1.000000,0.000000,1.000000,1.000000,1.000000
316,67.234000,0.927216,63.070000,1.116974,0.090624,10,5000,5000,0,5000,0,5000,5000,0,0,0,0,1.000000,1.000000,0.000000,1.000000,1.000000,1.000000
317,61.454000,1.074683,61.290000,1.132839,0.078737,10,5000,5000,0,5000,0,5000,5000,0,0,0,0,1.000000,1.000000,0.000000,1.000000,1.000000,1.000000
318,68.580000,0.881747,66.270000,0.974110,0.164156,10,5000,5000,0,5000,0,5000,5000,0,0,0,0,1.000000,1.000000,0.000000,1.000000,1.000000,1.000000
319,64.384000,1.006317,66.050000,1.014502,0.096390,10,5000,5000,0,5000,0,5000,5000,0,0,0,0,1.000000,1.000000,0.000000,1.000000,1.000000,1.000000
320,62.014000,1.124876,58.800000,1.283938,0.063067,10,5000,5000,0,5000,0,5000,5000,0,0,0,0,1.000000,1.000000,0.000000,1.000000,1.000000,1.000000
321,59.618000,1.210829,60.060000,1.222960,0.099063,10,5000,5000,0,5000,0,5000,5000,0,0,0,0,1.000000,1.000000,0.000000,1.000000,1.000000,1.000000
322,64.462000,1.006872,66.070000,1.029564,0.096400,10,5000,5000,0,5000,0,5000,5000,0,0,0,0,1.000000,1.000000,0.000000,1.000000,1.000000,1.000000
323,68.288000,0.904891,63.890000,1.127409,0.111485,10,5000,5000,0,5000,0,5000,5000,0,0,0,0,1.000000,1.000000,0.000000,1.000000,1.000000,1.000000
324,61.556000,1.095707,64.030000,1.055961,0.076626,10,5000,5000,0,5000,0,5000,5000,0,0,0,0,1.000000,1.000000,0.000000,1.000000,1.000000,1.000000
325,65.106000,0.979851,61.960000,1.123358,0.096977,10,5000,5000,0,5000,0,5000,5000,0,0,0,0,1.000000,1.000000,0.000000,1.000000,1.000000,1.000000
326,69.126000,0.873390,64.620000,1.079744,0.104457,10,5000,5000,0,5000,0,5000,5000,0,0,0,0,1.000000,1.000000,0.000000,1.000000,1.000000,1.000000
327,63.664000,1.022576,59.770000,1.197476,0.099625,10,5000,5000,0,5000,0,5000,5000,0,0,0,0,1.000000,1.000000,0.000000,1.000000,1.000000,1.000000
328,66.776000,0.974098,64.260000,1.099267,0.152868,10,5000,5000,0,5000,0,5000,5000,0,0,0,0,1.000000,1.000000,0.000000,1.000000,1.000000,1.000000
329,68.084000,0.893309,65.250000,1.035890,0.109532,10,5000,5000,0,5000,0,5000,5000,0,0,0,0,1.000000,1.000000,0.000000,1.000000,1.000000,1.000000
330,60.878000,1.121839,59.730000,1.207264,0.083737,10,5000,5000,0,5000,0,5000,5000,0,0,0,0,1.000000,1.000000,0.000000,1.000000,1.000000,1.000000
331,67.218000,0.918160,66.070000,1.005374,0.093996,10,5000,5000,0,5000,0,5000,5000,0,0,0,0,1.000000,1.000000,0.000000,1.000000,1.000000,1.000000
332,65.956000,0.938276,65.100000,1.021493,0.111420,10,5000,5000,0,5000,0,5000,5000,0,0,0,0,1.000000,1.000000,0.000000,1.000000,1.000000,1.000000
333,61.998000,1.161573,60.250000,1.288316,0.094230,10,5000,5000,0,5000,0,5000,5000,0,0,0,0,1.000000,1.000000,0.000000,1.000000,1.000000,1.000000
334,58.108000,1.204730,60.460000,1.153539,0.123980,10,5000,5000,0,5000,0,5000,5000,0,0,0,0,1.000000,1.000000,0.000000,1.000000,1.000000,1.000000
335,58.980000,1.177507,59.840000,1.210875,0.059334,10,5000,5000,0,5000,0,5000,5000,0,0,0,0,1.000000,1.000000,0.000000,1.000000,1.000000,1.000000
336,59.946000,1.194019,56.310000,1.359859,0.071025,10,5000,5000,0,5000,0,5000,5000,0,0,0,0,1.000000,1.000000,0.000000,1.000000,1.000000,1.000000
337,60.162000,1.178727,58.760000,1.296113,0.075527,10,5000,5000,0,5000,0,5000,5000,0,0,0,0,1.000000,1.000000,0.000000,1.000000,1.000000,1.000000
338,64.748000,0.955849,63.370000,1.040449,0.107089,10,5000,5000,0,5000,0,5000,5000,0,0,0,0,1.000000,1.000000,0.000000,1.000000,1.000000,1.000000
339,65.040000,0.981679,63.300000,1.096789,0.094261,10,5000,5000,0,5000,0,5000,5000,0,0,0,0,1.000000,1.000000,0.000000,1.000000,1.000000,1.000000
340,64.672000,1.028307,60.690000,1.241071,0.069742,10,5000,5000,0,5000,0,5000,5000,0,0,0,0,1.000000,1.000000,0.000000,1.000000,1.000000,1.000000
341,64.078000,1.034005,62.060000,1.127787,0.103100,10,5000,5000,0,5000,0,5000,5000,0,0,0,0,1.000000,1.000000,0.000000,1.000000,1.000000,1.000000
342,55.942000,1.342436,56.070000,1.391089,0.100747,10,5000,5000,0,5000,0,5000,5000,0,0,0,0,1.000000,1.000000,0.000000,1.000000,1.000000,1.000000
343,63.142000,1.074198,56.620000,1.362588,0.063205,10,5000,5000,0,5000,0,5000,5000,0,0,0,0,1.000000,1.000000,0.000000,1.000000,1.000000,1.000000
344,66.772000,0.921191,66.970000,0.970989,0.099071,10,5000,5000,0,5000,0,5000,5000,0,0,0,0,1.000000,1.000000,0.000000,1.000000,1.000000,1.000000
345,64.924000,0.973542,62.940000,1.098511,0.093854,10,5000,5000,0,5000,0,5000,5000,0,0,0,0,1.000000,1.000000,0.000000,1.000000,1.000000,1.000000
346,62.218000,1.095010,57.310000,1.336862,0.071057,10,5000,5000,0,5000,0,5000,5000,0,0,0,0,1.000000,1.000000,0.000000,1.000000,1.000000,1.000000
347,62.624000,1.050930,60.610000,1.190028,0.105489,10,5000,5000,0,5000,0,5000,5000,0,0,0,0,1.000000,1.000000,0.000000,1.000000,1.000000,1.000000
348,61.424000,1.093518,59.800000,1.205140,0.094206,10,5000,5000,0,5000,0,5000,5000,0,0,0,0,1.000000,1.000000,0.000000,1.000000,1.000000,1.000000
349,62.278000,1.075599,60.460000,1.176202,0.102459,10,5000,5000,0,5000,0,5000,5000,0,0,0,0,1.000000,1.000000,0.000000,1.000000,1.000000,1.000000
350,67.040000,0.917637,65.220000,1.046951,0.063587,10,5000,5000,0,5000,0,5000,5000,0,0,0,0,1.000000,1.000000,0.000000,1.000000,1.000000,1.000000
351,64.700000,0.970743,61.940000,1.102306,0.095975,10,5000,5000,0,5000,0,5000,5000,0,0,0,0,1.000000,1.000000,0.000000,1.000000,1.000000,1.000000
352,60.076000,1.171066,56.120000,1.377171,0.088653,10,5000,5000,0,5000,0,5000,5000,0,0,0,0,1.000000,1.000000,0.000000,1.000000,1.000000,1.000000
353,55.862000,1.261572,56.020000,1.300471,0.124057,10,5000,5000,0,5000,0,5000,5000,0,0,0,0,1.000000,1.000000,0.000000,1.000000,1.000000,1.000000
354,68.834000,0.877968,63.470000,1.109048,0.101907,10,5000,5000,0,5000,0,5000,5000,0,0,0,0,1.000000,1.000000,0.000000,1.000000,1.000000,1.000000
355,68.050000,0.916381,63.630000,1.116181,0.119931,10,5000,5000,0,5000,0,5000,5000,0,0,0,0,1.000000,1.000000,0.000000,1.000000,1.000000,1.000000
356,69.266000,0.868922,68.900000,0.926310,0.106332,10,5000,5000,0,5000,0,5000,5000,0,0,0,0,1.000000,1.000000,0.000000,1.000000,1.000000,1.000000
357,64.594000,0.997093,66.620000,0.977059,0.092434,10,5000,5000,0,5000,0,5000,5000,0,0,0,0,1.000000,1.000000,0.000000,1.000000,1.000000,1.000000
358,60.030000,1.176846,59.620000,1.280778,0.082397,10,5000,5000,0,5000,0,5000,5000,0,0,0,0,1.000000,1.000000,0.000000,1.000000,1.000000,1.000000
359,64.034000,1.006552,58.800000,1.264487,0.098528,10,5000,5000,0,5000,0,5000,5000,0,0,0,0,1.000000,1.000000,0.000000,1.000000,1.000000,1.000000
360,60.702000,1.130594,59.220000,1.228212,0.084517,10,5000,5000,0,5000,0,5000,5000,0,0,0,0,1.000000,1.000000,0.000000,1.000000,1.000000,1.000000
361,60.384000,1.182238,62.320000,1.173758,0.128440,10,5000,5000,0,5000,0,5000,5000,0,0,0,0,1.000000,1.000000,0.000000,1.000000,1.000000,1.000000
362,68.174000,0.882805,68.720000,0.935486,0.129405,10,5000,5000,0,5000,0,5000,5000,0,0,0,0,1.000000,1.000000,0.000000,1.000000,1.000000,1.000000
363,71.206000,0.812833,65.440000,1.053531,0.095680,10,5000,5000,0,5000,0,5000,5000,0,0,0,0,1.000000,1.000000,0.000000,1.000000,1.000000,1.000000
364,69.004000,0.857512,65.080000,1.040636,0.076775,10,5000,5000,0,5000,0,5000,5000,0,0,0,0,1.000000,1.000000,0.000000,1.000000,1.000000,1.000000
365,66.262000,0.942319,65.210000,1.005541,0.111840,10,5000,5000,0,5000,0,5000,5000,0,0,0,0,1.000000,1.000000,0.000000,1.000000,1.000000,1.000000
366,71.284000,0.796637,71.320000,0.852719,0.091041,10,5000,5000,0,5000,0,5000,5000,0,0,0,0,1.000000,1.000000,0.000000,1.000000,1.000000,1.000000
367,69.146000,0.858233,66.050000,1.007407,0.099184,10,5000,5000,0,5000,0,5000,5000,0,0,0,0,1.000000,1.000000,0.000000,1.000000,1.000000,1.000000
368,62.952000,1.044023,64.470000,1.037261,0.108804,10,5000,5000,0,5000,0,5000,5000,0,0,0,0,1.000000,1.000000,0.000000,1.000000,1.000000,1.000000
369,67.696000,0.915341,65.000000,1.061232,0.102813,10,5000,5000,0,5000,0,5000,5000,0,0,0,0,1.000000,1.000000,0.000000,1.000000,1.000000,1.000000
370,68.186000,0.887073,66.080000,1.015280,0.105790,10,5000,5000,0,5000,0,5000,5000,0,0,0,0,1.000000,1.000000,0.000000,1.000000,1.000000,1.000000
371,65.692000,0.959910,65.630000,1.025458,0.074512,10,5000,5000,0,5000,0,5000,5000,0,0,0,0,1.000000,1.000000,0.000000,1.000000,1.000000,1.000000
372,61.410000,1.078325,62.660000,1.081162,0.099016,10,5000,5000,0,5000,0,5000,5000,0,0,0,0,1.000000,1.000000,0.000000,1.000000,1.000000,1.000000
373,60.294000,1.144713,64.560000,1.030063,0.120214,10,5000,5000,0,5000,0,5000,5000,0,0,0,0,1.000000,1.000000,0.000000,1.000000,1.000000,1.000000
374,63.308000,1.007022,63.680000,1.054571,0.095712,10,5000,5000,0,5000,0,5000,5000,0,0,0,0,1.000000,1.000000,0.000000,1.000000,1.000000,1.000000
375,65.934000,0.944976,66.470000,0.962337,0.078826,10,5000,5000,0,5000,0,5000,5000,0,0,0,0,1.000000,1.000000,0.000000,1.000000,1.000000,1.000000
376,67.576000,0.923072,62.840000,1.158974,0.081908,10,5000,5000,0,5000,0,5000,5000,0,0,0,0,1.000000,1.000000,0.000000,1.000000,1.000000,1.000000
377,67.942000,0.910225,64.120000,1.093753,0.076433,10,5000,5000,0,5000,0,5000,5000,0,0,0,0,1.000000,1.000000,0.000000,1.000000,1.000000,1.000000
378,68.696000,0.877554,65.430000,1.027904,0.102128,10,5000,5000,0,5000,0,5000,5000,0,0,0,0,1.000000,1.000000,0.000000,1.000000,1.000000,1.000000
379,62.382000,1.095327,62.120000,1.178063,0.140809,10,5000,5000,0,5000,0,5000,5000,0,0,0,0,1.000000,1.000000,0.000000,1.000000,1.000000,1.000000
380,68.076000,0.878969,66.090000,0.988871,0.123185,10,5000,5000,0,5000,0,5000,5000,0,0,0,0,1.000000,1.000000,0.000000,1.000000,1.000000,1.000000
381,61.958000,1.075506,60.980000,1.176003,0.078880,10,5000,5000,0,5000,0,5000,5000,0,0,0,0,1.000000,1.000000,0.000000,1.000000,1.000000,1.000000
382,64.690000,1.090414,62.940000,1.190598,0.083808,10,5000,5000,0,5000,0,5000,5000,0,0,0,0,1.000000,1.000000,0.000000,1.000000,1.000000,1.000000
383,67.622000,0.920918,63.410000,1.131354,0.100436,10,5000,5000,0,5000,0,5000,5000,0,0,0,0,1.000000,1.000000,0.000000,1.000000,1.000000,1.000000
384,68.578000,0.921937,69.130000,0.960013,0.100142,10,5000,5000,0,5000,0,5000,5000,0,0,0,0,1.000000,1.000000,0.000000,1.000000,1.000000,1.000000
385,64.746000,1.002617,65.170000,1.021665,0.074662,10,5000,5000,0,5000,0,5000,5000,0,0,0,0,1.000000,1.000000,0.000000,1.000000,1.000000,1.000000
386,71.282000,0.814023,67.400000,0.978553,0.079946,10,5000,5000,0,5000,0,5000,5000,0,0,0,0,1.000000,1.000000,0.000000,1.000000,1.000000,1.000000
387,64.148000,1.014375,65.660000,1.031008,0.123068,10,5000,5000,0,5000,0,5000,5000,0,0,0,0,1.000000,1.000000,0.000000,1.000000,1.000000,1.000000
388,63.140000,1.031866,61.850000,1.125471,0.090290,10,5000,5000,0,5000,0,5000,5000,0,0,0,0,1.000000,1.000000,0.000000,1.000000,1.000000,1.000000
389,66.246000,0.963740,61.390000,1.185263,0.075137,10,5000,5000,0,5000,0,5000,5000,0,0,0,0,1.000000,1.000000,0.000000,1.000000,1.000000,1.000000
390,71.712000,0.792907,67.850000,0.975003,0.080270,10,5000,5000,0,5000,0,5000,5000,0,0,0,0,1.000000,1.000000,0.000000,1.000000,1.000000,1.000000
391,62.740000,1.082383,60.090000,1.240043,0.090692,10,5000,5000,0,5000,0,5000,5000,0,0,0,0,1.000000,1.000000,0.000000,1.000000,1.000000,1.000000
392,69.732000,0.843054,65.520000,1.037692,0.081289,10,5000,5000,0,5000,0,5000,5000,0,0,0,0,1.000000,1.000000,0.000000,1.000000,1.000000,1.000000
393,68.068000,0.898558,63.040000,1.108164,0.075857,10,5000,5000,0,5000,0,5000,5000,0,0,0,0,1.000000,1.000000,0.000000,1.000000,1.000000,1.000000
394,62.124000,1.066264,59.900000,1.200552,0.102706,10,5000,5000,0,5000,0,5000,5000,0,0,0,0,1.000000,1.000000,0.000000,1.000000,1.000000,1.000000
395,67.532000,0.939832,60.070000,1.271519,0.112282,10,5000,5000,0,5000,0,5000,5000,0,0,0,0,1.000000,1.000000,0.000000,1.000000,1.000000,1.000000
396,65.658000,0.956612,61.400000,1.152298,0.093707,10,5000,5000,0,5000,0,5000,5000,0,0,0,0,1.000000,1.000000,0.000000,1.000000,1.000000,1.000000
397,67.880000,0.919552,66.190000,1.047479,0.075728,10,5000,5000,0,5000,0,5000,5000,0,0,0,0,1.000000,1.000000,0.000000,1.000000,1.000000,1.000000
398,70.566000,0.842447,66.040000,1.041000,0.086640,10,5000,5000,0,5000,0,5000,5000,0,0,0,0,1.000000,1.000000,0.000000,1.000000,1.000000,1.000000
399,65.854000,0.989763,66.290000,1.021550,0.049967,10,5000,5000,0,5000,0,5000,5000,0,0,0,0,1.000000,1.000000,0.000000,1.000000,1.000000,1.000000
400,71.690000,0.788594,65.880000,1.032439,0.100160,10,5000,5000,0,5000,0,5000,5000,0,0,0,0,1.000000,1.000000,0.000000,1.000000,1.000000,1.000000
401,67.020000,0.931567,60.760000,1.209655,0.081862,10,5000,5000,0,5000,0,5000,5000,0,0,0,0,1.000000,1.000000,0.000000,1.000000,1.000000,1.000000
402,63.808000,1.028003,64.920000,1.050056,0.078356,10,5000,5000,0,5000,0,5000,5000,0,0,0,0,1.000000,1.000000,0.000000,1.000000,1.000000,1.000000
403,65.668000,0.982290,62.700000,1.147535,0.110298,10,5000,5000,0,5000,0,5000,5000,0,0,0,0,1.000000,1.000000,0.000000,1.000000,1.000000,1.000000
404,56.864000,1.258245,55.710000,1.336056,0.065015,10,5000,5000,0,5000,0,5000,5000,0,0,0,0,1.000000,1.000000,0.000000,1.000000,1.000000,1.000000
405,54.996000,1.332623,55.390000,1.365333,0.086276,10,5000,5000,0,5000,0,5000,5000,0,0,0,0,1.000000,1.000000,0.000000,1.000000,1.000000,1.000000
406,60.060000,1.228806,58.960000,1.348033,0.082107,10,5000,5000,0,5000,0,5000,5000,0,0,0,0,1.000000,1.000000,0.000000,1.000000,1.000000,1.000000
407,68.472000,0.902438,65.600000,1.042376,0.091494,10,5000,5000,0,5000,0,5000,5000,0,0,0,0,1.000000,1.000000,0.000000,1.000000,1.000000,1.000000
408,70.506000,0.826776,67.750000,0.970710,0.101952,10,5000,5000,0,5000,0,5000,5000,0,0,0,0,1.000000,1.000000,0.000000,1.000000,1.000000,1.000000
409,65.822000,0.951335,63.300000,1.119140,0.057448,10,5000,5000,0,5000,0,5000,5000,0,0,0,0,1.000000,1.000000,0.000000,1.000000,1.000000,1.000000
410,63.740000,0.999412,58.890000,1.255500,0.078384,10,5000,5000,0,5000,0,5000,5000,0,0,0,0,1.000000,1.000000,0.000000,1.000000,1.000000,1.000000
411,70.250000,0.823506,67.450000,0.967717,0.112792,10,5000,5000,0,5000,0,5000,5000,0,0,0,0,1.000000,1.000000,0.000000,1.000000,1.000000,1.000000
412,68.568000,0.884036,66.510000,0.997729,0.131030,10,5000,5000,0,5000,0,5000,5000,0,0,0,0,1.000000,1.000000,0.000000,1.000000,1.000000,1.000000
413,64.042000,1.026521,60.450000,1.224037,0.070277,10,5000,5000,0,5000,0,5000,5000,0,0,0,0,1.000000,1.000000,0.000000,1.000000,1.000000,1.000000
414,63.104000,1.055758,59.010000,1.263804,0.096344,10,5000,5000,0,5000,0,5000,5000,0,0,0,0,1.000000,1.000000,0.000000,1.000000,1.000000,1.000000
415,59.526000,1.145686,64.200000,1.037306,0.068326,10,5000,5000,0,5000,0,5000,5000,0,0,0,0,1.000000,1.000000,0.000000,1.000000,1.000000,1.000000
416,64.830000,1.030293,62.980000,1.150312,0.078385,10,5000,5000,0,5000,0,5000,5000,0,0,0,0,1.000000,1.000000,0.000000,1.000000,1.000000,1.000000
417,65.264000,0.984517,62.940000,1.126403,0.101018,10,5000,5000,0,5000,0,5000,5000,0,0,0,0,1.000000,1.000000,0.000000,1.000000,1.000000,1.000000
418,69.276000,0.847031,64.640000,1.043908,0.083868,10,5000,5000,0,5000,0,5000,5000,0,0,0,0,1.000000,1.000000,0.000000,1.000000,1.000000,1.000000
419,63.798000,0.990229,60.770000,1.137416,0.106424,10,5000,5000,0,5000,0,5000,5000,0,0,0,0,1.000000,1.000000,0.000000,1.000000,1.000000,1.000000
420,61.708000,1.075303,60.460000,1.199695,0.105454,10,5000,5000,0,5000,0,5000,5000,0,0,0,0,1.000000,1.000000,0.000000,1.000000,1.000000,1.000000
421,65.632000,0.956819,59.620000,1.261880,0.064739,10,5000,5000,0,5000,0,5000,5000,0,0,0,0,1.000000,1.000000,0.000000,1.000000,1.000000,1.000000
422,62.984000,1.069854,63.160000,1.090608,0.151472,10,5000,5000,0,5000,0,5000,5000,0,0,0,0,1.000000,1.000000,0.000000,1.000000,1.000000,1.000000
423,71.236000,0.805915,65.220000,1.054412,0.108034,10,5000,5000,0,5000,0,5000,5000,0,0,0,0,1.000000,1.000000,0.000000,1.000000,1.000000,1.000000
424,71.202000,0.803465,66.940000,0.994609,0.054608,10,5000,5000,0,5000,0,5000,5000,0,0,0,0,1.000000,1.000000,0.000000,1.000000,1.000000,1.000000
425,63.730000,0.994973,60.990000,1.162178,0.085858,10,5000,5000,0,5000,0,5000,5000,0,0,0,0,1.000000,1.000000,0.000000,1.000000,1.000000,1.000000
426,60.814000,1.200469,57.680000,1.348676,0.063798,10,5000,5000,0,5000,0,5000,5000,0,0,0,0,1.000000,1.000000,0.000000,1.000000,1.000000,1.000000
427,58.424000,1.216800,62.470000,1.125820,0.121412,10,5000,5000,0,5000,0,5000,5000,0,0,0,0,1.000000,1.000000,0.000000,1.000000,1.000000,1.000000
428,68.510000,0.906740,65.670000,1.042943,0.100441,10,5000,5000,0,5000,0,5000,5000,0,0,0,0,1.000000,1.000000,0.000000,1.000000,1.000000,1.000000
429,67.478000,0.913519,59.960000,1.220698,0.114816,10,5000,5000,0,5000,0,5000,5000,0,0,0,0,1.000000,1.000000,0.000000,1.000000,1.000000,1.000000
430,68.296000,0.911200,65.750000,1.062186,0.080285,10,5000,5000,0,5000,0,5000,5000,0,0,0,0,1.000000,1.000000,0.000000,1.000000,1.000000,1.000000
431,70.270000,0.855648,67.000000,1.017919,0.106961,10,5000,5000,0,5000,0,5000,5000,0,0,0,0,1.000000,1.000000,0.000000,1.000000,1.000000,1.000000
432,69.404000,0.855132,67.500000,0.991846,0.120349,10,5000,5000,0,5000,0,5000,5000,0,0,0,0,1.000000,1.000000,0.000000,1.000000,1.000000,1.000000
433,65.994000,0.977021,62.190000,1.171396,0.070929,10,5000,5000,0,5000,0,5000,5000,0,0,0,0,1.000000,1.000000,0.000000,1.000000,1.000000,1.000000
434,67.890000,0.891962,66.500000,0.988950,0.099710,10,5000,5000,0,5000,0,5000,5000,0,0,0,0,1.000000,1.000000,0.000000,1.000000,1.000000,1.000000
435,70.260000,0.828100,66.910000,0.997875,0.067642,10,5000,5000,0,5000,0,5000,5000,0,0,0,0,1.000000,1.000000,0.000000,1.000000,1.000000,1.000000
436,63.184000,1.053226,63.140000,1.121968,0.074256,10,5000,5000,0,5000,0,5000,5000,0,0,0,0,1.000000,1.000000,0.000000,1.000000,1.000000,1.000000
437,67.338000,0.918218,60.010000,1.248550,0.079279,10,5000,5000,0,5000,0,5000,5000,0,0,0,0,1.000000,1.000000,0.000000,1.000000,1.000000,1.000000
438,72.706000,0.762344,68.550000,0.955554,0.086108,10,5000,5000,0,5000,0,5000,5000,0,0,0,0,1.000000,1.000000,0.000000,1.000000,1.000000,1.000000
439,66.566000,0.937845,66.020000,0.998437,0.118261,10,5000,5000,0,5000,0,5000,5000,0,0,0,0,1.000000,1.000000,0.000000,1.000000,1.000000,1.000000
440,67.218000,0.949747,65.220000,1.050651,0.077697,10,5000,5000,0,5000,0,5000,5000,0,0,0,0,1.000000,1.000000,0.000000,1.000000,1.000000,1.000000
441,66.940000,0.955315,67.490000,0.984110,0.125542,10,5000,5000,0,5000,0,5000,5000,0,0,0,0,1.000000,1.000000,0.000000,1.000000,1.000000,1.000000
442,72.806000,0.761861,69.470000,0.903863,0.094538,10,5000,5000,0,5000,0,5000,5000,0,0,0,0,1.000000,1.000000,0.000000,1.000000,1.000000,1.000000
443,69.328000,0.882552,67.680000,1.002522,0.080322,10,5000,5000,0,5000,0,5000,5000,0,0,0,0,1.000000,1.000000,0.000000,1.000000,1.000000,1.000000
444,68.980000,0.909190,67.150000,1.063120,0.083901,10,5000,5000,0,5000,0,5000,5000,0,0,0,0,1.000000,1.000000,0.000000,1.000000,1.000000,1.000000
445,69.438000,0.836609,67.070000,0.987285,0.084389,10,5000,5000,0,5000,0,5000,5000,0,0,0,0,1.000000,1.000000,0.000000,1.000000,1.000000,1.000000
446,67.736000,0.912722,69.300000,0.908274,0.090845,10,5000,5000,0,5000,0,5000,5000,0,0,0,0,1.000000,1.000000,0.000000,1.000000,1.000000,1.000000
447,72.484000,0.765452,67.610000,0.977356,0.067887,10,5000,5000,0,5000,0,5000,5000,0,0,0,0,1.000000,1.000000,0.000000,1.000000,1.000000,1.000000
448,70.064000,0.842802,67.890000,0.960008,0.100968,10,5000,5000,0,5000,0,5000,5000,0,0,0,0,1.000000,1.000000,0.000000,1.000000,1.000000,1.000000
449,54.972000,1.463183,55.720000,1.518440,0.076538,10,5000,5000,0,5000,0,5000,5000,0,0,0,0,1.000000,1.000000,0.000000,1.000000,1.000000,1.000000
450,62.564000,1.098024,57.200000,1.412034,0.090411,10,5000,5000,0,5000,0,5000,5000,0,0,0,0,1.000000,1.000000,0.000000,1.000000,1.000000,1.000000
451,67.618000,0.932451,67.020000,1.003504,0.087471,10,5000,5000,0,5000,0,5000,5000,0,0,0,0,1.000000,1.000000,0.000000,1.000000,1.000000,1.000000
452,65.720000,0.958559,67.870000,0.925849,0.121229,10,5000,5000,0,5000,0,5000,5000,0,0,0,0,1.000000,1.000000,0.000000,1.000000,1.000000,1.000000
453,66.454000,0.966068,65.700000,1.070150,0.091855,10,5000,5000,0,5000,0,5000,5000,0,0,0,0,1.000000,1.000000,0.000000,1.000000,1.000000,1.000000
454,68.148000,0.904686,63.360000,1.126524,0.088434,10,5000,5000,0,5000,0,5000,5000,0,0,0,0,1.000000,1.000000,0.000000,1.000000,1.000000,1.000000
455,65.468000,1.040731,60.770000,1.223729,0.075898,10,5000,5000,0,5000,0,5000,5000,0,0,0,0,1.000000,1.000000,0.000000,1.000000,1.000000,1.000000
456,69.326000,0.855115,64.210000,1.067941,0.059216,10,5000,5000,0,5000,0,5000,5000,0,0,0,0,1.000000,1.000000,0.000000,1.000000,1.000000,1.000000
457,55.814000,1.482416,59.180000,1.383739,0.055512,10,5000,5000,0,5000,0,5000,5000,0,0,0,0,1.000000,1.000000,0.000000,1.000000,1.000000,1.000000
458,69.320000,0.863938,65.730000,1.054796,0.101549,10,5000,5000,0,5000,0,5000,5000,0,0,0,0,1.000000,1.000000,0.000000,1.000000,1.000000,1.000000
459,68.700000,0.901532,68.360000,0.963467,0.097611,10,5000,5000,0,5000,0,5000,5000,0,0,0,0,1.000000,1.000000,0.000000,1.000000,1.000000,1.000000
460,58.892000,1.250478,58.470000,1.343405,0.110813,10,5000,5000,0,5000,0,5000,5000,0,0,0,0,1.000000,1.000000,0.000000,1.000000,1.000000,1.000000
461,66.704000,0.972692,65.770000,1.051558,0.070767,10,5000,5000,0,5000,0,5000,5000,0,0,0,0,1.000000,1.000000,0.000000,1.000000,1.000000,1.000000
462,64.106000,1.026371,62.470000,1.123553,0.128925,10,5000,5000,0,5000,0,5000,5000,0,0,0,0,1.000000,1.000000,0.000000,1.000000,1.000000,1.000000
463,64.268000,1.016866,65.990000,1.011418,0.117373,10,5000,5000,0,5000,0,5000,5000,0,0,0,0,1.000000,1.000000,0.000000,1.000000,1.000000,1.000000
464,70.414000,0.836809,69.130000,0.931397,0.056717,10,5000,5000,0,5000,0,5000,5000,0,0,0,0,1.000000,1.000000,0.000000,1.000000,1.000000,1.000000
465,70.296000,0.825524,69.370000,0.915939,0.091717,10,5000,5000,0,5000,0,5000,5000,0,0,0,0,1.000000,1.000000,0.000000,1.000000,1.000000,1.000000
466,67.272000,0.940730,66.290000,1.020644,0.093455,10,5000,5000,0,5000,0,5000,5000,0,0,0,0,1.000000,1.000000,0.000000,1.000000,1.000000,1.000000
467,64.956000,1.028481,64.000000,1.103275,0.097318,10,5000,5000,0,5000,0,5000,5000,0,0,0,0,1.000000,1.000000,0.000000,1.000000,1.000000,1.000000
468,64.530000,1.012908,65.110000,1.034000,0.095835,10,5000,5000,0,5000,0,5000,5000,0,0,0,0,1.000000,1.000000,0.000000,1.000000,1.000000,1.000000
469,69.544000,0.847056,65.380000,1.033731,0.066572,10,5000,5000,0,5000,0,5000,5000,0,0,0,0,1.000000,1.000000,0.000000,1.000000,1.000000,1.000000
470,67.840000,0.929047,65.320000,1.071878,0.073782,10,5000,5000,0,5000,0,5000,5000,0,0,0,0,1.000000,1.000000,0.000000,1.000000,1.000000,1.000000
471,71.518000,0.794565,70.730000,0.862335,0.135922,10,5000,5000,0,5000,0,5000,5000,0,0,0,0,1.000000,1.000000,0.000000,1.000000,1.000000,1.000000
472,69.616000,0.847382,65.560000,1.040270,0.084841,10,5000,5000,0,5000,0,5000,5000,0,0,0,0,1.000000,1.000000,0.000000,1.000000,1.000000,1.000000
473,71.772000,0.785402,68.760000,0.939384,0.081362,10,5000,5000,0,5000,0,5000,5000,0,0,0,0,1.000000,1.000000,0.000000,1.000000,1.000000,1.000000
474,64.996000,1.004561,61.750000,1.214110,0.059689,10,5000,5000,0,5000,0,5000,5000,0,0,0,0,1.000000,1.000000,0.000000,1.000000,1.000000,1.000000
475,66.998000,0.962307,66.070000,1.002948,0.097258,10,5000,5000,0,5000,0,5000,5000,0,0,0,0,1.000000,1.000000,0.000000,1.000000,1.000000,1.000000
476,69.112000,0.896446,69.380000,0.924277,0.108040,10,5000,5000,0,5000,0,5000,5000,0,0,0,0,1.000000,1.000000,0.000000,1.000000,1.000000,1.000000
477,62.498000,1.105305,58.160000,1.323567,0.068988,10,5000,5000,0,5000,0,5000,5000,0,0,0,0,1.000000,1.000000,0.000000,1.000000,1.000000,1.000000
478,67.640000,0.922642,61.190000,1.221751,0.072998,10,5000,5000,0,5000,0,5000,5000,0,0,0,0,1.000000,1.000000,0.000000,1.000000,1.000000,1.000000
479,69.150000,0.855544,65.390000,1.037989,0.063687,10,5000,5000,0,5000,0,5000,5000,0,0,0,0,1.000000,1.000000,0.000000,1.000000,1.000000,1.000000
480,67.698000,0.913735,67.720000,0.966309,0.082491,10,5000,5000,0,5000,0,5000,5000,0,0,0,0,1.000000,1.000000,0.000000,1.000000,1.000000,1.000000
481,69.304000,0.851648,68.380000,0.925509,0.077008,10,5000,5000,0,5000,0,5000,5000,0,0,0,0,1.000000,1.000000,0.000000,1.000000,1.000000,1.000000
482,70.516000,0.839718,64.940000,1.080746,0.095675,10,5000,5000,0,5000,0,5000,5000,0,0,0,0,1.000000,1.000000,0.000000,1.000000,1.000000,1.000000
483,70.530000,0.841755,67.580000,0.984306,0.082248,10,5000,5000,0,5000,0,5000,5000,0,0,0,0,1.000000,1.000000,0.000000,1.000000,1.000000,1.000000
484,66.040000,0.967646,63.100000,1.119654,0.083809,10,5000,5000,0,5000,0,5000,5000,0,0,0,0,1.000000,1.000000,0.000000,1.000000,1.000000,1.000000
485,62.366000,1.080227,55.870000,1.433442,0.061570,10,5000,5000,0,5000,0,5000,5000,0,0,0,0,1.000000,1.000000,0.000000,1.000000,1.000000,1.000000
486,69.098000,0.874573,66.090000,1.036112,0.082329,10,5000,5000,0,5000,0,5000,5000,0,0,0,0,1.000000,1.000000,0.000000,1.000000,1.000000,1.000000
487,71.426000,0.805881,67.070000,1.036394,0.078751,10,5000,5000,0,5000,0,5000,5000,0,0,0,0,1.000000,1.000000,0.000000,1.000000,1.000000,1.000000
488,67.378000,0.921786,62.920000,1.159563,0.067866,10,5000,5000,0,5000,0,5000,5000,0,0,0,0,1.000000,1.000000,0.000000,1.000000,1.000000,1.000000
489,67.170000,0.950103,65.050000,1.097411,0.082007,10,5000,5000,0,5000,0,5000,5000,0,0,0,0,1.000000,1.000000,0.000000,1.000000,1.000000,1.000000
490,63.508000,1.048193,61.830000,1.173613,0.086614,10,5000,5000,0,5000,0,5000,5000,0,0,0,0,1.000000,1.000000,0.000000,1.000000,1.000000,1.000000
491,68.178000,0.913464,62.810000,1.156362,0.080274,10,5000,5000,0,5000,0,5000,5000,0,0,0,0,1.000000,1.000000,0.000000,1.000000,1.000000,1.000000
492,63.734000,1.042575,60.270000,1.282217,0.057349,10,5000,5000,0,5000,0,5000,5000,0,0,0,0,1.000000,1.000000,0.000000,1.000000,1.000000,1.000000
493,68.782000,0.858253,65.440000,1.035390,0.075121,10,5000,5000,0,5000,0,5000,5000,0,0,0,0,1.000000,1.000000,0.000000,1.000000,1.000000,1.000000
494,67.450000,0.915650,67.660000,0.958462,0.076569,10,5000,5000,0,5000,0,5000,5000,0,0,0,0,1.000000,1.000000,0.000000,1.000000,1.000000,1.000000
495,71.134000,0.815790,65.530000,1.064315,0.074173,10,5000,5000,0,5000,0,5000,5000,0,0,0,0,1.000000,1.000000,0.000000,1.000000,1.000000,1.000000
496,71.050000,0.809909,70.630000,0.900806,0.085628,10,5000,5000,0,5000,0,5000,5000,0,0,0,0,1.000000,1.000000,0.000000,1.000000,1.000000,1.000000
497,69.704000,0.862500,66.470000,1.023299,0.090742,10,5000,5000,0,5000,0,5000,5000,0,0,0,0,1.000000,1.000000,0.000000,1.000000,1.000000,1.000000
498,66.156000,0.994268,64.620000,1.120341,0.067612,10,5000,5000,0,5000,0,5000,5000,0,0,0,0,1.000000,1.000000,0.000000,1.000000,1.000000,1.000000
499,65.910000,1.005272,65.630000,1.100746,0.060657,10,5000,5000,0,5000,0,5000,5000,0,0,0,0,1.000000,1.000000,0.000000,1.000000,1.000000,1.000000
