epoch,train_acc,train_loss,test_acc,test_loss,local_train_loss,selected_clients,total_count,actual_round_clean_count,actual_round_noisy_count,fedrn_clean_count,fedrn_noisy_count,train_count,actual_train_clean_count,actual_train_noisy_count,missed_clean_count,false_clean_count,correctly_excluded_noisy_count,actual_round_clean_ratio,fedrn_clean_ratio,fedrn_noisy_ratio,actual_train_clean_ratio,clean_recall,train_ratio
0,17.942000,2.277549,18.830000,2.257614,0.401180,50,25000,25000,0,25000,0,25000,25000,0,0,0,0,1.000000,1.000000,0.000000,1.000000,1.000000,1.000000
1,23.942000,2.126888,26.210000,2.097457,0.413266,50,25000,25000,0,25000,0,25000,25000,0,0,0,0,1.000000,1.000000,0.000000,1.000000,1.000000,1.000000
2,28.826000,1.999553,31.190000,1.963761,0.386213,50,25000,25000,0,25000,0,25000,25000,0,0,0,0,1.000000,1.000000,0.000000,1.000000,1.000000,1.000000
3,30.644000,1.926287,35.930000,1.862239,0.353908,50,25000,25000,0,25000,0,25000,25000,0,0,0,0,1.000000,1.000000,0.000000,1.000000,1.000000,1.000000
4,36.188000,1.855357,38.680000,1.813251,0.351247,50,25000,25000,0,25000,0,25000,25000,0,0,0,0,1.000000,1.000000,0.000000,1.000000,1.000000,1.000000
5,34.848000,1.814312,40.870000,1.736356,0.344065,50,25000,25000,0,25000,0,25000,25000,0,0,0,0,1.000000,1.000000,0.000000,1.000000,1.000000,1.000000
6,35.998000,1.778647,40.250000,1.714135,0.353305,50,25000,25000,0,25000,0,25000,25000,0,0,0,0,1.000000,1.000000,0.000000,1.000000,1.000000,1.000000
7,37.716000,1.748755,37.800000,1.723903,0.310147,50,25000,25000,0,25000,0,25000,25000,0,0,0,0,1.000000,1.000000,0.000000,1.000000,1.000000,1.000000
8,41.754000,1.697898,46.330000,1.619028,0.339542,50,25000,25000,0,25000,0,25000,25000,0,0,0,0,1.000000,1.000000,0.000000,1.000000,1.000000,1.000000
9,41.200000,1.651057,46.060000,1.580582,0.330415,50,25000,25000,0,25000,0,25000,25000,0,0,0,0,1.000000,1.000000,0.000000,1.000000,1.000000,1.000000
10,45.962000,1.587837,47.170000,1.549424,0.313251,50,25000,25000,0,25000,0,25000,25000,0,0,0,0,1.000000,1.000000,0.000000,1.000000,1.000000,1.000000
11,43.674000,1.592816,45.360000,1.553139,0.268065,50,25000,25000,0,25000,0,25000,25000,0,0,0,0,1.000000,1.000000,0.000000,1.000000,1.000000,1.000000
12,48.408000,1.533252,51.160000,1.475518,0.289107,50,25000,25000,0,25000,0,25000,25000,0,0,0,0,1.000000,1.000000,0.000000,1.000000,1.000000,1.000000
13,46.662000,1.538523,49.950000,1.475240,0.271888,50,25000,25000,0,25000,0,25000,25000,0,0,0,0,1.000000,1.000000,0.000000,1.000000,1.000000,1.000000
14,49.600000,1.487291,49.580000,1.464184,0.289586,50,25000,25000,0,25000,0,25000,25000,0,0,0,0,1.000000,1.000000,0.000000,1.000000,1.000000,1.000000
15,47.050000,1.517229,50.200000,1.455986,0.287350,50,25000,25000,0,25000,0,25000,25000,0,0,0,0,1.000000,1.000000,0.000000,1.000000,1.000000,1.000000
16,50.298000,1.446654,51.670000,1.419169,0.276434,50,25000,25000,0,25000,0,25000,25000,0,0,0,0,1.000000,1.000000,0.000000,1.000000,1.000000,1.000000
17,50.774000,1.436105,51.230000,1.407455,0.276823,50,25000,25000,0,25000,0,25000,25000,0,0,0,0,1.000000,1.000000,0.000000,1.000000,1.000000,1.000000
18,51.348000,1.414470,52.800000,1.381520,0.271965,50,25000,25000,0,25000,0,25000,25000,0,0,0,0,1.000000,1.000000,0.000000,1.000000,1.000000,1.000000
19,51.540000,1.423009,50.330000,1.414547,0.259670,50,25000,25000,0,25000,0,25000,25000,0,0,0,0,1.000000,1.000000,0.000000,1.000000,1.000000,1.000000
20,53.200000,1.385698,51.320000,1.402020,0.274855,50,25000,25000,0,25000,0,25000,25000,0,0,0,0,1.000000,1.000000,0.000000,1.000000,1.000000,1.000000
21,51.860000,1.404455,52.810000,1.379644,0.251018,50,25000,25000,0,25000,0,25000,25000,0,0,0,0,1.000000,1.000000,0.000000,1.000000,1.000000,1.000000
22,50.268000,1.423083,47.810000,1.449185,0.253506,50,25000,25000,0,25000,0,25000,25000,0,0,0,0,1.000000,1.000000,0.000000,1.000000,1.000000,1.000000
23,53.658000,1.354650,53.190000,1.342421,0.247734,50,25000,25000,0,25000,0,25000,25000,0,0,0,0,1.000000,1.000000,0.000000,1.000000,1.000000,1.000000
24,53.070000,1.355942,53.940000,1.346394,0.244850,50,25000,25000,0,25000,0,25000,25000,0,0,0,0,1.000000,1.000000,0.000000,1.000000,1.000000,1.000000
25,52.962000,1.351443,53.750000,1.330249,0.249587,50,25000,25000,0,25000,0,25000,25000,0,0,0,0,1.000000,1.000000,0.000000,1.000000,1.000000,1.000000
26,55.512000,1.304680,54.620000,1.302715,0.259034,50,25000,25000,0,25000,0,25000,25000,0,0,0,0,1.000000,1.000000,0.000000,1.000000,1.000000,1.000000
27,52.586000,1.338715,50.710000,1.364251,0.243934,50,25000,25000,0,25000,0,25000,25000,0,0,0,0,1.000000,1.000000,0.000000,1.000000,1.000000,1.000000
28,53.992000,1.322307,52.910000,1.335929,0.226594,50,25000,25000,0,25000,0,25000,25000,0,0,0,0,1.000000,1.000000,0.000000,1.000000,1.000000,1.000000
29,54.166000,1.321490,53.480000,1.323764,0.257650,50,25000,25000,0,25000,0,25000,25000,0,0,0,0,1.000000,1.000000,0.000000,1.000000,1.000000,1.000000
30,57.084000,1.262668,57.520000,1.250516,0.227386,50,25000,25000,0,25000,0,25000,25000,0,0,0,0,1.000000,1.000000,0.000000,1.000000,1.000000,1.000000
31,55.996000,1.271428,55.650000,1.280937,0.206703,50,25000,25000,0,25000,0,25000,25000,0,0,0,0,1.000000,1.000000,0.000000,1.000000,1.000000,1.000000
32,55.452000,1.270426,56.130000,1.245082,0.222436,50,25000,25000,0,25000,0,25000,25000,0,0,0,0,1.000000,1.000000,0.000000,1.000000,1.000000,1.000000
33,57.092000,1.241076,56.790000,1.254896,0.233518,50,25000,25000,0,25000,0,25000,25000,0,0,0,0,1.000000,1.000000,0.000000,1.000000,1.000000,1.000000
34,58.514000,1.223461,57.940000,1.227472,0.230414,50,25000,25000,0,25000,0,25000,25000,0,0,0,0,1.000000,1.000000,0.000000,1.000000,1.000000,1.000000
35,59.228000,1.211299,58.880000,1.213232,0.233259,50,25000,25000,0,25000,0,25000,25000,0,0,0,0,1.000000,1.000000,0.000000,1.000000,1.000000,1.000000
36,58.050000,1.222672,58.410000,1.219499,0.212936,50,25000,25000,0,25000,0,25000,25000,0,0,0,0,1.000000,1.000000,0.000000,1.000000,1.000000,1.000000
37,58.956000,1.201119,58.710000,1.209063,0.214881,50,25000,25000,0,25000,0,25000,25000,0,0,0,0,1.000000,1.000000,0.000000,1.000000,1.000000,1.000000
38,57.796000,1.206818,57.760000,1.207187,0.206961,50,25000,25000,0,25000,0,25000,25000,0,0,0,0,1.000000,1.000000,0.000000,1.000000,1.000000,1.000000
39,59.312000,1.190138,59.690000,1.189468,0.205737,50,25000,25000,0,25000,0,25000,25000,0,0,0,0,1.000000,1.000000,0.000000,1.000000,1.000000,1.000000
40,60.042000,1.174782,58.450000,1.201857,0.216462,50,25000,25000,0,25000,0,25000,25000,0,0,0,0,1.000000,1.000000,0.000000,1.000000,1.000000,1.000000
41,56.488000,1.230793,55.310000,1.245079,0.209062,50,25000,25000,0,25000,0,25000,25000,0,0,0,0,1.000000,1.000000,0.000000,1.000000,1.000000,1.000000
42,59.826000,1.175988,57.870000,1.224094,0.210590,50,25000,25000,0,25000,0,25000,25000,0,0,0,0,1.000000,1.000000,0.000000,1.000000,1.000000,1.000000
43,58.098000,1.193756,57.210000,1.231936,0.224693,50,25000,25000,0,25000,0,25000,25000,0,0,0,0,1.000000,1.000000,0.000000,1.000000,1.000000,1.000000
44,55.428000,1.228036,58.770000,1.180382,0.229731,50,25000,25000,0,25000,0,25000,25000,0,0,0,0,1.000000,1.000000,0.000000,1.000000,1.000000,1.000000
45,57.390000,1.204917,58.880000,1.187034,0.210480,50,25000,25000,0,25000,0,25000,25000,0,0,0,0,1.000000,1.000000,0.000000,1.000000,1.000000,1.000000
46,58.854000,1.178875,57.640000,1.225690,0.189177,50,25000,25000,0,25000,0,25000,25000,0,0,0,0,1.000000,1.000000,0.000000,1.000000,1.000000,1.000000
47,60.556000,1.141791,59.290000,1.162284,0.227267,50,25000,25000,0,25000,0,25000,25000,0,0,0,0,1.000000,1.000000,0.000000,1.000000,1.000000,1.000000
48,59.502000,1.153518,59.100000,1.165338,0.215611,50,25000,25000,0,25000,0,25000,25000,0,0,0,0,1.000000,1.000000,0.000000,1.000000,1.000000,1.000000
49,60.394000,1.138679,62.060000,1.123553,0.216742,50,25000,25000,0,25000,0,25000,25000,0,0,0,0,1.000000,1.000000,0.000000,1.000000,1.000000,1.000000
50,61.576000,1.120884,59.620000,1.162972,0.192867,50,25000,25000,0,25000,0,25000,25000,0,0,0,0,1.000000,1.000000,0.000000,1.000000,1.000000,1.000000
51,59.034000,1.157010,59.380000,1.156891,0.223182,50,25000,25000,0,25000,0,25000,25000,0,0,0,0,1.000000,1.000000,0.000000,1.000000,1.000000,1.000000
52,60.764000,1.128405,60.050000,1.164447,0.181513,50,25000,25000,0,25000,0,25000,25000,0,0,0,0,1.000000,1.000000,0.000000,1.000000,1.000000,1.000000
53,59.848000,1.153670,57.650000,1.218330,0.189207,50,25000,25000,0,25000,0,25000,25000,0,0,0,0,1.000000,1.000000,0.000000,1.000000,1.000000,1.000000
54,61.148000,1.121086,59.350000,1.170322,0.191924,50,25000,25000,0,25000,0,25000,25000,0,0,0,0,1.000000,1.000000,0.000000,1.000000,1.000000,1.000000
55,60.018000,1.137385,60.530000,1.156817,0.190948,50,25000,25000,0,25000,0,25000,25000,0,0,0,0,1.000000,1.000000,0.000000,1.000000,1.000000,1.000000
56,59.528000,1.134348,58.820000,1.172927,0.176441,50,25000,25000,0,25000,0,25000,25000,0,0,0,0,1.000000,1.000000,0.000000,1.000000,1.000000,1.000000
57,62.620000,1.099046,58.320000,1.198465,0.176635,50,25000,25000,0,25000,0,25000,25000,0,0,0,0,1.000000,1.000000,0.000000,1.000000,1.000000,1.000000
58,61.356000,1.101376,59.570000,1.154317,0.202286,50,25000,25000,0,25000,0,25000,25000,0,0,0,0,1.000000,1.000000,0.000000,1.000000,1.000000,1.000000
59,62.166000,1.090361,61.720000,1.108043,0.198589,50,25000,25000,0,25000,0,25000,25000,0,0,0,0,1.000000,1.000000,0.000000,1.000000,1.000000,1.000000
60,62.088000,1.089930,58.850000,1.177815,0.202709,50,25000,25000,0,25000,0,25000,25000,0,0,0,0,1.000000,1.000000,0.000000,1.000000,1.000000,1.000000
61,59.740000,1.123138,59.860000,1.135026,0.186703,50,25000,25000,0,25000,0,25000,25000,0,0,0,0,1.000000,1.000000,0.000000,1.000000,1.000000,1.000000
62,62.280000,1.087879,60.000000,1.153323,0.189502,50,25000,25000,0,25000,0,25000,25000,0,0,0,0,1.000000,1.000000,0.000000,1.000000,1.000000,1.000000
63,61.874000,1.086020,61.880000,1.097960,0.193632,50,25000,25000,0,25000,0,25000,25000,0,0,0,0,1.000000,1.000000,0.000000,1.000000,1.000000,1.000000
64,63.640000,1.056950,61.200000,1.124460,0.190384,50,25000,25000,0,25000,0,25000,25000,0,0,0,0,1.000000,1.000000,0.000000,1.000000,1.000000,1.000000
65,63.928000,1.047515,62.830000,1.084797,0.187834,50,25000,25000,0,25000,0,25000,25000,0,0,0,0,1.000000,1.000000,0.000000,1.000000,1.000000,1.000000
66,61.110000,1.095640,60.920000,1.122180,0.190150,50,25000,25000,0,25000,0,25000,25000,0,0,0,0,1.000000,1.000000,0.000000,1.000000,1.000000,1.000000
67,61.234000,1.107991,56.660000,1.226312,0.174087,50,25000,25000,0,25000,0,25000,25000,0,0,0,0,1.000000,1.000000,0.000000,1.000000,1.000000,1.000000
68,61.072000,1.101050,62.720000,1.100189,0.187041,50,25000,25000,0,25000,0,25000,25000,0,0,0,0,1.000000,1.000000,0.000000,1.000000,1.000000,1.000000
69,63.660000,1.048873,61.940000,1.103782,0.199659,50,25000,25000,0,25000,0,25000,25000,0,0,0,0,1.000000,1.000000,0.000000,1.000000,1.000000,1.000000
70,63.062000,1.054829,59.980000,1.147817,0.174606,50,25000,25000,0,25000,0,25000,25000,0,0,0,0,1.000000,1.000000,0.000000,1.000000,1.000000,1.000000
71,61.930000,1.070082,62.740000,1.075474,0.181275,50,25000,25000,0,25000,0,25000,25000,0,0,0,0,1.000000,1.000000,0.000000,1.000000,1.000000,1.000000
72,61.982000,1.071193,62.320000,1.088180,0.181671,50,25000,25000,0,25000,0,25000,25000,0,0,0,0,1.000000,1.000000,0.000000,1.000000,1.000000,1.000000
73,63.102000,1.049501,61.510000,1.108212,0.165792,50,25000,25000,0,25000,0,25000,25000,0,0,0,0,1.000000,1.000000,0.000000,1.000000,1.000000,1.000000
74,63.556000,1.045919,61.150000,1.139652,0.153262,50,25000,25000,0,25000,0,25000,25000,0,0,0,0,1.000000,1.000000,0.000000,1.000000,1.000000,1.000000
75,62.352000,1.053807,61.890000,1.080728,0.179975,50,25000,25000,0,25000,0,25000,25000,0,0,0,0,1.000000,1.000000,0.000000,1.000000,1.000000,1.000000
76,63.292000,1.057202,60.520000,1.143687,0.189807,50,25000,25000,0,25000,0,25000,25000,0,0,0,0,1.000000,1.000000,0.000000,1.000000,1.000000,1.000000
77,62.292000,1.073196,63.190000,1.069735,0.178589,50,25000,25000,0,25000,0,25000,25000,0,0,0,0,1.000000,1.000000,0.000000,1.000000,1.000000,1.000000
78,62.400000,1.045794,62.150000,1.085175,0.168453,50,25000,25000,0,25000,0,25000,25000,0,0,0,0,1.000000,1.000000,0.000000,1.000000,1.000000,1.000000
79,65.318000,1.003532,63.440000,1.058862,0.185874,50,25000,25000,0,25000,0,25000,25000,0,0,0,0,1.000000,1.000000,0.000000,1.000000,1.000000,1.000000
80,64.070000,1.023439,59.970000,1.141386,0.176903,50,25000,25000,0,25000,0,25000,25000,0,0,0,0,1.000000,1.000000,0.000000,1.000000,1.000000,1.000000
81,64.682000,1.009321,62.940000,1.074891,0.171442,50,25000,25000,0,25000,0,25000,25000,0,0,0,0,1.000000,1.000000,0.000000,1.000000,1.000000,1.000000
82,65.018000,1.003775,64.000000,1.046199,0.179023,50,25000,25000,0,25000,0,25000,25000,0,0,0,0,1.000000,1.000000,0.000000,1.000000,1.000000,1.000000
83,65.242000,0.993070,63.440000,1.067546,0.174371,50,25000,25000,0,25000,0,25000,25000,0,0,0,0,1.000000,1.000000,0.000000,1.000000,1.000000,1.000000
84,63.910000,1.020727,63.300000,1.067414,0.178201,50,25000,25000,0,25000,0,25000,25000,0,0,0,0,1.000000,1.000000,0.000000,1.000000,1.000000,1.000000
85,64.642000,1.009772,63.090000,1.061454,0.175369,50,25000,25000,0,25000,0,25000,25000,0,0,0,0,1.000000,1.000000,0.000000,1.000000,1.000000,1.000000
86,62.624000,1.034869,60.910000,1.091198,0.172778,50,25000,25000,0,25000,0,25000,25000,0,0,0,0,1.000000,1.000000,0.000000,1.000000,1.000000,1.000000
87,65.408000,0.982308,63.060000,1.064387,0.162513,50,25000,25000,0,25000,0,25000,25000,0,0,0,0,1.000000,1.000000,0.000000,1.000000,1.000000,1.000000
88,65.820000,0.980283,62.230000,1.085594,0.179563,50,25000,25000,0,25000,0,25000,25000,0,0,0,0,1.000000,1.000000,0.000000,1.000000,1.000000,1.000000
89,64.862000,0.998145,63.210000,1.065858,0.157155,50,25000,25000,0,25000,0,25000,25000,0,0,0,0,1.000000,1.000000,0.000000,1.000000,1.000000,1.000000
90,64.650000,1.006979,64.660000,1.020958,0.160544,50,25000,25000,0,25000,0,25000,25000,0,0,0,0,1.000000,1.000000,0.000000,1.000000,1.000000,1.000000
91,65.428000,0.991889,62.010000,1.093233,0.179661,50,25000,25000,0,25000,0,25000,25000,0,0,0,0,1.000000,1.000000,0.000000,1.000000,1.000000,1.000000
92,64.598000,1.000908,62.630000,1.082442,0.155897,50,25000,25000,0,25000,0,25000,25000,0,0,0,0,1.000000,1.000000,0.000000,1.000000,1.000000,1.000000
93,64.536000,1.003518,62.090000,1.089866,0.149277,50,25000,25000,0,25000,0,25000,25000,0,0,0,0,1.000000,1.000000,0.000000,1.000000,1.000000,1.000000
94,65.484000,0.980057,63.500000,1.058127,0.156180,50,25000,25000,0,25000,0,25000,25000,0,0,0,0,1.000000,1.000000,0.000000,1.000000,1.000000,1.000000
95,64.716000,0.993847,62.660000,1.063889,0.159690,50,25000,25000,0,25000,0,25000,25000,0,0,0,0,1.000000,1.000000,0.000000,1.000000,1.000000,1.000000
96,65.478000,0.980552,62.670000,1.078933,0.172984,50,25000,25000,0,25000,0,25000,25000,0,0,0,0,1.000000,1.000000,0.000000,1.000000,1.000000,1.000000
97,66.934000,0.952569,63.810000,1.049371,0.154608,50,25000,25000,0,25000,0,25000,25000,0,0,0,0,1.000000,1.000000,0.000000,1.000000,1.000000,1.000000
98,66.696000,0.955016,64.430000,1.044604,0.166829,50,25000,25000,0,25000,0,25000,25000,0,0,0,0,1.000000,1.000000,0.000000,1.000000,1.000000,1.000000
99,66.718000,0.958535,62.020000,1.086324,0.164758,50,25000,25000,0,25000,0,25000,25000,0,0,0,0,1.000000,1.000000,0.000000,1.000000,1.000000,1.000000
100,64.894000,0.996594,60.530000,1.129514,0.140498,50,25000,25000,0,25000,0,25000,25000,0,0,0,0,1.000000,1.000000,0.000000,1.000000,1.000000,1.000000
101,65.378000,0.985069,62.600000,1.062443,0.173805,50,25000,25000,0,25000,0,25000,25000,0,0,0,0,1.000000,1.000000,0.000000,1.000000,1.000000,1.000000
102,67.046000,0.950207,64.870000,1.022113,0.181215,50,25000,25000,0,25000,0,25000,25000,0,0,0,0,1.000000,1.000000,0.000000,1.000000,1.000000,1.000000
103,67.140000,0.939773,63.590000,1.050997,0.149825,50,25000,25000,0,25000,0,25000,25000,0,0,0,0,1.000000,1.000000,0.000000,1.000000,1.000000,1.000000
104,66.914000,0.947714,65.030000,1.017388,0.165069,50,25000,25000,0,25000,0,25000,25000,0,0,0,0,1.000000,1.000000,0.000000,1.000000,1.000000,1.000000
105,67.138000,0.942796,62.580000,1.086479,0.144280,50,25000,25000,0,25000,0,25000,25000,0,0,0,0,1.000000,1.000000,0.000000,1.000000,1.000000,1.000000
106,66.546000,0.956854,63.470000,1.053007,0.164988,50,25000,25000,0,25000,0,25000,25000,0,0,0,0,1.000000,1.000000,0.000000,1.000000,1.000000,1.000000
107,65.278000,0.976614,62.860000,1.066085,0.148639,50,25000,25000,0,25000,0,25000,25000,0,0,0,0,1.000000,1.000000,0.000000,1.000000,1.000000,1.000000
108,65.482000,0.972384,61.800000,1.074389,0.157701,50,25000,25000,0,25000,0,25000,25000,0,0,0,0,1.000000,1.000000,0.000000,1.000000,1.000000,1.000000
109,66.228000,0.954191,65.740000,0.993336,0.146206,50,25000,25000,0,25000,0,25000,25000,0,0,0,0,1.000000,1.000000,0.000000,1.000000,1.000000,1.000000
110,66.372000,0.952587,61.440000,1.120340,0.150481,50,25000,25000,0,25000,0,25000,25000,0,0,0,0,1.000000,1.000000,0.000000,1.000000,1.000000,1.000000
111,64.574000,0.979582,65.400000,0.991832,0.172401,50,25000,25000,0,25000,0,25000,25000,0,0,0,0,1.000000,1.000000,0.000000,1.000000,1.000000,1.000000
112,66.910000,0.945292,62.330000,1.097379,0.150291,50,25000,25000,0,25000,0,25000,25000,0,0,0,0,1.000000,1.000000,0.000000,1.000000,1.000000,1.000000
113,66.028000,0.959510,63.660000,1.049773,0.155866,50,25000,25000,0,25000,0,25000,25000,0,0,0,0,1.000000,1.000000,0.000000,1.000000,1.000000,1.000000
114,66.396000,0.954414,62.670000,1.080854,0.142626,50,25000,25000,0,25000,0,25000,25000,0,0,0,0,1.000000,1.000000,0.000000,1.000000,1.000000,1.000000
115,67.782000,0.931035,64.190000,1.045860,0.151024,50,25000,25000,0,25000,0,25000,25000,0,0,0,0,1.000000,1.000000,0.000000,1.000000,1.000000,1.000000
116,67.442000,0.932593,63.570000,1.063389,0.157502,50,25000,25000,0,25000,0,25000,25000,0,0,0,0,1.000000,1.000000,0.000000,1.000000,1.000000,1.000000
117,67.784000,0.918286,64.600000,1.021768,0.139069,50,25000,25000,0,25000,0,25000,25000,0,0,0,0,1.000000,1.000000,0.000000,1.000000,1.000000,1.000000
118,67.076000,0.932771,63.440000,1.047166,0.144331,50,25000,25000,0,25000,0,25000,25000,0,0,0,0,1.000000,1.000000,0.000000,1.000000,1.000000,1.000000
119,67.218000,0.931559,64.980000,1.025531,0.139820,50,25000,25000,0,25000,0,25000,25000,0,0,0,0,1.000000,1.000000,0.000000,1.000000,1.000000,1.000000
120,66.068000,0.952258,63.230000,1.056119,0.156057,50,25000,25000,0,25000,0,25000,25000,0,0,0,0,1.000000,1.000000,0.000000,1.000000,1.000000,1.000000
121,67.130000,0.932692,64.010000,1.044269,0.134577,50,25000,25000,0,25000,0,25000,25000,0,0,0,0,1.000000,1.000000,0.000000,1.000000,1.000000,1.000000
122,66.882000,0.938968,66.020000,1.001649,0.154004,50,25000,25000,0,25000,0,25000,25000,0,0,0,0,1.000000,1.000000,0.000000,1.000000,1.000000,1.000000
123,66.756000,0.936139,64.950000,1.004660,0.159285,50,25000,25000,0,25000,0,25000,25000,0,0,0,0,1.000000,1.000000,0.000000,1.000000,1.000000,1.000000
124,67.144000,0.932441,65.440000,1.004698,0.139109,50,25000,25000,0,25000,0,25000,25000,0,0,0,0,1.000000,1.000000,0.000000,1.000000,1.000000,1.000000
125,67.678000,0.917516,64.780000,1.018008,0.150421,50,25000,25000,0,25000,0,25000,25000,0,0,0,0,1.000000,1.000000,0.000000,1.000000,1.000000,1.000000
126,66.580000,0.942684,64.260000,1.036388,0.143847,50,25000,25000,0,25000,0,25000,25000,0,0,0,0,1.000000,1.000000,0.000000,1.000000,1.000000,1.000000
127,67.020000,0.925252,65.530000,0.978844,0.153715,50,25000,25000,0,25000,0,25000,25000,0,0,0,0,1.000000,1.000000,0.000000,1.000000,1.000000,1.000000
128,66.002000,0.948696,64.150000,1.035248,0.149488,50,25000,25000,0,25000,0,25000,25000,0,0,0,0,1.000000,1.000000,0.000000,1.000000,1.000000,1.000000
129,68.172000,0.902408,64.330000,1.025634,0.152883,50,25000,25000,0,25000,0,25000,25000,0,0,0,0,1.000000,1.000000,0.000000,1.000000,1.000000,1.000000
130,68.270000,0.908101,62.910000,1.062480,0.139394,50,25000,25000,0,25000,0,25000,25000,0,0,0,0,1.000000,1.000000,0.000000,1.000000,1.000000,1.000000
131,66.764000,0.936050,65.980000,0.974702,0.159094,50,25000,25000,0,25000,0,25000,25000,0,0,0,0,1.000000,1.000000,0.000000,1.000000,1.000000,1.000000
132,67.416000,0.927076,63.350000,1.070832,0.133262,50,25000,25000,0,25000,0,25000,25000,0,0,0,0,1.000000,1.000000,0.000000,1.000000,1.000000,1.000000
133,67.998000,0.920286,64.520000,1.032280,0.156624,50,25000,25000,0,25000,0,25000,25000,0,0,0,0,1.000000,1.000000,0.000000,1.000000,1.000000,1.000000
134,68.408000,0.897374,64.610000,1.022461,0.149268,50,25000,25000,0,25000,0,25000,25000,0,0,0,0,1.000000,1.000000,0.000000,1.000000,1.000000,1.000000
135,67.408000,0.921188,65.530000,0.994092,0.131660,50,25000,25000,0,25000,0,25000,25000,0,0,0,0,1.000000,1.000000,0.000000,1.000000,1.000000,1.000000
136,66.524000,0.925981,64.520000,1.001802,0.136052,50,25000,25000,0,25000,0,25000,25000,0,0,0,0,1.000000,1.000000,0.000000,1.000000,1.000000,1.000000
137,67.308000,0.913144,65.650000,0.987307,0.134477,50,25000,25000,0,25000,0,25000,25000,0,0,0,0,1.000000,1.000000,0.000000,1.000000,1.000000,1.000000
138,67.258000,0.924983,65.980000,0.987030,0.138544,50,25000,25000,0,25000,0,25000,25000,0,0,0,0,1.000000,1.000000,0.000000,1.000000,1.000000,1.000000
139,68.460000,0.899802,63.800000,1.048678,0.139829,50,25000,25000,0,25000,0,25000,25000,0,0,0,0,1.000000,1.000000,0.000000,1.000000,1.000000,1.000000
140,66.572000,0.926445,64.920000,1.019419,0.145431,50,25000,25000,0,25000,0,25000,25000,0,0,0,0,1.000000,1.000000,0.000000,1.000000,1.000000,1.000000
141,67.684000,0.903228,65.630000,0.992760,0.151847,50,25000,25000,0,25000,0,25000,25000,0,0,0,0,1.000000,1.000000,0.000000,1.000000,1.000000,1.000000
142,68.788000,0.890293,65.280000,1.023838,0.142437,50,25000,25000,0,25000,0,25000,25000,0,0,0,0,1.000000,1.000000,0.000000,1.000000,1.000000,1.000000
143,68.510000,0.890097,64.920000,1.025614,0.118740,50,25000,25000,0,25000,0,25000,25000,0,0,0,0,1.000000,1.000000,0.000000,1.000000,1.000000,1.000000
144,69.256000,0.875769,64.540000,1.030929,0.144883,50,25000,25000,0,25000,0,25000,25000,0,0,0,0,1.000000,1.000000,0.000000,1.000000,1.000000,1.000000
145,69.194000,0.875890,66.990000,0.963692,0.131898,50,25000,25000,0,25000,0,25000,25000,0,0,0,0,1.000000,1.000000,0.000000,1.000000,1.000000,1.000000
146,67.594000,0.907062,64.160000,1.030986,0.145402,50,25000,25000,0,25000,0,25000,25000,0,0,0,0,1.000000,1.000000,0.000000,1.000000,1.000000,1.000000
147,69.066000,0.885368,63.970000,1.064907,0.128540,50,25000,25000,0,25000,0,25000,25000,0,0,0,0,1.000000,1.000000,0.000000,1.000000,1.000000,1.000000
148,69.544000,0.866136,66.320000,0.979541,0.138540,50,25000,25000,0,25000,0,25000,25000,0,0,0,0,1.000000,1.000000,0.000000,1.000000,1.000000,1.000000
149,69.316000,0.874884,66.400000,0.981727,0.151741,50,25000,25000,0,25000,0,25000,25000,0,0,0,0,1.000000,1.000000,0.000000,1.000000,1.000000,1.000000
150,68.066000,0.901051,65.440000,1.015886,0.136714,50,25000,25000,0,25000,0,25000,25000,0,0,0,0,1.000000,1.000000,0.000000,1.000000,1.000000,1.000000
151,68.824000,0.874449,64.510000,1.015937,0.138802,50,25000,25000,0,25000,0,25000,25000,0,0,0,0,1.000000,1.000000,0.000000,1.000000,1.000000,1.000000
152,69.772000,0.869160,66.040000,0.980909,0.147771,50,25000,25000,0,25000,0,25000,25000,0,0,0,0,1.000000,1.000000,0.000000,1.000000,1.000000,1.000000
153,69.898000,0.854427,67.320000,0.953600,0.146247,50,25000,25000,0,25000,0,25000,25000,0,0,0,0,1.000000,1.000000,0.000000,1.000000,1.000000,1.000000
154,67.458000,0.910763,66.890000,0.951978,0.136995,50,25000,25000,0,25000,0,25000,25000,0,0,0,0,1.000000,1.000000,0.000000,1.000000,1.000000,1.000000
155,69.120000,0.874125,65.940000,0.992738,0.145428,50,25000,25000,0,25000,0,25000,25000,0,0,0,0,1.000000,1.000000,0.000000,1.000000,1.000000,1.000000
156,69.550000,0.872172,65.810000,1.012118,0.136770,50,25000,25000,0,25000,0,25000,25000,0,0,0,0,1.000000,1.000000,0.000000,1.000000,1.000000,1.000000
157,68.622000,0.883953,65.950000,0.989703,0.139040,50,25000,25000,0,25000,0,25000,25000,0,0,0,0,1.000000,1.000000,0.000000,1.000000,1.000000,1.000000
158,70.072000,0.851013,66.930000,0.960377,0.129045,50,25000,25000,0,25000,0,25000,25000,0,0,0,0,1.000000,1.000000,0.000000,1.000000,1.000000,1.000000
159,70.464000,0.843391,66.480000,0.983675,0.128963,50,25000,25000,0,25000,0,25000,25000,0,0,0,0,1.000000,1.000000,0.000000,1.000000,1.000000,1.000000
160,69.214000,0.868960,68.100000,0.928731,0.136760,50,25000,25000,0,25000,0,25000,25000,0,0,0,0,1.000000,1.000000,0.000000,1.000000,1.000000,1.000000
161,68.618000,0.882970,65.280000,1.005801,0.125693,50,25000,25000,0,25000,0,25000,25000,0,0,0,0,1.000000,1.000000,0.000000,1.000000,1.000000,1.000000
162,69.230000,0.865713,66.730000,0.964944,0.133239,50,25000,25000,0,25000,0,25000,25000,0,0,0,0,1.000000,1.000000,0.000000,1.000000,1.000000,1.000000
163,69.696000,0.861580,66.170000,0.986764,0.137393,50,25000,25000,0,25000,0,25000,25000,0,0,0,0,1.000000,1.000000,0.000000,1.000000,1.000000,1.000000
164,69.724000,0.859511,65.640000,1.000340,0.119131,50,25000,25000,0,25000,0,25000,25000,0,0,0,0,1.000000,1.000000,0.000000,1.000000,1.000000,1.000000
165,70.210000,0.849956,67.410000,0.958952,0.130179,50,25000,25000,0,25000,0,25000,25000,0,0,0,0,1.000000,1.000000,0.000000,1.000000,1.000000,1.000000
166,68.426000,0.880132,64.870000,1.009156,0.131099,50,25000,25000,0,25000,0,25000,25000,0,0,0,0,1.000000,1.000000,0.000000,1.000000,1.000000,1.000000
167,68.644000,0.878945,64.680000,1.020121,0.128155,50,25000,25000,0,25000,0,25000,25000,0,0,0,0,1.000000,1.000000,0.000000,1.000000,1.000000,1.000000
168,69.350000,0.863854,66.860000,0.970299,0.130790,50,25000,25000,0,25000,0,25000,25000,0,0,0,0,1.000000,1.000000,0.000000,1.000000,1.000000,1.000000
169,69.528000,0.860551,65.750000,1.001223,0.142113,50,25000,25000,0,25000,0,25000,25000,0,0,0,0,1.000000,1.000000,0.000000,1.000000,1.000000,1.000000
170,70.064000,0.853701,66.580000,0.983090,0.124725,50,25000,25000,0,25000,0,25000,25000,0,0,0,0,1.000000,1.000000,0.000000,1.000000,1.000000,1.000000
171,68.064000,0.886883,65.800000,0.985623,0.135555,50,25000,25000,0,25000,0,25000,25000,0,0,0,0,1.000000,1.000000,0.000000,1.000000,1.000000,1.000000
172,69.240000,0.869307,63.730000,1.066350,0.147944,50,25000,25000,0,25000,0,25000,25000,0,0,0,0,1.000000,1.000000,0.000000,1.000000,1.000000,1.000000
173,69.436000,0.860410,67.730000,0.937241,0.131884,50,25000,25000,0,25000,0,25000,25000,0,0,0,0,1.000000,1.000000,0.000000,1.000000,1.000000,1.000000
174,68.820000,0.873166,64.240000,1.033242,0.118196,50,25000,25000,0,25000,0,25000,25000,0,0,0,0,1.000000,1.000000,0.000000,1.000000,1.000000,1.000000
175,70.414000,0.831584,68.480000,0.923742,0.130022,50,25000,25000,0,25000,0,25000,25000,0,0,0,0,1.000000,1.000000,0.000000,1.000000,1.000000,1.000000
176,68.702000,0.880799,65.110000,1.020046,0.123362,50,25000,25000,0,25000,0,25000,25000,0,0,0,0,1.000000,1.000000,0.000000,1.000000,1.000000,1.000000
177,69.982000,0.850604,67.310000,0.963695,0.122253,50,25000,25000,0,25000,0,25000,25000,0,0,0,0,1.000000,1.000000,0.000000,1.000000,1.000000,1.000000
178,70.794000,0.832258,66.020000,0.991945,0.127014,50,25000,25000,0,25000,0,25000,25000,0,0,0,0,1.000000,1.000000,0.000000,1.000000,1.000000,1.000000
179,69.564000,0.859530,67.180000,0.964465,0.130441,50,25000,25000,0,25000,0,25000,25000,0,0,0,0,1.000000,1.000000,0.000000,1.000000,1.000000,1.000000
180,70.228000,0.844298,64.660000,1.036814,0.119514,50,25000,25000,0,25000,0,25000,25000,0,0,0,0,1.000000,1.000000,0.000000,1.000000,1.000000,1.000000
181,70.414000,0.839666,66.420000,0.995050,0.113904,50,25000,25000,0,25000,0,25000,25000,0,0,0,0,1.000000,1.000000,0.000000,1.000000,1.000000,1.000000
182,69.668000,0.846825,66.710000,0.964250,0.132912,50,25000,25000,0,25000,0,25000,25000,0,0,0,0,1.000000,1.000000,0.000000,1.000000,1.000000,1.000000
183,70.644000,0.831645,66.700000,0.986671,0.112796,50,25000,25000,0,25000,0,25000,25000,0,0,0,0,1.000000,1.000000,0.000000,1.000000,1.000000,1.000000
184,69.774000,0.845495,67.630000,0.934921,0.129568,50,25000,25000,0,25000,0,25000,25000,0,0,0,0,1.000000,1.000000,0.000000,1.000000,1.000000,1.000000
185,68.358000,0.887317,66.970000,0.966519,0.125885,50,25000,25000,0,25000,0,25000,25000,0,0,0,0,1.000000,1.000000,0.000000,1.000000,1.000000,1.000000
186,70.178000,0.835847,66.730000,0.977762,0.124820,50,25000,25000,0,25000,0,25000,25000,0,0,0,0,1.000000,1.000000,0.000000,1.000000,1.000000,1.000000
187,68.624000,0.874767,67.160000,0.944937,0.129090,50,25000,25000,0,25000,0,25000,25000,0,0,0,0,1.000000,1.000000,0.000000,1.000000,1.000000,1.000000
188,67.782000,0.890686,65.800000,1.001867,0.115538,50,25000,25000,0,25000,0,25000,25000,0,0,0,0,1.000000,1.000000,0.000000,1.000000,1.000000,1.000000
189,68.436000,0.886463,64.150000,1.056258,0.120185,50,25000,25000,0,25000,0,25000,25000,0,0,0,0,1.000000,1.000000,0.000000,1.000000,1.000000,1.000000
190,70.808000,0.827641,68.860000,0.918590,0.132972,50,25000,25000,0,25000,0,25000,25000,0,0,0,0,1.000000,1.000000,0.000000,1.000000,1.000000,1.000000
191,70.458000,0.824925,67.530000,0.949617,0.127715,50,25000,25000,0,25000,0,25000,25000,0,0,0,0,1.000000,1.000000,0.000000,1.000000,1.000000,1.000000
192,70.976000,0.825288,65.920000,1.005796,0.105213,50,25000,25000,0,25000,0,25000,25000,0,0,0,0,1.000000,1.000000,0.000000,1.000000,1.000000,1.000000
193,69.526000,0.849019,66.460000,0.983035,0.122024,50,25000,25000,0,25000,0,25000,25000,0,0,0,0,1.000000,1.000000,0.000000,1.000000,1.000000,1.000000
194,71.222000,0.815277,66.580000,0.989619,0.112586,50,25000,25000,0,25000,0,25000,25000,0,0,0,0,1.000000,1.000000,0.000000,1.000000,1.000000,1.000000
195,67.980000,0.892068,65.610000,1.001393,0.109980,50,25000,25000,0,25000,0,25000,25000,0,0,0,0,1.000000,1.000000,0.000000,1.000000,1.000000,1.000000
196,71.036000,0.821235,66.910000,0.977105,0.113718,50,25000,25000,0,25000,0,25000,25000,0,0,0,0,1.000000,1.000000,0.000000,1.000000,1.000000,1.000000
197,69.800000,0.848430,66.560000,0.973137,0.121879,50,25000,25000,0,25000,0,25000,25000,0,0,0,0,1.000000,1.000000,0.000000,1.000000,1.000000,1.000000
198,70.456000,0.828919,66.130000,0.984793,0.120507,50,25000,25000,0,25000,0,25000,25000,0,0,0,0,1.000000,1.000000,0.000000,1.000000,1.000000,1.000000
199,70.738000,0.824760,67.360000,0.954698,0.107799,50,25000,25000,0,25000,0,25000,25000,0,0,0,0,1.000000,1.000000,0.000000,1.000000,1.000000,1.000000
200,69.920000,0.844308,66.590000,0.977791,0.130730,50,25000,25000,0,25000,0,25000,25000,0,0,0,0,1.000000,1.000000,0.000000,1.000000,1.000000,1.000000
201,71.538000,0.808315,66.070000,1.007578,0.123237,50,25000,25000,0,25000,0,25000,25000,0,0,0,0,1.000000,1.000000,0.000000,1.000000,1.000000,1.000000
202,71.212000,0.825160,65.870000,1.008647,0.128229,50,25000,25000,0,25000,0,25000,25000,0,0,0,0,1.000000,1.000000,0.000000,1.000000,1.000000,1.000000
203,70.946000,0.825061,67.530000,0.957011,0.112420,50,25000,25000,0,25000,0,25000,25000,0,0,0,0,1.000000,1.000000,0.000000,1.000000,1.000000,1.000000
204,70.832000,0.817592,67.850000,0.935387,0.121291,50,25000,25000,0,25000,0,25000,25000,0,0,0,0,1.000000,1.000000,0.000000,1.000000,1.000000,1.000000
205,71.908000,0.803070,66.690000,0.973899,0.130399,50,25000,25000,0,25000,0,25000,25000,0,0,0,0,1.000000,1.000000,0.000000,1.000000,1.000000,1.000000
206,70.264000,0.840485,65.820000,1.013004,0.118867,50,25000,25000,0,25000,0,25000,25000,0,0,0,0,1.000000,1.000000,0.000000,1.000000,1.000000,1.000000
207,71.132000,0.816957,67.140000,0.973021,0.121910,50,25000,25000,0,25000,0,25000,25000,0,0,0,0,1.000000,1.000000,0.000000,1.000000,1.000000,1.000000
208,71.420000,0.810928,66.670000,0.982711,0.119876,50,25000,25000,0,25000,0,25000,25000,0,0,0,0,1.000000,1.000000,0.000000,1.000000,1.000000,1.000000
209,68.914000,0.863107,68.610000,0.920254,0.134084,50,25000,25000,0,25000,0,25000,25000,0,0,0,0,1.000000,1.000000,0.000000,1.000000,1.000000,1.000000
210,71.060000,0.818273,66.260000,0.984766,0.126568,50,25000,25000,0,25000,0,25000,25000,0,0,0,0,1.000000,1.000000,0.000000,1.000000,1.000000,1.000000
211,71.676000,0.806194,66.370000,0.987551,0.096701,50,25000,25000,0,25000,0,25000,25000,0,0,0,0,1.000000,1.000000,0.000000,1.000000,1.000000,1.000000
212,69.918000,0.841274,67.320000,0.958513,0.132341,50,25000,25000,0,25000,0,25000,25000,0,0,0,0,1.000000,1.000000,0.000000,1.000000,1.000000,1.000000
213,70.802000,0.811974,68.350000,0.929325,0.110226,50,25000,25000,0,25000,0,25000,25000,0,0,0,0,1.000000,1.000000,0.000000,1.000000,1.000000,1.000000
214,69.586000,0.838710,66.520000,0.967969,0.129914,50,25000,25000,0,25000,0,25000,25000,0,0,0,0,1.000000,1.000000,0.000000,1.000000,1.000000,1.000000
215,71.216000,0.811252,68.280000,0.929479,0.132909,50,25000,25000,0,25000,0,25000,25000,0,0,0,0,1.000000,1.000000,0.000000,1.000000,1.000000,1.000000
216,69.708000,0.851234,65.850000,1.015651,0.113761,50,25000,25000,0,25000,0,25000,25000,0,0,0,0,1.000000,1.000000,0.000000,1.000000,1.000000,1.000000
217,71.640000,0.804751,67.630000,0.955950,0.113487,50,25000,25000,0,25000,0,25000,25000,0,0,0,0,1.000000,1.000000,0.000000,1.000000,1.000000,1.000000
218,69.400000,0.849004,63.570000,1.076197,0.115508,50,25000,25000,0,25000,0,25000,25000,0,0,0,0,1.000000,1.000000,0.000000,1.000000,1.000000,1.000000
219,67.258000,0.907491,66.240000,0.985554,0.113828,50,25000,25000,0,25000,0,25000,25000,0,0,0,0,1.000000,1.000000,0.000000,1.000000,1.000000,1.000000
220,71.292000,0.808150,67.140000,0.965416,0.120528,50,25000,25000,0,25000,0,25000,25000,0,0,0,0,1.000000,1.000000,0.000000,1.000000,1.000000,1.000000
221,72.304000,0.790617,67.340000,0.967471,0.126344,50,25000,25000,0,25000,0,25000,25000,0,0,0,0,1.000000,1.000000,0.000000,1.000000,1.000000,1.000000
222,71.868000,0.795613,68.910000,0.913514,0.106045,50,25000,25000,0,25000,0,25000,25000,0,0,0,0,1.000000,1.000000,0.000000,1.000000,1.000000,1.000000
223,70.714000,0.822083,66.400000,0.989528,0.114470,50,25000,25000,0,25000,0,25000,25000,0,0,0,0,1.000000,1.000000,0.000000,1.000000,1.000000,1.000000
224,70.782000,0.823372,68.940000,0.917232,0.115985,50,25000,25000,0,25000,0,25000,25000,0,0,0,0,1.000000,1.000000,0.000000,1.000000,1.000000,1.000000
225,71.138000,0.819743,66.190000,1.006006,0.103495,50,25000,25000,0,25000,0,25000,25000,0,0,0,0,1.000000,1.000000,0.000000,1.000000,1.000000,1.000000
226,72.524000,0.780019,68.690000,0.920416,0.097852,50,25000,25000,0,25000,0,25000,25000,0,0,0,0,1.000000,1.000000,0.000000,1.000000,1.000000,1.000000
227,71.218000,0.817298,65.900000,1.008514,0.114608,50,25000,25000,0,25000,0,25000,25000,0,0,0,0,1.000000,1.000000,0.000000,1.000000,1.000000,1.000000
228,71.876000,0.797926,67.350000,0.967680,0.120695,50,25000,25000,0,25000,0,25000,25000,0,0,0,0,1.000000,1.000000,0.000000,1.000000,1.000000,1.000000
229,70.910000,0.819655,67.550000,0.955807,0.112321,50,25000,25000,0,25000,0,25000,25000,0,0,0,0,1.000000,1.000000,0.000000,1.000000,1.000000,1.000000
230,72.340000,0.784406,69.620000,0.896454,0.126542,50,25000,25000,0,25000,0,25000,25000,0,0,0,0,1.000000,1.000000,0.000000,1.000000,1.000000,1.000000
231,70.626000,0.820988,66.960000,0.968001,0.101150,50,25000,25000,0,25000,0,25000,25000,0,0,0,0,1.000000,1.000000,0.000000,1.000000,1.000000,1.000000
232,70.782000,0.815549,68.180000,0.924948,0.131285,50,25000,25000,0,25000,0,25000,25000,0,0,0,0,1.000000,1.000000,0.000000,1.000000,1.000000,1.000000
233,71.366000,0.813995,65.860000,1.024116,0.112305,50,25000,25000,0,25000,0,25000,25000,0,0,0,0,1.000000,1.000000,0.000000,1.000000,1.000000,1.000000
234,71.278000,0.806559,67.900000,0.951897,0.108579,50,25000,25000,0,25000,0,25000,25000,0,0,0,0,1.000000,1.000000,0.000000,1.000000,1.000000,1.000000
235,71.676000,0.800847,68.240000,0.929284,0.115003,50,25000,25000,0,25000,0,25000,25000,0,0,0,0,1.000000,1.000000,0.000000,1.000000,1.000000,1.000000
236,70.954000,0.816858,68.630000,0.926548,0.110619,50,25000,25000,0,25000,0,25000,25000,0,0,0,0,1.000000,1.000000,0.000000,1.000000,1.000000,1.000000
237,72.392000,0.784857,68.060000,0.932261,0.113819,50,25000,25000,0,25000,0,25000,25000,0,0,0,0,1.000000,1.000000,0.000000,1.000000,1.000000,1.000000
238,72.826000,0.777527,68.690000,0.924239,0.110523,50,25000,25000,0,25000,0,25000,25000,0,0,0,0,1.000000,1.000000,0.000000,1.000000,1.000000,1.000000
239,71.608000,0.798501,68.790000,0.918523,0.100709,50,25000,25000,0,25000,0,25000,25000,0,0,0,0,1.000000,1.000000,0.000000,1.000000,1.000000,1.000000
240,72.456000,0.786860,66.500000,0.999619,0.101150,50,25000,25000,0,25000,0,25000,25000,0,0,0,0,1.000000,1.000000,0.000000,1.000000,1.000000,1.000000
241,71.890000,0.791567,67.020000,0.973397,0.119946,50,25000,25000,0,25000,0,25000,25000,0,0,0,0,1.000000,1.000000,0.000000,1.000000,1.000000,1.000000
242,72.908000,0.763797,69.320000,0.911615,0.108125,50,25000,25000,0,25000,0,25000,25000,0,0,0,0,1.000000,1.000000,0.000000,1.000000,1.000000,1.000000
243,71.808000,0.791471,68.420000,0.933060,0.102519,50,25000,25000,0,25000,0,25000,25000,0,0,0,0,1.000000,1.000000,0.000000,1.000000,1.000000,1.000000
244,70.312000,0.828849,67.670000,0.948913,0.117652,50,25000,25000,0,25000,0,25000,25000,0,0,0,0,1.000000,1.000000,0.000000,1.000000,1.000000,1.000000
245,71.820000,0.793360,68.620000,0.926040,0.124577,50,25000,25000,0,25000,0,25000,25000,0,0,0,0,1.000000,1.000000,0.000000,1.000000,1.000000,1.000000
246,71.856000,0.798120,66.400000,1.000390,0.115246,50,25000,25000,0,25000,0,25000,25000,0,0,0,0,1.000000,1.000000,0.000000,1.000000,1.000000,1.000000
247,69.990000,0.828908,65.630000,1.019495,0.086909,50,25000,25000,0,25000,0,25000,25000,0,0,0,0,1.000000,1.000000,0.000000,1.000000,1.000000,1.000000
248,72.356000,0.787191,67.030000,0.991415,0.109350,50,25000,25000,0,25000,0,25000,25000,0,0,0,0,1.000000,1.000000,0.000000,1.000000,1.000000,1.000000
249,72.406000,0.781422,69.550000,0.898145,0.113903,50,25000,25000,0,25000,0,25000,25000,0,0,0,0,1.000000,1.000000,0.000000,1.000000,1.000000,1.000000
250,71.028000,0.820521,66.090000,1.017678,0.106198,50,25000,25000,0,25000,0,25000,25000,0,0,0,0,1.000000,1.000000,0.000000,1.000000,1.000000,1.000000
251,72.064000,0.784415,69.230000,0.896182,0.115917,50,25000,25000,0,25000,0,25000,25000,0,0,0,0,1.000000,1.000000,0.000000,1.000000,1.000000,1.000000
252,71.614000,0.802175,65.770000,1.006775,0.110988,50,25000,25000,0,25000,0,25000,25000,0,0,0,0,1.000000,1.000000,0.000000,1.000000,1.000000,1.000000
253,72.316000,0.784812,67.880000,0.948000,0.105795,50,25000,25000,0,25000,0,25000,25000,0,0,0,0,1.000000,1.000000,0.000000,1.000000,1.000000,1.000000
254,70.958000,0.812053,67.490000,0.952229,0.108335,50,25000,25000,0,25000,0,25000,25000,0,0,0,0,1.000000,1.000000,0.000000,1.000000,1.000000,1.000000
255,70.572000,0.820468,67.770000,0.954340,0.104651,50,25000,25000,0,25000,0,25000,25000,0,0,0,0,1.000000,1.000000,0.000000,1.000000,1.000000,1.000000
256,72.412000,0.778533,68.100000,0.937112,0.114849,50,25000,25000,0,25000,0,25000,25000,0,0,0,0,1.000000,1.000000,0.000000,1.000000,1.000000,1.000000
257,71.868000,0.798704,65.970000,1.019155,0.090369,50,25000,25000,0,25000,0,25000,25000,0,0,0,0,1.000000,1.000000,0.000000,1.000000,1.000000,1.000000
258,71.926000,0.783018,69.500000,0.900828,0.111500,50,25000,25000,0,25000,0,25000,25000,0,0,0,0,1.000000,1.000000,0.000000,1.000000,1.000000,1.000000
259,71.906000,0.782336,68.720000,0.924029,0.099275,50,25000,25000,0,25000,0,25000,25000,0,0,0,0,1.000000,1.000000,0.000000,1.000000,1.000000,1.000000
260,72.628000,0.776732,67.180000,0.974044,0.111257,50,25000,25000,0,25000,0,25000,25000,0,0,0,0,1.000000,1.000000,0.000000,1.000000,1.000000,1.000000
261,73.044000,0.772647,68.020000,0.955940,0.107881,50,25000,25000,0,25000,0,25000,25000,0,0,0,0,1.000000,1.000000,0.000000,1.000000,1.000000,1.000000
262,71.546000,0.797754,68.540000,0.936837,0.093133,50,25000,25000,0,25000,0,25000,25000,0,0,0,0,1.000000,1.000000,0.000000,1.000000,1.000000,1.000000
263,71.692000,0.791877,69.350000,0.904606,0.101471,50,25000,25000,0,25000,0,25000,25000,0,0,0,0,1.000000,1.000000,0.000000,1.000000,1.000000,1.000000
264,72.838000,0.768071,68.240000,0.937399,0.106249,50,25000,25000,0,25000,0,25000,25000,0,0,0,0,1.000000,1.000000,0.000000,1.000000,1.000000,1.000000
265,72.692000,0.769247,67.840000,0.943705,0.092136,50,25000,25000,0,25000,0,25000,25000,0,0,0,0,1.000000,1.000000,0.000000,1.000000,1.000000,1.000000
266,72.130000,0.790389,67.650000,0.956582,0.100170,50,25000,25000,0,25000,0,25000,25000,0,0,0,0,1.000000,1.000000,0.000000,1.000000,1.000000,1.000000
267,71.528000,0.797844,66.360000,1.003262,0.099338,50,25000,25000,0,25000,0,25000,25000,0,0,0,0,1.000000,1.000000,0.000000,1.000000,1.000000,1.000000
268,72.632000,0.769668,67.870000,0.953469,0.095407,50,25000,25000,0,25000,0,25000,25000,0,0,0,0,1.000000,1.000000,0.000000,1.000000,1.000000,1.000000
269,72.256000,0.777659,68.690000,0.922873,0.108608,50,25000,25000,0,25000,0,25000,25000,0,0,0,0,1.000000,1.000000,0.000000,1.000000,1.000000,1.000000
270,72.624000,0.772867,69.250000,0.918258,0.105035,50,25000,25000,0,25000,0,25000,25000,0,0,0,0,1.000000,1.000000,0.000000,1.000000,1.000000,1.000000
271,72.432000,0.777301,68.640000,0.930039,0.113430,50,25000,25000,0,25000,0,25000,25000,0,0,0,0,1.000000,1.000000,0.000000,1.000000,1.000000,1.000000
272,72.730000,0.770601,66.910000,0.985798,0.095516,50,25000,25000,0,25000,0,25000,25000,0,0,0,0,1.000000,1.000000,0.000000,1.000000,1.000000,1.000000
273,71.772000,0.791047,68.570000,0.930377,0.101907,50,25000,25000,0,25000,0,25000,25000,0,0,0,0,1.000000,1.000000,0.000000,1.000000,1.000000,1.000000
274,72.596000,0.775976,66.680000,0.981826,0.097913,50,25000,25000,0,25000,0,25000,25000,0,0,0,0,1.000000,1.000000,0.000000,1.000000,1.000000,1.000000
275,73.064000,0.762551,68.540000,0.942382,0.104399,50,25000,25000,0,25000,0,25000,25000,0,0,0,0,1.000000,1.000000,0.000000,1.000000,1.000000,1.000000
276,73.084000,0.758737,68.800000,0.935079,0.100649,50,25000,25000,0,25000,0,25000,25000,0,0,0,0,1.000000,1.000000,0.000000,1.000000,1.000000,1.000000
277,71.678000,0.799891,66.750000,0.986847,0.102802,50,25000,25000,0,25000,0,25000,25000,0,0,0,0,1.000000,1.000000,0.000000,1.000000,1.000000,1.000000
278,71.866000,0.787341,69.000000,0.905927,0.103610,50,25000,25000,0,25000,0,25000,25000,0,0,0,0,1.000000,1.000000,0.000000,1.000000,1.000000,1.000000
279,71.476000,0.795098,67.720000,0.967356,0.098839,50,25000,25000,0,25000,0,25000,25000,0,0,0,0,1.000000,1.000000,0.000000,1.000000,1.000000,1.000000
280,72.414000,0.772022,68.730000,0.924747,0.105765,50,25000,25000,0,25000,0,25000,25000,0,0,0,0,1.000000,1.000000,0.000000,1.000000,1.000000,1.000000
281,73.364000,0.749915,69.310000,0.909454,0.089841,50,25000,25000,0,25000,0,25000,25000,0,0,0,0,1.000000,1.000000,0.000000,1.000000,1.000000,1.000000
282,72.702000,0.763243,68.330000,0.933890,0.101908,50,25000,25000,0,25000,0,25000,25000,0,0,0,0,1.000000,1.000000,0.000000,1.000000,1.000000,1.000000
283,72.602000,0.775539,67.980000,0.964317,0.098708,50,25000,25000,0,25000,0,25000,25000,0,0,0,0,1.000000,1.000000,0.000000,1.000000,1.000000,1.000000
284,71.344000,0.805440,67.800000,0.963042,0.099895,50,25000,25000,0,25000,0,25000,25000,0,0,0,0,1.000000,1.000000,0.000000,1.000000,1.000000,1.000000
285,73.028000,0.760964,68.190000,0.939096,0.107660,50,25000,25000,0,25000,0,25000,25000,0,0,0,0,1.000000,1.000000,0.000000,1.000000,1.000000,1.000000
286,72.580000,0.769819,67.840000,0.951689,0.100769,50,25000,25000,0,25000,0,25000,25000,0,0,0,0,1.000000,1.000000,0.000000,1.000000,1.000000,1.000000
287,72.222000,0.780936,66.190000,1.004551,0.101088,50,25000,25000,0,25000,0,25000,25000,0,0,0,0,1.000000,1.000000,0.000000,1.000000,1.000000,1.000000
288,73.120000,0.758489,69.210000,0.912515,0.106619,50,25000,25000,0,25000,0,25000,25000,0,0,0,0,1.000000,1.000000,0.000000,1.000000,1.000000,1.000000
289,73.156000,0.753987,68.040000,0.952275,0.100494,50,25000,25000,0,25000,0,25000,25000,0,0,0,0,1.000000,1.000000,0.000000,1.000000,1.000000,1.000000
290,72.702000,0.771113,68.060000,0.958175,0.107683,50,25000,25000,0,25000,0,25000,25000,0,0,0,0,1.000000,1.000000,0.000000,1.000000,1.000000,1.000000
291,73.530000,0.744254,68.730000,0.933017,0.114566,50,25000,25000,0,25000,0,25000,25000,0,0,0,0,1.000000,1.000000,0.000000,1.000000,1.000000,1.000000
292,72.894000,0.760744,68.770000,0.924574,0.094071,50,25000,25000,0,25000,0,25000,25000,0,0,0,0,1.000000,1.000000,0.000000,1.000000,1.000000,1.000000
293,73.100000,0.760096,68.570000,0.947605,0.090442,50,25000,25000,0,25000,0,25000,25000,0,0,0,0,1.000000,1.000000,0.000000,1.000000,1.000000,1.000000
294,73.126000,0.752106,69.560000,0.904946,0.092612,50,25000,25000,0,25000,0,25000,25000,0,0,0,0,1.000000,1.000000,0.000000,1.000000,1.000000,1.000000
295,71.588000,0.785126,68.000000,0.938753,0.101606,50,25000,25000,0,25000,0,25000,25000,0,0,0,0,1.000000,1.000000,0.000000,1.000000,1.000000,1.000000
296,73.416000,0.748815,68.550000,0.948555,0.100903,50,25000,25000,0,25000,0,25000,25000,0,0,0,0,1.000000,1.000000,0.000000,1.000000,1.000000,1.000000
297,72.548000,0.764980,68.590000,0.932507,0.094606,50,25000,25000,0,25000,0,25000,25000,0,0,0,0,1.000000,1.000000,0.000000,1.000000,1.000000,1.000000
298,72.110000,0.781188,67.710000,0.960888,0.101702,50,25000,25000,0,25000,0,25000,25000,0,0,0,0,1.000000,1.000000,0.000000,1.000000,1.000000,1.000000
299,73.884000,0.739702,69.130000,0.920762,0.095412,50,25000,25000,0,25000,0,25000,25000,0,0,0,0,1.000000,1.000000,0.000000,1.000000,1.000000,1.000000
300,72.552000,0.780291,69.020000,0.938738,0.112037,50,25000,25000,0,25000,0,25000,25000,0,0,0,0,1.000000,1.000000,0.000000,1.000000,1.000000,1.000000
301,72.502000,0.778469,67.480000,0.983290,0.095762,50,25000,25000,0,25000,0,25000,25000,0,0,0,0,1.000000,1.000000,0.000000,1.000000,1.000000,1.000000
302,73.748000,0.747379,68.390000,0.942129,0.100126,50,25000,25000,0,25000,0,25000,25000,0,0,0,0,1.000000,1.000000,0.000000,1.000000,1.000000,1.000000
303,73.268000,0.746935,68.140000,0.951374,0.107549,50,25000,25000,0,25000,0,25000,25000,0,0,0,0,1.000000,1.000000,0.000000,1.000000,1.000000,1.000000
304,72.788000,0.760694,70.530000,0.872686,0.103505,50,25000,25000,0,25000,0,25000,25000,0,0,0,0,1.000000,1.000000,0.000000,1.000000,1.000000,1.000000
305,70.288000,0.816084,66.450000,0.979194,0.098042,50,25000,25000,0,25000,0,25000,25000,0,0,0,0,1.000000,1.000000,0.000000,1.000000,1.000000,1.000000
306,73.852000,0.739055,68.830000,0.932818,0.098179,50,25000,25000,0,25000,0,25000,25000,0,0,0,0,1.000000,1.000000,0.000000,1.000000,1.000000,1.000000
307,72.686000,0.762516,68.830000,0.939440,0.092529,50,25000,25000,0,25000,0,25000,25000,0,0,0,0,1.000000,1.000000,0.000000,1.000000,1.000000,1.000000
308,72.694000,0.771402,67.670000,0.969254,0.105119,50,25000,25000,0,25000,0,25000,25000,0,0,0,0,1.000000,1.000000,0.000000,1.000000,1.000000,1.000000
309,73.590000,0.742812,68.970000,0.925900,0.104701,50,25000,25000,0,25000,0,25000,25000,0,0,0,0,1.000000,1.000000,0.000000,1.000000,1.000000,1.000000
310,72.190000,0.779044,68.410000,0.937716,0.103898,50,25000,25000,0,25000,0,25000,25000,0,0,0,0,1.000000,1.000000,0.000000,1.000000,1.000000,1.000000
311,72.912000,0.764827,68.650000,0.946698,0.094841,50,25000,25000,0,25000,0,25000,25000,0,0,0,0,1.000000,1.000000,0.000000,1.000000,1.000000,1.000000
312,71.964000,0.780909,66.750000,0.985728,0.091083,50,25000,25000,0,25000,0,25000,25000,0,0,0,0,1.000000,1.000000,0.000000,1.000000,1.000000,1.000000
313,73.330000,0.750195,67.960000,0.957600,0.101576,50,25000,25000,0,25000,0,25000,25000,0,0,0,0,1.000000,1.000000,0.000000,1.000000,1.000000,1.000000
314,73.038000,0.754324,68.030000,0.952622,0.091271,50,25000,25000,0,25000,0,25000,25000,0,0,0,0,1.000000,1.000000,0.000000,1.000000,1.000000,1.000000
315,73.682000,0.741749,68.440000,0.937119,0.097642,50,25000,25000,0,25000,0,25000,25000,0,0,0,0,1.000000,1.000000,0.000000,1.000000,1.000000,1.000000
316,71.550000,0.793036,67.150000,0.968140,0.108392,50,25000,25000,0,25000,0,25000,25000,0,0,0,0,1.000000,1.000000,0.000000,1.000000,1.000000,1.000000
317,71.052000,0.809936,68.060000,0.956149,0.087532,50,25000,25000,0,25000,0,25000,25000,0,0,0,0,1.000000,1.000000,0.000000,1.000000,1.000000,1.000000
318,73.624000,0.743883,69.560000,0.903188,0.099629,50,25000,25000,0,25000,0,25000,25000,0,0,0,0,1.000000,1.000000,0.000000,1.000000,1.000000,1.000000
319,73.020000,0.754384,69.260000,0.921933,0.089775,50,25000,25000,0,25000,0,25000,25000,0,0,0,0,1.000000,1.000000,0.000000,1.000000,1.000000,1.000000
320,73.960000,0.732945,69.190000,0.930163,0.095459,50,25000,25000,0,25000,0,25000,25000,0,0,0,0,1.000000,1.000000,0.000000,1.000000,1.000000,1.000000
321,72.490000,0.762464,67.680000,0.962710,0.105903,50,25000,25000,0,25000,0,25000,25000,0,0,0,0,1.000000,1.000000,0.000000,1.000000,1.000000,1.000000
322,74.226000,0.727056,69.430000,0.922582,0.083196,50,25000,25000,0,25000,0,25000,25000,0,0,0,0,1.000000,1.000000,0.000000,1.000000,1.000000,1.000000
323,72.546000,0.774964,69.010000,0.914676,0.096010,50,25000,25000,0,25000,0,25000,25000,0,0,0,0,1.000000,1.000000,0.000000,1.000000,1.000000,1.000000
324,73.600000,0.745882,68.150000,0.957422,0.089743,50,25000,25000,0,25000,0,25000,25000,0,0,0,0,1.000000,1.000000,0.000000,1.000000,1.000000,1.000000
325,73.276000,0.757336,67.530000,0.979046,0.079802,50,25000,25000,0,25000,0,25000,25000,0,0,0,0,1.000000,1.000000,0.000000,1.000000,1.000000,1.000000
326,72.752000,0.771039,68.900000,0.931516,0.097315,50,25000,25000,0,25000,0,25000,25000,0,0,0,0,1.000000,1.000000,0.000000,1.000000,1.000000,1.000000
327,73.020000,0.758549,68.310000,0.958126,0.099567,50,25000,25000,0,25000,0,25000,25000,0,0,0,0,1.000000,1.000000,0.000000,1.000000,1.000000,1.000000
328,73.686000,0.747995,70.410000,0.897460,0.106441,50,25000,25000,0,25000,0,25000,25000,0,0,0,0,1.000000,1.000000,0.000000,1.000000,1.000000,1.000000
329,72.398000,0.773161,69.290000,0.917524,0.097043,50,25000,25000,0,25000,0,25000,25000,0,0,0,0,1.000000,1.000000,0.000000,1.000000,1.000000,1.000000
330,73.840000,0.734030,69.470000,0.918085,0.094912,50,25000,25000,0,25000,0,25000,25000,0,0,0,0,1.000000,1.000000,0.000000,1.000000,1.000000,1.000000
331,73.830000,0.740939,69.110000,0.941585,0.088960,50,25000,25000,0,25000,0,25000,25000,0,0,0,0,1.000000,1.000000,0.000000,1.000000,1.000000,1.000000
332,73.814000,0.738288,69.230000,0.927696,0.092541,50,25000,25000,0,25000,0,25000,25000,0,0,0,0,1.000000,1.000000,0.000000,1.000000,1.000000,1.000000
333,74.040000,0.728833,69.610000,0.910050,0.094956,50,25000,25000,0,25000,0,25000,25000,0,0,0,0,1.000000,1.000000,0.000000,1.000000,1.000000,1.000000
334,70.818000,0.815953,67.040000,0.983551,0.095751,50,25000,25000,0,25000,0,25000,25000,0,0,0,0,1.000000,1.000000,0.000000,1.000000,1.000000,1.000000
335,72.402000,0.774731,68.290000,0.961241,0.092098,50,25000,25000,0,25000,0,25000,25000,0,0,0,0,1.000000,1.000000,0.000000,1.000000,1.000000,1.000000
336,73.042000,0.751672,68.560000,0.931139,0.088665,50,25000,25000,0,25000,0,25000,25000,0,0,0,0,1.000000,1.000000,0.000000,1.000000,1.000000,1.000000
337,74.250000,0.735269,68.040000,0.966609,0.091108,50,25000,25000,0,25000,0,25000,25000,0,0,0,0,1.000000,1.000000,0.000000,1.000000,1.000000,1.000000
338,73.530000,0.740746,70.210000,0.890684,0.095404,50,25000,25000,0,25000,0,25000,25000,0,0,0,0,1.000000,1.000000,0.000000,1.000000,1.000000,1.000000
339,73.944000,0.733704,69.500000,0.913559,0.095738,50,25000,25000,0,25000,0,25000,25000,0,0,0,0,1.000000,1.000000,0.000000,1.000000,1.000000,1.000000
340,73.746000,0.739338,69.520000,0.919364,0.083366,50,25000,25000,0,25000,0,25000,25000,0,0,0,0,1.000000,1.000000,0.000000,1.000000,1.000000,1.000000
341,73.108000,0.756159,66.740000,1.004891,0.081584,50,25000,25000,0,25000,0,25000,25000,0,0,0,0,1.000000,1.000000,0.000000,1.000000,1.000000,1.000000
342,73.402000,0.751119,67.200000,0.993899,0.088486,50,25000,25000,0,25000,0,25000,25000,0,0,0,0,1.000000,1.000000,0.000000,1.000000,1.000000,1.000000
343,73.926000,0.730961,69.460000,0.909565,0.090335,50,25000,25000,0,25000,0,25000,25000,0,0,0,0,1.000000,1.000000,0.000000,1.000000,1.000000,1.000000
344,73.338000,0.744678,69.270000,0.918116,0.091715,50,25000,25000,0,25000,0,25000,25000,0,0,0,0,1.000000,1.000000,0.000000,1.000000,1.000000,1.000000
345,74.122000,0.730783,69.410000,0.922594,0.108662,50,25000,25000,0,25000,0,25000,25000,0,0,0,0,1.000000,1.000000,0.000000,1.000000,1.000000,1.000000
346,73.322000,0.748150,69.970000,0.907006,0.089888,50,25000,25000,0,25000,0,25000,25000,0,0,0,0,1.000000,1.000000,0.000000,1.000000,1.000000,1.000000
347,72.956000,0.754122,69.600000,0.897215,0.100306,50,25000,25000,0,25000,0,25000,25000,0,0,0,0,1.000000,1.000000,0.000000,1.000000,1.000000,1.000000
348,73.342000,0.745746,68.950000,0.923450,0.103197,50,25000,25000,0,25000,0,25000,25000,0,0,0,0,1.000000,1.000000,0.000000,1.000000,1.000000,1.000000
349,72.094000,0.778369,70.000000,0.911081,0.083351,50,25000,25000,0,25000,0,25000,25000,0,0,0,0,1.000000,1.000000,0.000000,1.000000,1.000000,1.000000
350,73.408000,0.743293,68.640000,0.944932,0.093102,50,25000,25000,0,25000,0,25000,25000,0,0,0,0,1.000000,1.000000,0.000000,1.000000,1.000000,1.000000
351,74.200000,0.723853,70.310000,0.895496,0.087810,50,25000,25000,0,25000,0,25000,25000,0,0,0,0,1.000000,1.000000,0.000000,1.000000,1.000000,1.000000
352,73.880000,0.736931,68.990000,0.931790,0.091593,50,25000,25000,0,25000,0,25000,25000,0,0,0,0,1.000000,1.000000,0.000000,1.000000,1.000000,1.000000
353,73.690000,0.733505,69.190000,0.922371,0.086278,50,25000,25000,0,25000,0,25000,25000,0,0,0,0,1.000000,1.000000,0.000000,1.000000,1.000000,1.000000
354,74.220000,0.728662,68.790000,0.952247,0.086844,50,25000,25000,0,25000,0,25000,25000,0,0,0,0,1.000000,1.000000,0.000000,1.000000,1.000000,1.000000
355,72.696000,0.770959,67.970000,0.977553,0.091305,50,25000,25000,0,25000,0,25000,25000,0,0,0,0,1.000000,1.000000,0.000000,1.000000,1.000000,1.000000
356,74.256000,0.726007,69.480000,0.920486,0.090038,50,25000,25000,0,25000,0,25000,25000,0,0,0,0,1.000000,1.000000,0.000000,1.000000,1.000000,1.000000
357,71.950000,0.783907,70.030000,0.885576,0.084416,50,25000,25000,0,25000,0,25000,25000,0,0,0,0,1.000000,1.000000,0.000000,1.000000,1.000000,1.000000
358,73.346000,0.748666,69.190000,0.921000,0.095901,50,25000,25000,0,25000,0,25000,25000,0,0,0,0,1.000000,1.000000,0.000000,1.000000,1.000000,1.000000
359,74.052000,0.733244,69.600000,0.933174,0.093605,50,25000,25000,0,25000,0,25000,25000,0,0,0,0,1.000000,1.000000,0.000000,1.000000,1.000000,1.000000
360,74.274000,0.726854,69.780000,0.906477,0.090080,50,25000,25000,0,25000,0,25000,25000,0,0,0,0,1.000000,1.000000,0.000000,1.000000,1.000000,1.000000
361,74.018000,0.729468,69.040000,0.935355,0.097572,50,25000,25000,0,25000,0,25000,25000,0,0,0,0,1.000000,1.000000,0.000000,1.000000,1.000000,1.000000
362,74.490000,0.719205,70.390000,0.890833,0.094739,50,25000,25000,0,25000,0,25000,25000,0,0,0,0,1.000000,1.000000,0.000000,1.000000,1.000000,1.000000
363,72.664000,0.762677,67.810000,0.960518,0.098179,50,25000,25000,0,25000,0,25000,25000,0,0,0,0,1.000000,1.000000,0.000000,1.000000,1.000000,1.000000
364,74.380000,0.727375,69.590000,0.921009,0.092937,50,25000,25000,0,25000,0,25000,25000,0,0,0,0,1.000000,1.000000,0.000000,1.000000,1.000000,1.000000
365,74.412000,0.722987,69.750000,0.917789,0.089402,50,25000,25000,0,25000,0,25000,25000,0,0,0,0,1.000000,1.000000,0.000000,1.000000,1.000000,1.000000
366,73.890000,0.736897,69.810000,0.893004,0.098890,50,25000,25000,0,25000,0,25000,25000,0,0,0,0,1.000000,1.000000,0.000000,1.000000,1.000000,1.000000
367,73.384000,0.745441,68.780000,0.939991,0.095445,50,25000,25000,0,25000,0,25000,25000,0,0,0,0,1.000000,1.000000,0.000000,1.000000,1.000000,1.000000
368,69.986000,0.825678,66.810000,0.977324,0.096931,50,25000,25000,0,25000,0,25000,25000,0,0,0,0,1.000000,1.000000,0.000000,1.000000,1.000000,1.000000
369,70.278000,0.844755,67.360000,1.001453,0.080125,50,25000,25000,0,25000,0,25000,25000,0,0,0,0,1.000000,1.000000,0.000000,1.000000,1.000000,1.000000
370,72.954000,0.752958,67.770000,0.966922,0.089119,50,25000,25000,0,25000,0,25000,25000,0,0,0,0,1.000000,1.000000,0.000000,1.000000,1.000000,1.000000
371,74.200000,0.724914,70.080000,0.911711,0.087428,50,25000,25000,0,25000,0,25000,25000,0,0,0,0,1.000000,1.000000,0.000000,1.000000,1.000000,1.000000
372,71.484000,0.781673,68.030000,0.941015,0.090975,50,25000,25000,0,25000,0,25000,25000,0,0,0,0,1.000000,1.000000,0.000000,1.000000,1.000000,1.000000
373,74.648000,0.719457,70.700000,0.879200,0.093164,50,25000,25000,0,25000,0,25000,25000,0,0,0,0,1.000000,1.000000,0.000000,1.000000,1.000000,1.000000
374,73.454000,0.747396,69.760000,0.922059,0.087035,50,25000,25000,0,25000,0,25000,25000,0,0,0,0,1.000000,1.000000,0.000000,1.000000,1.000000,1.000000
375,74.056000,0.726183,69.710000,0.913834,0.081217,50,25000,25000,0,25000,0,25000,25000,0,0,0,0,1.000000,1.000000,0.000000,1.000000,1.000000,1.000000
376,71.300000,0.794946,66.010000,1.025433,0.089355,50,25000,25000,0,25000,0,25000,25000,0,0,0,0,1.000000,1.000000,0.000000,1.000000,1.000000,1.000000
377,73.726000,0.740426,70.580000,0.894540,0.077328,50,25000,25000,0,25000,0,25000,25000,0,0,0,0,1.000000,1.000000,0.000000,1.000000,1.000000,1.000000
378,73.732000,0.738412,69.680000,0.908831,0.091625,50,25000,25000,0,25000,0,25000,25000,0,0,0,0,1.000000,1.000000,0.000000,1.000000,1.000000,1.000000
379,72.898000,0.752219,68.790000,0.935675,0.082201,50,25000,25000,0,25000,0,25000,25000,0,0,0,0,1.000000,1.000000,0.000000,1.000000,1.000000,1.000000
380,74.372000,0.725068,70.100000,0.907468,0.091790,50,25000,25000,0,25000,0,25000,25000,0,0,0,0,1.000000,1.000000,0.000000,1.000000,1.000000,1.000000
381,74.306000,0.720630,70.070000,0.907789,0.081098,50,25000,25000,0,25000,0,25000,25000,0,0,0,0,1.000000,1.000000,0.000000,1.000000,1.000000,1.000000
382,73.784000,0.738244,69.250000,0.935776,0.086387,50,25000,25000,0,25000,0,25000,25000,0,0,0,0,1.000000,1.000000,0.000000,1.000000,1.000000,1.000000
383,74.386000,0.724831,69.480000,0.926308,0.088355,50,25000,25000,0,25000,0,25000,25000,0,0,0,0,1.000000,1.000000,0.000000,1.000000,1.000000,1.000000
384,74.800000,0.704139,71.010000,0.875826,0.091019,50,25000,25000,0,25000,0,25000,25000,0,0,0,0,1.000000,1.000000,0.000000,1.000000,1.000000,1.000000
385,75.186000,0.699906,70.960000,0.872443,0.089175,50,25000,25000,0,25000,0,25000,25000,0,0,0,0,1.000000,1.000000,0.000000,1.000000,1.000000,1.000000
386,74.868000,0.707340,70.610000,0.878417,0.079402,50,25000,25000,0,25000,0,25000,25000,0,0,0,0,1.000000,1.000000,0.000000,1.000000,1.000000,1.000000
387,73.742000,0.732014,70.350000,0.900107,0.097593,50,25000,25000,0,25000,0,25000,25000,0,0,0,0,1.000000,1.000000,0.000000,1.000000,1.000000,1.000000
388,72.830000,0.758898,68.160000,0.967788,0.090941,50,25000,25000,0,25000,0,25000,25000,0,0,0,0,1.000000,1.000000,0.000000,1.000000,1.000000,1.000000
389,73.406000,0.743836,69.660000,0.914486,0.082437,50,25000,25000,0,25000,0,25000,25000,0,0,0,0,1.000000,1.000000,0.000000,1.000000,1.000000,1.000000
390,74.140000,0.735996,68.330000,0.959929,0.084876,50,25000,25000,0,25000,0,25000,25000,0,0,0,0,1.000000,1.000000,0.000000,1.000000,1.000000,1.000000
391,74.188000,0.729539,68.540000,0.952144,0.087058,50,25000,25000,0,25000,0,25000,25000,0,0,0,0,1.000000,1.000000,0.000000,1.000000,1.000000,1.000000
392,74.928000,0.707726,70.980000,0.878161,0.082152,50,25000,25000,0,25000,0,25000,25000,0,0,0,0,1.000000,1.000000,0.000000,1.000000,1.000000,1.000000
393,74.320000,0.721774,70.910000,0.873351,0.096256,50,25000,25000,0,25000,0,25000,25000,0,0,0,0,1.000000,1.000000,0.000000,1.000000,1.000000,1.000000
394,75.420000,0.700628,69.910000,0.919564,0.086314,50,25000,25000,0,25000,0,25000,25000,0,0,0,0,1.000000,1.000000,0.000000,1.000000,1.000000,1.000000
395,74.222000,0.720947,69.610000,0.913269,0.081199,50,25000,25000,0,25000,0,25000,25000,0,0,0,0,1.000000,1.000000,0.000000,1.000000,1.000000,1.000000
396,73.314000,0.752596,69.520000,0.932801,0.087215,50,25000,25000,0,25000,0,25000,25000,0,0,0,0,1.000000,1.000000,0.000000,1.000000,1.000000,1.000000
397,73.294000,0.750639,70.050000,0.918344,0.078000,50,25000,25000,0,25000,0,25000,25000,0,0,0,0,1.000000,1.000000,0.000000,1.000000,1.000000,1.000000
398,73.900000,0.732746,68.570000,0.955107,0.082898,50,25000,25000,0,25000,0,25000,25000,0,0,0,0,1.000000,1.000000,0.000000,1.000000,1.000000,1.000000
399,74.216000,0.723929,70.210000,0.898104,0.092902,50,25000,25000,0,25000,0,25000,25000,0,0,0,0,1.000000,1.000000,0.000000,1.000000,1.000000,1.000000
400,74.138000,0.726843,69.470000,0.916274,0.082094,50,25000,25000,0,25000,0,25000,25000,0,0,0,0,1.000000,1.000000,0.000000,1.000000,1.000000,1.000000
401,72.166000,0.785853,67.480000,0.991860,0.087444,50,25000,25000,0,25000,0,25000,25000,0,0,0,0,1.000000,1.000000,0.000000,1.000000,1.000000,1.000000
402,74.408000,0.721430,69.050000,0.944212,0.077159,50,25000,25000,0,25000,0,25000,25000,0,0,0,0,1.000000,1.000000,0.000000,1.000000,1.000000,1.000000
403,74.370000,0.716987,69.060000,0.933908,0.083468,50,25000,25000,0,25000,0,25000,25000,0,0,0,0,1.000000,1.000000,0.000000,1.000000,1.000000,1.000000
404,73.516000,0.738198,69.820000,0.926586,0.081325,50,25000,25000,0,25000,0,25000,25000,0,0,0,0,1.000000,1.000000,0.000000,1.000000,1.000000,1.000000
405,72.384000,0.762016,67.580000,0.955712,0.084144,50,25000,25000,0,25000,0,25000,25000,0,0,0,0,1.000000,1.000000,0.000000,1.000000,1.000000,1.000000
406,73.524000,0.741067,67.910000,0.984788,0.078991,50,25000,25000,0,25000,0,25000,25000,0,0,0,0,1.000000,1.000000,0.000000,1.000000,1.000000,1.000000
407,74.160000,0.730699,69.210000,0.928381,0.081030,50,25000,25000,0,25000,0,25000,25000,0,0,0,0,1.000000,1.000000,0.000000,1.000000,1.000000,1.000000
408,72.716000,0.761834,66.870000,1.010378,0.086105,50,25000,25000,0,25000,0,25000,25000,0,0,0,0,1.000000,1.000000,0.000000,1.000000,1.000000,1.000000
409,74.228000,0.719369,70.290000,0.881274,0.084949,50,25000,25000,0,25000,0,25000,25000,0,0,0,0,1.000000,1.000000,0.000000,1.000000,1.000000,1.000000
410,74.920000,0.703466,69.650000,0.920127,0.081933,50,25000,25000,0,25000,0,25000,25000,0,0,0,0,1.000000,1.000000,0.000000,1.000000,1.000000,1.000000
411,75.088000,0.700518,69.130000,0.943996,0.080791,50,25000,25000,0,25000,0,25000,25000,0,0,0,0,1.000000,1.000000,0.000000,1.000000,1.000000,1.000000
412,74.818000,0.709506,70.480000,0.898415,0.097580,50,25000,25000,0,25000,0,25000,25000,0,0,0,0,1.000000,1.000000,0.000000,1.000000,1.000000,1.000000
413,73.502000,0.749067,69.170000,0.940514,0.091242,50,25000,25000,0,25000,0,25000,25000,0,0,0,0,1.000000,1.000000,0.000000,1.000000,1.000000,1.000000
414,72.948000,0.748197,68.350000,0.950600,0.086282,50,25000,25000,0,25000,0,25000,25000,0,0,0,0,1.000000,1.000000,0.000000,1.000000,1.000000,1.000000
415,74.588000,0.712257,70.940000,0.880930,0.079028,50,25000,25000,0,25000,0,25000,25000,0,0,0,0,1.000000,1.000000,0.000000,1.000000,1.000000,1.000000
416,74.630000,0.709359,71.070000,0.876088,0.083911,50,25000,25000,0,25000,0,25000,25000,0,0,0,0,1.000000,1.000000,0.000000,1.000000,1.000000,1.000000
417,74.174000,0.729682,68.760000,0.956252,0.085554,50,25000,25000,0,25000,0,25000,25000,0,0,0,0,1.000000,1.000000,0.000000,1.000000,1.000000,1.000000
418,74.774000,0.714442,69.780000,0.915540,0.079076,50,25000,25000,0,25000,0,25000,25000,0,0,0,0,1.000000,1.000000,0.000000,1.000000,1.000000,1.000000
419,75.020000,0.706067,69.530000,0.921140,0.087913,50,25000,25000,0,25000,0,25000,25000,0,0,0,0,1.000000,1.000000,0.000000,1.000000,1.000000,1.000000
420,73.034000,0.755376,69.610000,0.924421,0.094814,50,25000,25000,0,25000,0,25000,25000,0,0,0,0,1.000000,1.000000,0.000000,1.000000,1.000000,1.000000
421,75.040000,0.709267,68.880000,0.966613,0.076029,50,25000,25000,0,25000,0,25000,25000,0,0,0,0,1.000000,1.000000,0.000000,1.000000,1.000000,1.000000
422,72.916000,0.757401,68.380000,0.954223,0.086419,50,25000,25000,0,25000,0,25000,25000,0,0,0,0,1.000000,1.000000,0.000000,1.000000,1.000000,1.000000
423,74.486000,0.715481,69.130000,0.947110,0.088584,50,25000,25000,0,25000,0,25000,25000,0,0,0,0,1.000000,1.000000,0.000000,1.000000,1.000000,1.000000
424,75.276000,0.700109,69.790000,0.925259,0.071901,50,25000,25000,0,25000,0,25000,25000,0,0,0,0,1.000000,1.000000,0.000000,1.000000,1.000000,1.000000
425,73.226000,0.740535,68.620000,0.942503,0.085587,50,25000,25000,0,25000,0,25000,25000,0,0,0,0,1.000000,1.000000,0.000000,1.000000,1.000000,1.000000
426,74.428000,0.717974,70.030000,0.913336,0.076649,50,25000,25000,0,25000,0,25000,25000,0,0,0,0,1.000000,1.000000,0.000000,1.000000,1.000000,1.000000
427,75.104000,0.700416,71.240000,0.883246,0.092577,50,25000,25000,0,25000,0,25000,25000,0,0,0,0,1.000000,1.000000,0.000000,1.000000,1.000000,1.000000
428,74.820000,0.703718,70.740000,0.889243,0.068897,50,25000,25000,0,25000,0,25000,25000,0,0,0,0,1.000000,1.000000,0.000000,1.000000,1.000000,1.000000
429,73.844000,0.726764,69.400000,0.918646,0.085434,50,25000,25000,0,25000,0,25000,25000,0,0,0,0,1.000000,1.000000,0.000000,1.000000,1.000000,1.000000
430,73.750000,0.739169,68.520000,0.976644,0.075342,50,25000,25000,0,25000,0,25000,25000,0,0,0,0,1.000000,1.000000,0.000000,1.000000,1.000000,1.000000
431,74.480000,0.713927,70.860000,0.876367,0.091028,50,25000,25000,0,25000,0,25000,25000,0,0,0,0,1.000000,1.000000,0.000000,1.000000,1.000000,1.000000
432,75.110000,0.706502,69.750000,0.935723,0.081894,50,25000,25000,0,25000,0,25000,25000,0,0,0,0,1.000000,1.000000,0.000000,1.000000,1.000000,1.000000
433,75.188000,0.697674,70.180000,0.913049,0.070286,50,25000,25000,0,25000,0,25000,25000,0,0,0,0,1.000000,1.000000,0.000000,1.000000,1.000000,1.000000
434,74.020000,0.721519,68.990000,0.936572,0.080418,50,25000,25000,0,25000,0,25000,25000,0,0,0,0,1.000000,1.000000,0.000000,1.000000,1.000000,1.000000
435,74.660000,0.715718,68.750000,0.953583,0.069275,50,25000,25000,0,25000,0,25000,25000,0,0,0,0,1.000000,1.000000,0.000000,1.000000,1.000000,1.000000
436,74.984000,0.698013,71.030000,0.882740,0.081748,50,25000,25000,0,25000,0,25000,25000,0,0,0,0,1.000000,1.000000,0.000000,1.000000,1.000000,1.000000
437,75.198000,0.693085,71.250000,0.868431,0.088464,50,25000,25000,0,25000,0,25000,25000,0,0,0,0,1.000000,1.000000,0.000000,1.000000,1.000000,1.000000
438,75.438000,0.693353,69.770000,0.925607,0.075460,50,25000,25000,0,25000,0,25000,25000,0,0,0,0,1.000000,1.000000,0.000000,1.000000,1.000000,1.000000
439,74.574000,0.707645,70.010000,0.895803,0.086823,50,25000,25000,0,25000,0,25000,25000,0,0,0,0,1.000000,1.000000,0.000000,1.000000,1.000000,1.000000
440,72.788000,0.758801,69.960000,0.915327,0.081741,50,25000,25000,0,25000,0,25000,25000,0,0,0,0,1.000000,1.000000,0.000000,1.000000,1.000000,1.000000
441,74.582000,0.716205,71.210000,0.878174,0.091129,50,25000,25000,0,25000,0,25000,25000,0,0,0,0,1.000000,1.000000,0.000000,1.000000,1.000000,1.000000
442,74.388000,0.715678,70.730000,0.885550,0.076668,50,25000,25000,0,25000,0,25000,25000,0,0,0,0,1.000000,1.000000,0.000000,1.000000,1.000000,1.000000
443,74.672000,0.711777,70.140000,0.903036,0.072632,50,25000,25000,0,25000,0,25000,25000,0,0,0,0,1.000000,1.000000,0.000000,1.000000,1.000000,1.000000
444,74.034000,0.726976,70.600000,0.893748,0.080849,50,25000,25000,0,25000,0,25000,25000,0,0,0,0,1.000000,1.000000,0.000000,1.000000,1.000000,1.000000
445,75.360000,0.696473,69.430000,0.938450,0.083800,50,25000,25000,0,25000,0,25000,25000,0,0,0,0,1.000000,1.000000,0.000000,1.000000,1.000000,1.000000
446,74.122000,0.715243,70.830000,0.871366,0.092667,50,25000,25000,0,25000,0,25000,25000,0,0,0,0,1.000000,1.000000,0.000000,1.000000,1.000000,1.000000
447,75.320000,0.705066,70.670000,0.894255,0.083570,50,25000,25000,0,25000,0,25000,25000,0,0,0,0,1.000000,1.000000,0.000000,1.000000,1.000000,1.000000
448,74.664000,0.710958,69.690000,0.929096,0.090155,50,25000,25000,0,25000,0,25000,25000,0,0,0,0,1.000000,1.000000,0.000000,1.000000,1.000000,1.000000
449,75.188000,0.705511,70.310000,0.904346,0.083920,50,25000,25000,0,25000,0,25000,25000,0,0,0,0,1.000000,1.000000,0.000000,1.000000,1.000000,1.000000
450,74.102000,0.732833,68.490000,0.956076,0.083604,50,25000,25000,0,25000,0,25000,25000,0,0,0,0,1.000000,1.000000,0.000000,1.000000,1.000000,1.000000
451,74.700000,0.704633,71.200000,0.871615,0.084232,50,25000,25000,0,25000,0,25000,25000,0,0,0,0,1.000000,1.000000,0.000000,1.000000,1.000000,1.000000
452,74.526000,0.713371,69.910000,0.924832,0.081336,50,25000,25000,0,25000,0,25000,25000,0,0,0,0,1.000000,1.000000,0.000000,1.000000,1.000000,1.000000
453,74.712000,0.709584,70.460000,0.908539,0.074032,50,25000,25000,0,25000,0,25000,25000,0,0,0,0,1.000000,1.000000,0.000000,1.000000,1.000000,1.000000
454,74.560000,0.715773,69.540000,0.940160,0.074126,50,25000,25000,0,25000,0,25000,25000,0,0,0,0,1.000000,1.000000,0.000000,1.000000,1.000000,1.000000
455,73.646000,0.734622,68.290000,0.956835,0.085794,50,25000,25000,0,25000,0,25000,25000,0,0,0,0,1.000000,1.000000,0.000000,1.000000,1.000000,1.000000
456,74.618000,0.709598,70.950000,0.871637,0.085060,50,25000,25000,0,25000,0,25000,25000,0,0,0,0,1.000000,1.000000,0.000000,1.000000,1.000000,1.000000
457,73.750000,0.749552,69.680000,0.954257,0.078671,50,25000,25000,0,25000,0,25000,25000,0,0,0,0,1.000000,1.000000,0.000000,1.000000,1.000000,1.000000
458,74.098000,0.721050,70.330000,0.894551,0.074113,50,25000,25000,0,25000,0,25000,25000,0,0,0,0,1.000000,1.000000,0.000000,1.000000,1.000000,1.000000
459,74.842000,0.706722,71.150000,0.877791,0.073235,50,25000,25000,0,25000,0,25000,25000,0,0,0,0,1.000000,1.000000,0.000000,1.000000,1.000000,1.000000
460,75.086000,0.702417,69.810000,0.922937,0.066694,50,25000,25000,0,25000,0,25000,25000,0,0,0,0,1.000000,1.000000,0.000000,1.000000,1.000000,1.000000
461,74.480000,0.713610,70.390000,0.912124,0.073076,50,25000,25000,0,25000,0,25000,25000,0,0,0,0,1.000000,1.000000,0.000000,1.000000,1.000000,1.000000
462,74.014000,0.723654,68.850000,0.945491,0.083253,50,25000,25000,0,25000,0,25000,25000,0,0,0,0,1.000000,1.000000,0.000000,1.000000,1.000000,1.000000
463,74.936000,0.702905,71.270000,0.871623,0.082764,50,25000,25000,0,25000,0,25000,25000,0,0,0,0,1.000000,1.000000,0.000000,1.000000,1.000000,1.000000
464,74.690000,0.707202,70.320000,0.898998,0.071992,50,25000,25000,0,25000,0,25000,25000,0,0,0,0,1.000000,1.000000,0.000000,1.000000,1.000000,1.000000
465,74.426000,0.714055,69.390000,0.930590,0.078325,50,25000,25000,0,25000,0,25000,25000,0,0,0,0,1.000000,1.000000,0.000000,1.000000,1.000000,1.000000
466,74.342000,0.722389,70.950000,0.886818,0.072828,50,25000,25000,0,25000,0,25000,25000,0,0,0,0,1.000000,1.000000,0.000000,1.000000,1.000000,1.000000
467,74.704000,0.711406,69.120000,0.942710,0.085572,50,25000,25000,0,25000,0,25000,25000,0,0,0,0,1.000000,1.000000,0.000000,1.000000,1.000000,1.000000
468,74.572000,0.711719,69.700000,0.898859,0.087886,50,25000,25000,0,25000,0,25000,25000,0,0,0,0,1.000000,1.000000,0.000000,1.000000,1.000000,1.000000
469,74.834000,0.707449,69.960000,0.914743,0.079060,50,25000,25000,0,25000,0,25000,25000,0,0,0,0,1.000000,1.000000,0.000000,1.000000,1.000000,1.000000
470,75.642000,0.683193,69.850000,0.923251,0.071542,50,25000,25000,0,25000,0,25000,25000,0,0,0,0,1.000000,1.000000,0.000000,1.000000,1.000000,1.000000
471,74.492000,0.710637,70.210000,0.908419,0.085388,50,25000,25000,0,25000,0,25000,25000,0,0,0,0,1.000000,1.000000,0.000000,1.000000,1.000000,1.000000
472,74.024000,0.723365,68.830000,0.947273,0.072373,50,25000,25000,0,25000,0,25000,25000,0,0,0,0,1.000000,1.000000,0.000000,1.000000,1.000000,1.000000
473,74.368000,0.715420,68.980000,0.950839,0.070827,50,25000,25000,0,25000,0,25000,25000,0,0,0,0,1.000000,1.000000,0.000000,1.000000,1.000000,1.000000
474,74.652000,0.713672,69.330000,0.929982,0.074033,50,25000,25000,0,25000,0,25000,25000,0,0,0,0,1.000000,1.000000,0.000000,1.000000,1.000000,1.000000
475,74.986000,0.706930,70.140000,0.919273,0.079030,50,25000,25000,0,25000,0,25000,25000,0,0,0,0,1.000000,1.000000,0.000000,1.000000,1.000000,1.000000
476,74.556000,0.715151,68.610000,0.968629,0.087912,50,25000,25000,0,25000,0,25000,25000,0,0,0,0,1.000000,1.000000,0.000000,1.000000,1.000000,1.000000
477,75.256000,0.691419,69.710000,0.918122,0.076702,50,25000,25000,0,25000,0,25000,25000,0,0,0,0,1.000000,1.000000,0.000000,1.000000,1.000000,1.000000
478,75.348000,0.691509,69.710000,0.912813,0.072330,50,25000,25000,0,25000,0,25000,25000,0,0,0,0,1.000000,1.000000,0.000000,1.000000,1.000000,1.000000
479,74.930000,0.702150,70.710000,0.906399,0.079358,50,25000,25000,0,25000,0,25000,25000,0,0,0,0,1.000000,1.000000,0.000000,1.000000,1.000000,1.000000
480,75.702000,0.682074,70.960000,0.872102,0.086800,50,25000,25000,0,25000,0,25000,25000,0,0,0,0,1.000000,1.000000,0.000000,1.000000,1.000000,1.000000
481,75.320000,0.685328,69.830000,0.911920,0.084244,50,25000,25000,0,25000,0,25000,25000,0,0,0,0,1.000000,1.000000,0.000000,1.000000,1.000000,1.000000
482,75.282000,0.694421,70.160000,0.919376,0.073523,50,25000,25000,0,25000,0,25000,25000,0,0,0,0,1.000000,1.000000,0.000000,1.000000,1.000000,1.000000
483,72.492000,0.764456,68.000000,0.977781,0.080541,50,25000,25000,0,25000,0,25000,25000,0,0,0,0,1.000000,1.000000,0.000000,1.000000,1.000000,1.000000
484,74.950000,0.708893,68.840000,0.963184,0.077281,50,25000,25000,0,25000,0,25000,25000,0,0,0,0,1.000000,1.000000,0.000000,1.000000,1.000000,1.000000
485,75.252000,0.698139,70.270000,0.920789,0.073292,50,25000,25000,0,25000,0,25000,25000,0,0,0,0,1.000000,1.000000,0.000000,1.000000,1.000000,1.000000
486,75.202000,0.692800,69.530000,0.931240,0.080835,50,25000,25000,0,25000,0,25000,25000,0,0,0,0,1.000000,1.000000,0.000000,1.000000,1.000000,1.000000
487,75.710000,0.687473,69.820000,0.931699,0.070919,50,25000,25000,0,25000,0,25000,25000,0,0,0,0,1.000000,1.000000,0.000000,1.000000,1.000000,1.000000
488,75.010000,0.702741,70.990000,0.884909,0.078270,50,25000,25000,0,25000,0,25000,25000,0,0,0,0,1.000000,1.000000,0.000000,1.000000,1.000000,1.000000
489,74.232000,0.720678,70.070000,0.921869,0.082910,50,25000,25000,0,25000,0,25000,25000,0,0,0,0,1.000000,1.000000,0.000000,1.000000,1.000000,1.000000
490,74.678000,0.712532,68.880000,0.968443,0.072105,50,25000,25000,0,25000,0,25000,25000,0,0,0,0,1.000000,1.000000,0.000000,1.000000,1.000000,1.000000
491,75.374000,0.688651,70.510000,0.905947,0.088558,50,25000,25000,0,25000,0,25000,25000,0,0,0,0,1.000000,1.000000,0.000000,1.000000,1.000000,1.000000
492,75.278000,0.689365,70.520000,0.903619,0.077387,50,25000,25000,0,25000,0,25000,25000,0,0,0,0,1.000000,1.000000,0.000000,1.000000,1.000000,1.000000
493,74.674000,0.712282,69.600000,0.939293,0.076833,50,25000,25000,0,25000,0,25000,25000,0,0,0,0,1.000000,1.000000,0.000000,1.000000,1.000000,1.000000
494,75.344000,0.703075,70.820000,0.882697,0.077722,50,25000,25000,0,25000,0,25000,25000,0,0,0,0,1.000000,1.000000,0.000000,1.000000,1.000000,1.000000
495,75.842000,0.679707,71.270000,0.883466,0.071612,50,25000,25000,0,25000,0,25000,25000,0,0,0,0,1.000000,1.000000,0.000000,1.000000,1.000000,1.000000
496,75.554000,0.694902,70.150000,0.935844,0.067019,50,25000,25000,0,25000,0,25000,25000,0,0,0,0,1.000000,1.000000,0.000000,1.000000,1.000000,1.000000
497,73.480000,0.739007,68.440000,0.974727,0.075360,50,25000,25000,0,25000,0,25000,25000,0,0,0,0,1.000000,1.000000,0.000000,1.000000,1.000000,1.000000
498,75.716000,0.681922,69.820000,0.929828,0.082402,50,25000,25000,0,25000,0,25000,25000,0,0,0,0,1.000000,1.000000,0.000000,1.000000,1.000000,1.000000
499,74.800000,0.711924,70.480000,0.916038,0.072742,50,25000,25000,0,25000,0,25000,25000,0,0,0,0,1.000000,1.000000,0.000000,1.000000,1.000000,1.000000
