epoch,train_acc,train_loss,test_acc,test_loss,local_train_loss,selected_clients,total_count,actual_round_clean_count,actual_round_noisy_count,fedrn_clean_count,fedrn_noisy_count,train_count,actual_train_clean_count,actual_train_noisy_count,missed_clean_count,false_clean_count,correctly_excluded_noisy_count,actual_round_clean_ratio,fedrn_clean_ratio,fedrn_noisy_ratio,actual_train_clean_ratio,clean_recall,train_ratio
0,15.240000,2.333667,19.520000,2.280831,1.599061,10,5000,3216,1784,5000,0,5000,3216,1784,0,1784,0,0.643200,1.000000,0.000000,0.643200,1.000000,1.000000
1,15.536000,2.281177,20.670000,2.190625,1.631017,10,5000,2980,2020,5000,0,5000,2980,2020,0,2020,0,0.596000,1.000000,0.000000,0.596000,1.000000,1.000000
2,13.840000,2.330890,15.400000,2.237125,1.430100,10,5000,3112,1888,5000,0,5000,3112,1888,0,1888,0,0.622400,1.000000,0.000000,0.622400,1.000000,1.000000
3,18.238000,2.264849,23.600000,2.162629,1.571183,10,5000,3096,1904,5000,0,5000,3096,1904,0,1904,0,0.619200,1.000000,0.000000,0.619200,1.000000,1.000000
4,18.450000,2.252974,25.190000,2.141044,1.660053,10,5000,2924,2076,5000,0,5000,2924,2076,0,2076,0,0.584800,1.000000,0.000000,0.584800,1.000000,1.000000
5,18.798000,2.244685,26.110000,2.136238,1.900381,10,5000,2272,2728,5000,0,5000,2272,2728,0,2728,0,0.454400,1.000000,0.000000,0.454400,1.000000,1.000000
6,19.328000,2.227632,28.450000,2.080710,1.593330,10,5000,3012,1988,5000,0,5000,3012,1988,0,1988,0,0.602400,1.000000,0.000000,0.602400,1.000000,1.000000
7,16.780000,2.296141,22.120000,2.154703,1.410015,10,5000,3164,1836,5000,0,5000,3164,1836,0,1836,0,0.632800,1.000000,0.000000,0.632800,1.000000,1.000000
8,20.236000,2.217351,27.390000,2.051284,1.127866,10,5000,3772,1228,5000,0,5000,3772,1228,0,1228,0,0.754400,1.000000,0.000000,0.754400,1.000000,1.000000
9,15.874000,2.229909,19.430000,2.100895,1.547749,10,5000,2752,2248,5000,0,5000,2752,2248,0,2248,0,0.550400,1.000000,0.000000,0.550400,1.000000,1.000000
10,15.452000,2.337469,20.780000,2.176945,1.583600,10,5000,2888,2112,5000,0,5000,2888,2112,0,2112,0,0.577600,1.000000,0.000000,0.577600,1.000000,1.000000
11,16.540000,2.260395,22.960000,2.106816,1.544637,10,5000,2940,2060,5000,0,5000,2940,2060,0,2060,0,0.588000,1.000000,0.000000,0.588000,1.000000,1.000000
12,19.304000,2.221891,27.340000,2.075926,1.682568,10,5000,2736,2264,5000,0,5000,2736,2264,0,2264,0,0.547200,1.000000,0.000000,0.547200,1.000000,1.000000
13,19.634000,2.214230,25.940000,2.078860,1.474903,10,5000,3148,1852,5000,0,5000,3148,1852,0,1852,0,0.629600,1.000000,0.000000,0.629600,1.000000,1.000000
14,20.384000,2.210861,27.880000,2.031455,1.316290,10,5000,3492,1508,5000,0,5000,3492,1508,0,1508,0,0.698400,1.000000,0.000000,0.698400,1.000000,1.000000
15,17.472000,2.213647,22.640000,2.042835,1.474344,10,5000,3160,1840,5000,0,5000,3160,1840,0,1840,0,0.632000,1.000000,0.000000,0.632000,1.000000,1.000000
16,20.810000,2.186244,28.170000,2.019423,1.289596,10,5000,3508,1492,5000,0,5000,3508,1492,0,1492,0,0.701600,1.000000,0.000000,0.701600,1.000000,1.000000
17,23.482000,2.164023,32.440000,2.002503,1.643983,10,5000,2780,2220,5000,0,5000,2780,2220,0,2220,0,0.556000,1.000000,0.000000,0.556000,1.000000,1.000000
18,19.620000,2.207134,28.360000,2.027507,1.655213,10,5000,2632,2368,5000,0,5000,2632,2368,0,2368,0,0.526400,1.000000,0.000000,0.526400,1.000000,1.000000
19,20.572000,2.194218,27.830000,2.048887,1.669187,10,5000,2716,2284,5000,0,5000,2716,2284,0,2284,0,0.543200,1.000000,0.000000,0.543200,1.000000,1.000000
20,22.926000,2.170879,33.360000,1.996222,1.373233,10,5000,3272,1728,5000,0,5000,3272,1728,0,1728,0,0.654400,1.000000,0.000000,0.654400,1.000000,1.000000
21,22.280000,2.170326,31.920000,1.992115,1.506662,10,5000,3172,1828,5000,0,5000,3172,1828,0,1828,0,0.634400,1.000000,0.000000,0.634400,1.000000,1.000000
22,20.528000,2.222665,29.470000,2.033362,1.482284,10,5000,3028,1972,5000,0,5000,3028,1972,0,1972,0,0.605600,1.000000,0.000000,0.605600,1.000000,1.000000
23,20.082000,2.184627,25.540000,2.034850,1.508293,10,5000,3004,1996,5000,0,5000,3004,1996,0,1996,0,0.600800,1.000000,0.000000,0.600800,1.000000,1.000000
24,19.038000,2.200032,26.370000,2.043364,1.497488,10,5000,3028,1972,5000,0,5000,3028,1972,0,1972,0,0.605600,1.000000,0.000000,0.605600,1.000000,1.000000
25,20.922000,2.203728,30.250000,2.007700,1.347294,10,5000,3364,1636,5000,0,5000,3364,1636,0,1636,0,0.672800,1.000000,0.000000,0.672800,1.000000,1.000000
26,19.712000,2.204796,26.520000,2.023244,1.482528,10,5000,3208,1792,5000,0,5000,3208,1792,0,1792,0,0.641600,1.000000,0.000000,0.641600,1.000000,1.000000
27,23.060000,2.156285,33.350000,1.953153,1.354601,10,5000,3324,1676,5000,0,5000,3324,1676,0,1676,0,0.664800,1.000000,0.000000,0.664800,1.000000,1.000000
28,22.686000,2.171395,34.740000,1.942668,1.516571,10,5000,2968,2032,5000,0,5000,2968,2032,0,2032,0,0.593600,1.000000,0.000000,0.593600,1.000000,1.000000
29,22.542000,2.170936,30.920000,1.996435,1.418044,10,5000,3264,1736,5000,0,5000,3264,1736,0,1736,0,0.652800,1.000000,0.000000,0.652800,1.000000,1.000000
30,17.326000,2.228852,20.270000,2.055197,1.252042,10,5000,3504,1496,5000,0,5000,3504,1496,0,1496,0,0.700800,1.000000,0.000000,0.700800,1.000000,1.000000
31,21.452000,2.178158,27.490000,2.017850,1.473844,10,5000,3148,1852,5000,0,5000,3148,1852,0,1852,0,0.629600,1.000000,0.000000,0.629600,1.000000,1.000000
32,23.610000,2.145431,32.930000,1.964202,1.647684,10,5000,2788,2212,5000,0,5000,2788,2212,0,2212,0,0.557600,1.000000,0.000000,0.557600,1.000000,1.000000
33,21.140000,2.189442,28.520000,2.052255,1.683716,10,5000,2796,2204,5000,0,5000,2796,2204,0,2204,0,0.559200,1.000000,0.000000,0.559200,1.000000,1.000000
34,23.982000,2.151729,34.270000,1.947489,1.254368,10,5000,3496,1504,5000,0,5000,3496,1504,0,1504,0,0.699200,1.000000,0.000000,0.699200,1.000000,1.000000
35,22.234000,2.179346,30.110000,1.994516,1.555358,10,5000,2908,2092,5000,0,5000,2908,2092,0,2092,0,0.581600,1.000000,0.000000,0.581600,1.000000,1.000000
36,17.856000,2.254069,25.180000,2.039119,1.287257,10,5000,3428,1572,5000,0,5000,3428,1572,0,1572,0,0.685600,1.000000,0.000000,0.685600,1.000000,1.000000
37,20.440000,2.179919,29.400000,1.954442,1.427555,10,5000,3196,1804,5000,0,5000,3196,1804,0,1804,0,0.639200,1.000000,0.000000,0.639200,1.000000,1.000000
38,23.308000,2.150130,33.040000,1.961112,1.854885,10,5000,2148,2852,5000,0,5000,2148,2852,0,2852,0,0.429600,1.000000,0.000000,0.429600,1.000000,1.000000
39,22.726000,2.156105,32.250000,1.958408,1.489485,10,5000,3172,1828,5000,0,5000,3172,1828,0,1828,0,0.634400,1.000000,0.000000,0.634400,1.000000,1.000000
40,21.470000,2.161943,31.200000,1.957580,1.389531,10,5000,3196,1804,5000,0,5000,3196,1804,0,1804,0,0.639200,1.000000,0.000000,0.639200,1.000000,1.000000
41,21.830000,2.183709,30.430000,1.991965,1.442364,10,5000,3036,1964,5000,0,5000,3036,1964,0,1964,0,0.607200,1.000000,0.000000,0.607200,1.000000,1.000000
42,24.066000,2.148332,33.290000,1.982051,1.479132,10,5000,3112,1888,5000,0,5000,3112,1888,0,1888,0,0.622400,1.000000,0.000000,0.622400,1.000000,1.000000
43,22.300000,2.174799,33.700000,1.962532,1.389531,10,5000,3152,1848,5000,0,5000,3152,1848,0,1848,0,0.630400,1.000000,0.000000,0.630400,1.000000,1.000000
44,23.474000,2.146266,35.560000,1.931689,1.530874,10,5000,2976,2024,5000,0,5000,2976,2024,0,2024,0,0.595200,1.000000,0.000000,0.595200,1.000000,1.000000
45,22.216000,2.179862,31.100000,1.986491,1.391412,10,5000,3204,1796,5000,0,5000,3204,1796,0,1796,0,0.640800,1.000000,0.000000,0.640800,1.000000,1.000000
46,19.662000,2.216141,28.500000,2.013771,1.478326,10,5000,2872,2128,5000,0,5000,2872,2128,0,2128,0,0.574400,1.000000,0.000000,0.574400,1.000000,1.000000
47,21.028000,2.180936,27.980000,1.981613,1.282271,10,5000,3396,1604,5000,0,5000,3396,1604,0,1604,0,0.679200,1.000000,0.000000,0.679200,1.000000,1.000000
48,21.014000,2.183670,27.940000,2.012916,1.499506,10,5000,2756,2244,5000,0,5000,2756,2244,0,2244,0,0.551200,1.000000,0.000000,0.551200,1.000000,1.000000
49,20.974000,2.186699,28.580000,2.020246,1.753320,10,5000,2452,2548,5000,0,5000,2452,2548,0,2548,0,0.490400,1.000000,0.000000,0.490400,1.000000,1.000000
50,19.766000,2.192189,26.090000,2.038295,1.461459,10,5000,2912,2088,5000,0,5000,2912,2088,0,2088,0,0.582400,1.000000,0.000000,0.582400,1.000000,1.000000
51,23.290000,2.159569,30.580000,1.998813,1.650273,10,5000,2612,2388,5000,0,5000,2612,2388,0,2388,0,0.522400,1.000000,0.000000,0.522400,1.000000,1.000000
52,22.102000,2.154244,28.320000,1.988427,1.357784,10,5000,3136,1864,5000,0,5000,3136,1864,0,1864,0,0.627200,1.000000,0.000000,0.627200,1.000000,1.000000
53,22.858000,2.172456,32.860000,1.999115,1.428789,10,5000,2952,2048,5000,0,5000,2952,2048,0,2048,0,0.590400,1.000000,0.000000,0.590400,1.000000,1.000000
54,20.686000,2.189319,28.290000,2.031689,1.643311,10,5000,2556,2444,5000,0,5000,2556,2444,0,2444,0,0.511200,1.000000,0.000000,0.511200,1.000000,1.000000
55,19.310000,2.209432,26.320000,1.998884,1.152803,10,5000,3536,1464,5000,0,5000,3536,1464,0,1464,0,0.707200,1.000000,0.000000,0.707200,1.000000,1.000000
56,22.248000,2.151246,28.530000,1.970412,1.412915,10,5000,3120,1880,5000,0,5000,3120,1880,0,1880,0,0.624000,1.000000,0.000000,0.624000,1.000000,1.000000
57,22.704000,2.153213,32.500000,1.968995,1.374359,10,5000,3276,1724,5000,0,5000,3276,1724,0,1724,0,0.655200,1.000000,0.000000,0.655200,1.000000,1.000000
58,23.524000,2.143079,32.990000,1.952993,1.471153,10,5000,3048,1952,5000,0,5000,3048,1952,0,1952,0,0.609600,1.000000,0.000000,0.609600,1.000000,1.000000
59,21.978000,2.167141,29.790000,1.958702,1.201065,10,5000,3620,1380,5000,0,5000,3620,1380,0,1380,0,0.724000,1.000000,0.000000,0.724000,1.000000,1.000000
60,23.722000,2.159664,32.910000,1.985634,1.548076,10,5000,2920,2080,5000,0,5000,2920,2080,0,2080,0,0.584000,1.000000,0.000000,0.584000,1.000000,1.000000
61,22.862000,2.156329,31.520000,1.949094,1.248010,10,5000,3400,1600,5000,0,5000,3400,1600,0,1600,0,0.680000,1.000000,0.000000,0.680000,1.000000,1.000000
62,24.506000,2.135190,32.840000,1.967559,1.506874,10,5000,2884,2116,5000,0,5000,2884,2116,0,2116,0,0.576800,1.000000,0.000000,0.576800,1.000000,1.000000
63,25.380000,2.117775,35.080000,1.919621,1.433196,10,5000,3140,1860,5000,0,5000,3140,1860,0,1860,0,0.628000,1.000000,0.000000,0.628000,1.000000,1.000000
64,21.870000,2.152464,26.120000,1.943282,1.175368,10,5000,3464,1536,5000,0,5000,3464,1536,0,1536,0,0.692800,1.000000,0.000000,0.692800,1.000000,1.000000
65,22.302000,2.169141,30.010000,1.997381,1.606961,10,5000,2692,2308,5000,0,5000,2692,2308,0,2308,0,0.538400,1.000000,0.000000,0.538400,1.000000,1.000000
66,24.256000,2.141865,33.090000,1.957362,1.637333,10,5000,2648,2352,5000,0,5000,2648,2352,0,2352,0,0.529600,1.000000,0.000000,0.529600,1.000000,1.000000
67,25.232000,2.118881,33.470000,1.933965,1.450554,10,5000,3004,1996,5000,0,5000,3004,1996,0,1996,0,0.600800,1.000000,0.000000,0.600800,1.000000,1.000000
68,24.142000,2.143395,32.720000,1.932218,1.315914,10,5000,3332,1668,5000,0,5000,3332,1668,0,1668,0,0.666400,1.000000,0.000000,0.666400,1.000000,1.000000
69,22.460000,2.160315,31.090000,1.981941,1.599338,10,5000,2700,2300,5000,0,5000,2700,2300,0,2300,0,0.540000,1.000000,0.000000,0.540000,1.000000,1.000000
70,26.812000,2.108926,37.170000,1.889570,1.334476,10,5000,3208,1792,5000,0,5000,3208,1792,0,1792,0,0.641600,1.000000,0.000000,0.641600,1.000000,1.000000
71,21.172000,2.181763,27.470000,2.010919,1.551930,10,5000,2824,2176,5000,0,5000,2824,2176,0,2176,0,0.564800,1.000000,0.000000,0.564800,1.000000,1.000000
72,21.338000,2.171443,28.780000,2.012760,1.608365,10,5000,2612,2388,5000,0,5000,2612,2388,0,2388,0,0.522400,1.000000,0.000000,0.522400,1.000000,1.000000
73,24.276000,2.151273,33.060000,1.970484,1.437780,10,5000,3000,2000,5000,0,5000,3000,2000,0,2000,0,0.600000,1.000000,0.000000,0.600000,1.000000,1.000000
74,20.428000,2.160501,24.040000,2.007332,1.439595,10,5000,2980,2020,5000,0,5000,2980,2020,0,2020,0,0.596000,1.000000,0.000000,0.596000,1.000000,1.000000
75,26.322000,2.108018,36.930000,1.901738,1.183191,10,5000,3596,1404,5000,0,5000,3596,1404,0,1404,0,0.719200,1.000000,0.000000,0.719200,1.000000,1.000000
76,24.742000,2.131785,32.580000,1.973715,1.700101,10,5000,2544,2456,5000,0,5000,2544,2456,0,2456,0,0.508800,1.000000,0.000000,0.508800,1.000000,1.000000
77,21.622000,2.193075,29.510000,1.991348,1.115343,10,5000,3592,1408,5000,0,5000,3592,1408,0,1408,0,0.718400,1.000000,0.000000,0.718400,1.000000,1.000000
78,21.906000,2.167250,29.460000,2.020680,1.723138,10,5000,2380,2620,5000,0,5000,2380,2620,0,2620,0,0.476000,1.000000,0.000000,0.476000,1.000000,1.000000
79,25.266000,2.134727,34.180000,1.931431,1.229448,10,5000,3336,1664,5000,0,5000,3336,1664,0,1664,0,0.667200,1.000000,0.000000,0.667200,1.000000,1.000000
80,24.056000,2.141223,30.420000,2.006567,1.921979,10,5000,1824,3176,5000,0,5000,1824,3176,0,3176,0,0.364800,1.000000,0.000000,0.364800,1.000000,1.000000
81,23.846000,2.153069,31.350000,2.000574,1.595684,10,5000,2576,2424,5000,0,5000,2576,2424,0,2424,0,0.515200,1.000000,0.000000,0.515200,1.000000,1.000000
82,25.146000,2.120890,34.660000,1.943612,1.328184,10,5000,3364,1636,5000,0,5000,3364,1636,0,1636,0,0.672800,1.000000,0.000000,0.672800,1.000000,1.000000
83,23.040000,2.147837,29.990000,2.009135,1.631717,10,5000,2552,2448,5000,0,5000,2552,2448,0,2448,0,0.510400,1.000000,0.000000,0.510400,1.000000,1.000000
84,22.336000,2.195681,30.780000,2.010439,1.332293,10,5000,3192,1808,5000,0,5000,3192,1808,0,1808,0,0.638400,1.000000,0.000000,0.638400,1.000000,1.000000
85,20.286000,2.185431,25.810000,2.048796,1.322492,10,5000,3024,1976,5000,0,5000,3024,1976,0,1976,0,0.604800,1.000000,0.000000,0.604800,1.000000,1.000000
86,22.668000,2.155630,30.210000,2.007303,1.671656,10,5000,2456,2544,5000,0,5000,2456,2544,0,2544,0,0.491200,1.000000,0.000000,0.491200,1.000000,1.000000
87,21.040000,2.178843,27.050000,2.034086,1.345637,10,5000,3204,1796,5000,0,5000,3204,1796,0,1796,0,0.640800,1.000000,0.000000,0.640800,1.000000,1.000000
88,22.168000,2.157039,30.720000,1.948875,1.358190,10,5000,3096,1904,5000,0,5000,3096,1904,0,1904,0,0.619200,1.000000,0.000000,0.619200,1.000000,1.000000
89,23.236000,2.141369,29.180000,1.994933,1.548269,10,5000,2840,2160,5000,0,5000,2840,2160,0,2160,0,0.568000,1.000000,0.000000,0.568000,1.000000,1.000000
90,23.316000,2.187555,30.570000,2.024247,1.104087,10,5000,3548,1452,5000,0,5000,3548,1452,0,1452,0,0.709600,1.000000,0.000000,0.709600,1.000000,1.000000
91,24.194000,2.146598,30.190000,1.977578,1.391821,10,5000,2784,2216,5000,0,5000,2784,2216,0,2216,0,0.556800,1.000000,0.000000,0.556800,1.000000,1.000000
92,19.672000,2.197854,22.270000,2.070823,1.453198,10,5000,2812,2188,5000,0,5000,2812,2188,0,2188,0,0.562400,1.000000,0.000000,0.562400,1.000000,1.000000
93,22.108000,2.182515,30.610000,1.986157,1.117983,10,5000,3648,1352,5000,0,5000,3648,1352,0,1352,0,0.729600,1.000000,0.000000,0.729600,1.000000,1.000000
94,24.534000,2.123318,31.100000,1.957190,1.569121,10,5000,2692,2308,5000,0,5000,2692,2308,0,2308,0,0.538400,1.000000,0.000000,0.538400,1.000000,1.000000
95,25.644000,2.160717,32.930000,1.946837,0.845193,10,5000,4060,940,5000,0,5000,4060,940,0,940,0,0.812000,1.000000,0.000000,0.812000,1.000000,1.000000
96,25.584000,2.165985,34.090000,1.961457,1.040327,10,5000,3888,1112,5000,0,5000,3888,1112,0,1112,0,0.777600,1.000000,0.000000,0.777600,1.000000,1.000000
97,23.130000,2.157132,29.730000,2.021478,1.811399,10,5000,2108,2892,5000,0,5000,2108,2892,0,2892,0,0.421600,1.000000,0.000000,0.421600,1.000000,1.000000
98,23.402000,2.142848,28.920000,1.968197,1.239680,10,5000,3424,1576,5000,0,5000,3424,1576,0,1576,0,0.684800,1.000000,0.000000,0.684800,1.000000,1.000000
99,22.252000,2.186196,30.040000,1.975327,1.069230,10,5000,3648,1352,5000,0,5000,3648,1352,0,1352,0,0.729600,1.000000,0.000000,0.729600,1.000000,1.000000
100,25.188000,2.176163,32.920000,1.894067,0.372528,10,5000,3124,1876,3179,1821,3179,2987,192,137,192,1684,0.624800,0.635800,0.364200,0.939604,0.956146,0.635800
101,25.146000,2.165128,36.210000,1.757926,0.319658,10,5000,3336,1664,3325,1675,3325,3251,74,85,74,1590,0.667200,0.665000,0.335000,0.977744,0.974520,0.665000
102,24.610000,2.253951,34.240000,1.853438,0.438013,10,5000,2772,2228,2855,2145,2855,2674,181,98,181,2047,0.554400,0.571000,0.429000,0.936602,0.964646,0.571000
103,25.934000,2.212886,36.760000,1.758941,0.315046,10,5000,3284,1716,3332,1668,3332,3211,121,73,121,1595,0.656800,0.666400,0.333600,0.963685,0.977771,0.666400
104,25.418000,2.310588,37.220000,1.820952,0.270075,10,5000,3604,1396,3548,1452,3548,3469,79,135,79,1317,0.720800,0.709600,0.290400,0.977734,0.962542,0.709600
105,30.284000,2.136279,43.800000,1.598552,0.226602,10,5000,3588,1412,3556,1444,3556,3488,68,100,68,1344,0.717600,0.711200,0.288800,0.980877,0.972129,0.711200
106,24.920000,2.272518,39.990000,1.634659,0.350432,10,5000,2960,2040,3041,1959,3041,2916,125,44,125,1915,0.592000,0.608200,0.391800,0.958895,0.985135,0.608200
107,23.816000,2.367313,32.900000,1.817304,0.426380,10,5000,2788,2212,2916,2084,2916,2720,196,68,196,2016,0.557600,0.583200,0.416800,0.932785,0.975610,0.583200
108,28.876000,2.173912,39.200000,1.647532,0.530989,10,5000,2820,2180,3162,1838,3162,2754,408,66,408,1772,0.564000,0.632400,0.367600,0.870968,0.976596,0.632400
109,24.422000,2.473275,32.860000,1.855409,0.324554,10,5000,3568,1432,3623,1377,3623,3468,155,100,155,1277,0.713600,0.724600,0.275400,0.957218,0.971973,0.724600
110,27.754000,2.241482,37.240000,1.706289,0.428082,10,5000,3124,1876,3343,1657,3343,3053,290,71,290,1586,0.624800,0.668600,0.331400,0.913252,0.977273,0.668600
111,24.364000,2.431941,33.570000,1.817123,0.328657,10,5000,3240,1760,3330,1670,3330,3175,155,65,155,1605,0.648000,0.666000,0.334000,0.953453,0.979938,0.666000
112,30.280000,2.191008,43.590000,1.581004,0.295107,10,5000,3396,1604,3402,1598,3402,3320,82,76,82,1522,0.679200,0.680400,0.319600,0.975897,0.977621,0.680400
113,24.202000,2.406497,37.160000,1.739352,0.664415,10,5000,2340,2660,2834,2166,2834,2272,562,68,562,2098,0.468000,0.566800,0.433200,0.801694,0.970940,0.566800
114,27.274000,2.322443,38.870000,1.684598,0.432812,10,5000,2904,2096,3163,1837,3163,2856,307,48,307,1789,0.580800,0.632600,0.367400,0.902940,0.983471,0.632600
115,28.742000,2.238901,40.660000,1.618599,0.428936,10,5000,2764,2236,2821,2179,2821,2692,129,72,129,2107,0.552800,0.564200,0.435800,0.954272,0.973951,0.564200
116,27.998000,2.244300,46.100000,1.471131,0.354847,10,5000,2808,2192,2857,2143,2857,2726,131,82,131,2061,0.561600,0.571400,0.428600,0.954148,0.970798,0.571400
117,29.994000,2.321260,42.990000,1.663977,0.428466,10,5000,2828,2172,3098,1902,3098,2761,337,67,337,1835,0.565600,0.619600,0.380400,0.891220,0.976308,0.619600
118,31.282000,2.317204,46.240000,1.638178,0.280279,10,5000,3244,1756,3308,1692,3308,3189,119,55,119,1637,0.648800,0.661600,0.338400,0.964027,0.983046,0.661600
119,32.422000,2.193684,47.600000,1.532827,0.527219,10,5000,2968,2032,3229,1771,3229,2868,361,100,361,1671,0.593600,0.645800,0.354200,0.888201,0.966307,0.645800
120,29.716000,2.233729,42.570000,1.567825,0.831594,10,5000,2508,2492,3312,1688,3312,2444,868,64,868,1624,0.501600,0.662400,0.337600,0.737923,0.974482,0.662400
121,27.026000,2.371570,42.000000,1.593732,0.339528,10,5000,3020,1980,3080,1920,3080,2906,174,114,174,1806,0.604000,0.616000,0.384000,0.943506,0.962252,0.616000
122,25.956000,2.522748,37.800000,1.754680,0.419175,10,5000,3468,1532,3673,1327,3673,3412,261,56,261,1271,0.693600,0.734600,0.265400,0.928941,0.983852,0.734600
123,26.118000,2.398820,37.440000,1.691830,0.583933,10,5000,2228,2772,2585,2415,2585,2181,404,47,404,2368,0.445600,0.517000,0.483000,0.843714,0.978905,0.517000
124,30.660000,2.269687,44.340000,1.571387,0.259408,10,5000,3188,1812,3182,1818,3182,3110,72,78,72,1740,0.637600,0.636400,0.363600,0.977373,0.975533,0.636400
125,26.114000,2.583767,36.260000,1.857330,0.366272,10,5000,2736,2264,2785,2215,2785,2670,115,66,115,2149,0.547200,0.557000,0.443000,0.958707,0.975877,0.557000
126,33.078000,2.148482,48.780000,1.436206,0.226987,10,5000,3168,1832,3154,1846,3154,3091,63,77,63,1769,0.633600,0.630800,0.369200,0.980025,0.975694,0.630800
127,30.444000,2.223007,44.420000,1.554243,0.392686,10,5000,2336,2664,2456,2544,2456,2282,174,54,174,2490,0.467200,0.491200,0.508800,0.929153,0.976884,0.491200
128,33.254000,2.148564,51.670000,1.378322,0.417109,10,5000,3324,1676,3424,1576,3424,3237,187,87,187,1489,0.664800,0.684800,0.315200,0.945386,0.973827,0.684800
129,27.686000,2.342531,43.640000,1.538632,0.268009,10,5000,3324,1676,3342,1658,3342,3256,86,68,86,1590,0.664800,0.668400,0.331600,0.974267,0.979543,0.668400
130,32.796000,2.173283,48.810000,1.415483,0.287404,10,5000,3084,1916,3104,1896,3104,2995,109,89,109,1807,0.616800,0.620800,0.379200,0.964884,0.971141,0.620800
131,31.864000,2.263887,45.760000,1.512128,0.190965,10,5000,3052,1948,3069,1931,3069,3000,69,52,69,1879,0.610400,0.613800,0.386200,0.977517,0.982962,0.613800
132,34.722000,2.166910,49.980000,1.397664,0.289832,10,5000,3000,2000,3123,1877,3123,2950,173,50,173,1827,0.600000,0.624600,0.375400,0.944605,0.983333,0.624600
133,26.004000,2.467128,37.870000,1.663279,0.229691,10,5000,2732,2268,2805,2195,2805,2699,106,33,106,2162,0.546400,0.561000,0.439000,0.962210,0.987921,0.561000
134,29.254000,2.376515,40.460000,1.669990,0.497144,10,5000,2596,2404,2954,2046,2954,2536,418,60,418,1986,0.519200,0.590800,0.409200,0.858497,0.976888,0.590800
135,32.906000,2.251096,51.240000,1.439834,0.278332,10,5000,2788,2212,2815,2185,2815,2727,88,61,88,2124,0.557600,0.563000,0.437000,0.968739,0.978121,0.563000
136,31.940000,2.280936,47.360000,1.490233,0.277043,10,5000,3300,1700,3329,1671,3329,3241,88,59,88,1612,0.660000,0.665800,0.334200,0.973566,0.982121,0.665800
137,31.314000,2.273971,49.890000,1.412786,0.263429,10,5000,2776,2224,2803,2197,2803,2704,99,72,99,2125,0.555200,0.560600,0.439400,0.964681,0.974063,0.560600
138,30.136000,2.412158,45.190000,1.600528,0.262260,10,5000,3268,1732,3222,1778,3222,3150,72,118,72,1660,0.653600,0.644400,0.355600,0.977654,0.963892,0.644400
139,28.936000,2.348436,43.500000,1.514482,0.514379,10,5000,3112,1888,3395,1605,3395,3053,342,59,342,1546,0.622400,0.679000,0.321000,0.899264,0.981041,0.679000
140,27.520000,2.398676,42.940000,1.528241,0.245818,10,5000,2900,2100,2936,2064,2936,2846,90,54,90,2010,0.580000,0.587200,0.412800,0.969346,0.981379,0.587200
141,29.602000,2.389657,45.010000,1.536766,0.256478,10,5000,2948,2052,2985,2015,2985,2889,96,59,96,1956,0.589600,0.597000,0.403000,0.967839,0.979986,0.597000
142,30.412000,2.287651,47.490000,1.434273,0.407741,10,5000,2816,2184,2953,2047,2953,2706,247,110,247,1937,0.563200,0.590600,0.409400,0.916356,0.960938,0.590600
143,28.130000,2.440725,39.470000,1.662707,0.201744,10,5000,3284,1716,3326,1674,3326,3242,84,42,84,1632,0.656800,0.665200,0.334800,0.974744,0.987211,0.665200
144,28.586000,2.600470,42.730000,1.671457,0.226213,10,5000,3128,1872,3121,1879,3121,3056,65,72,65,1807,0.625600,0.624200,0.375800,0.979173,0.976982,0.624200
145,28.830000,2.497083,42.030000,1.612984,0.238939,10,5000,2812,2188,2834,2166,2834,2747,87,65,87,2101,0.562400,0.566800,0.433200,0.969301,0.976885,0.566800
146,32.324000,2.366917,49.160000,1.448951,0.362422,10,5000,2908,2092,3131,1869,3131,2812,319,96,319,1773,0.581600,0.626200,0.373800,0.898116,0.966988,0.626200
147,29.084000,2.472431,43.030000,1.606111,0.174336,10,5000,3188,1812,3181,1819,3181,3125,56,63,56,1756,0.637600,0.636200,0.363800,0.982395,0.980238,0.636200
148,28.774000,2.523139,43.770000,1.564505,0.366946,10,5000,2912,2088,3133,1867,3133,2855,278,57,278,1810,0.582400,0.626600,0.373400,0.911267,0.980426,0.626600
149,30.662000,2.457332,43.770000,1.631950,0.362105,10,5000,3304,1696,3504,1496,3504,3204,300,100,300,1396,0.660800,0.700800,0.299200,0.914384,0.969734,0.700800
150,30.226000,2.476120,39.670000,1.738288,0.253201,10,5000,3212,1788,3206,1794,3206,3120,86,92,86,1702,0.642400,0.641200,0.358800,0.973175,0.971357,0.641200
151,29.350000,2.425614,47.850000,1.457607,0.446007,10,5000,2928,2072,3155,1845,3155,2835,320,93,320,1752,0.585600,0.631000,0.369000,0.898574,0.968238,0.631000
152,21.502000,3.155999,33.080000,1.976118,0.161725,10,5000,3840,1160,3767,1233,3767,3740,27,100,27,1133,0.768000,0.753400,0.246600,0.992832,0.973958,0.753400
153,28.706000,2.509593,40.850000,1.618165,0.240737,10,5000,3528,1472,3526,1474,3526,3453,73,75,73,1399,0.705600,0.705200,0.294800,0.979297,0.978741,0.705200
154,28.642000,2.481363,47.540000,1.453324,0.524949,10,5000,2596,2404,3029,1971,3029,2525,504,71,504,1900,0.519200,0.605800,0.394200,0.833608,0.972650,0.605800
155,29.276000,2.496156,43.300000,1.569659,0.227375,10,5000,3548,1452,3559,1441,3559,3488,71,60,71,1381,0.709600,0.711800,0.288200,0.980051,0.983089,0.711800
156,35.056000,2.311351,51.610000,1.397589,0.216707,10,5000,2996,2004,3010,1990,3010,2933,77,63,77,1927,0.599200,0.602000,0.398000,0.974419,0.978972,0.602000
157,29.442000,2.523578,44.480000,1.570403,0.307489,10,5000,2224,2776,2350,2650,2350,2183,167,41,167,2609,0.444800,0.470000,0.530000,0.928936,0.981565,0.470000
158,33.022000,2.389658,50.040000,1.407155,0.205455,10,5000,3340,1660,3329,1671,3329,3263,66,77,66,1594,0.668000,0.665800,0.334200,0.980174,0.976946,0.665800
159,31.556000,2.454187,47.690000,1.452191,0.238894,10,5000,3436,1564,3413,1587,3413,3344,69,92,69,1495,0.687200,0.682600,0.317400,0.979783,0.973225,0.682600
160,34.246000,2.369109,47.690000,1.486836,0.195989,10,5000,3004,1996,3010,1990,3010,2947,63,57,63,1933,0.600800,0.602000,0.398000,0.979070,0.981025,0.602000
161,33.382000,2.404238,52.430000,1.399837,0.285530,10,5000,3152,1848,3263,1737,3263,3087,176,65,176,1672,0.630400,0.652600,0.347400,0.946062,0.979378,0.652600
162,30.828000,2.461631,44.700000,1.583722,0.516122,10,5000,3256,1744,3697,1303,3697,3162,535,94,535,1209,0.651200,0.739400,0.260600,0.855288,0.971130,0.739400
163,32.254000,2.471450,47.560000,1.535783,0.181853,10,5000,3168,1832,3141,1859,3141,3088,53,80,53,1779,0.633600,0.628200,0.371800,0.983126,0.974747,0.628200
164,32.632000,2.399857,45.720000,1.547900,0.215266,10,5000,3176,1824,3164,1836,3164,3098,66,78,66,1758,0.635200,0.632800,0.367200,0.979140,0.975441,0.632800
165,32.500000,2.422367,49.410000,1.451351,0.159088,10,5000,3488,1512,3422,1578,3422,3396,26,92,26,1486,0.697600,0.684400,0.315600,0.992402,0.973624,0.684400
166,32.848000,2.411430,49.670000,1.407048,0.360637,10,5000,3248,1752,3457,1543,3457,3167,290,81,290,1462,0.649600,0.691400,0.308600,0.916112,0.975062,0.691400
167,31.612000,2.429613,47.760000,1.452211,0.517769,10,5000,2484,2516,2914,2086,2914,2448,466,36,466,2050,0.496800,0.582800,0.417200,0.840082,0.985507,0.582800
168,25.292000,2.839878,40.900000,1.735895,0.184066,10,5000,2404,2596,2405,2595,2405,2348,57,56,57,2539,0.480800,0.481000,0.519000,0.976299,0.976705,0.481000
169,26.852000,2.595572,46.640000,1.462885,0.243658,10,5000,3456,1544,3441,1559,3441,3365,76,91,76,1468,0.691200,0.688200,0.311800,0.977913,0.973669,0.688200
170,31.720000,2.428922,46.920000,1.500905,0.396285,10,5000,3120,1880,3286,1714,3286,3016,270,104,270,1610,0.624000,0.657200,0.342800,0.917833,0.966667,0.657200
171,33.342000,2.405929,48.600000,1.448084,0.201192,10,5000,2592,2408,2616,2384,2616,2543,73,49,73,2335,0.518400,0.523200,0.476800,0.972095,0.981096,0.523200
172,31.816000,2.524622,46.280000,1.547413,0.134985,10,5000,3584,1416,3523,1477,3523,3498,25,86,25,1391,0.716800,0.704600,0.295400,0.992904,0.976004,0.704600
173,28.588000,2.620511,44.410000,1.529160,0.218612,10,5000,2948,2052,2972,2028,2972,2905,67,43,67,1985,0.589600,0.594400,0.405600,0.977456,0.985414,0.594400
174,29.230000,2.610598,47.100000,1.430118,0.243196,10,5000,3064,1936,3052,1948,3052,2983,69,81,69,1867,0.612800,0.610400,0.389600,0.977392,0.973564,0.610400
175,30.812000,2.585632,49.650000,1.438288,0.194182,10,5000,3452,1548,3433,1567,3433,3374,59,78,59,1489,0.690400,0.686600,0.313400,0.982814,0.977404,0.686600
176,33.390000,2.427571,53.140000,1.364461,0.218986,10,5000,2764,2236,2764,2236,2764,2697,67,67,67,2169,0.552800,0.552800,0.447200,0.975760,0.975760,0.552800
177,34.038000,2.383915,50.680000,1.422831,0.350699,10,5000,2516,2484,2731,2269,2731,2436,295,80,295,2189,0.503200,0.546200,0.453800,0.891981,0.968203,0.546200
178,29.614000,2.554287,43.460000,1.546791,0.377341,10,5000,2912,2088,3095,1905,3095,2873,222,39,222,1866,0.582400,0.619000,0.381000,0.928271,0.986607,0.619000
179,27.232000,2.716599,40.980000,1.623274,0.200733,10,5000,2912,2088,2908,2092,2908,2851,57,61,57,2031,0.582400,0.581600,0.418400,0.980399,0.979052,0.581600
180,27.176000,2.879802,45.320000,1.607891,0.217836,10,5000,3076,1924,3054,1946,3054,2997,57,79,57,1867,0.615200,0.610800,0.389200,0.981336,0.974317,0.610800
181,32.876000,2.505366,50.090000,1.385772,0.155002,10,5000,3112,1888,3099,1901,3099,3061,38,51,38,1850,0.622400,0.619800,0.380200,0.987738,0.983612,0.619800
182,29.636000,2.618652,47.620000,1.504767,0.315901,10,5000,3304,1696,3456,1544,3456,3251,205,53,205,1491,0.660800,0.691200,0.308800,0.940683,0.983959,0.691200
183,33.028000,2.499472,47.440000,1.498601,0.282755,10,5000,3312,1688,3410,1590,3410,3210,200,102,200,1488,0.662400,0.682000,0.318000,0.941349,0.969203,0.682000
184,34.412000,2.409145,47.630000,1.491481,0.224867,10,5000,3520,1480,3489,1511,3489,3417,72,103,72,1408,0.704000,0.697800,0.302200,0.979364,0.970739,0.697800
185,32.664000,2.489838,51.330000,1.327587,0.182938,10,5000,3592,1408,3554,1446,3554,3502,52,90,52,1356,0.718400,0.710800,0.289200,0.985369,0.974944,0.710800
186,36.446000,2.317352,51.710000,1.347476,0.225243,10,5000,2704,2296,2753,2247,2753,2667,86,37,86,2210,0.540800,0.550600,0.449400,0.968761,0.986317,0.550600
187,33.234000,2.479611,47.520000,1.412296,0.143722,10,5000,3708,1292,3625,1375,3625,3594,31,114,31,1261,0.741600,0.725000,0.275000,0.991448,0.969256,0.725000
188,33.412000,2.478855,47.710000,1.464435,0.390815,10,5000,2756,2244,2970,2030,2970,2727,243,29,243,2001,0.551200,0.594000,0.406000,0.918182,0.989478,0.594000
189,36.028000,2.341985,52.990000,1.334811,0.264784,10,5000,3172,1828,3202,1798,3202,3114,88,58,88,1740,0.634400,0.640400,0.359600,0.972517,0.981715,0.640400
190,35.890000,2.326100,52.320000,1.343079,0.309248,10,5000,2984,2016,3129,1871,3129,2898,231,86,231,1785,0.596800,0.625800,0.374200,0.926174,0.971180,0.625800
191,36.966000,2.334712,56.530000,1.244404,0.315722,10,5000,2812,2188,2956,2044,2956,2736,220,76,220,1968,0.562400,0.591200,0.408800,0.925575,0.972973,0.591200
192,31.274000,2.562752,49.750000,1.413579,0.204680,10,5000,2656,2344,2624,2376,2624,2561,63,95,63,2281,0.531200,0.524800,0.475200,0.975991,0.964232,0.524800
193,29.480000,2.747546,42.430000,1.663533,0.201728,10,5000,2928,2072,2924,2076,2924,2864,60,64,60,2012,0.585600,0.584800,0.415200,0.979480,0.978142,0.584800
194,36.288000,2.364099,54.240000,1.275149,0.293879,10,5000,2736,2264,2806,2194,2806,2693,113,43,113,2151,0.547200,0.561200,0.438800,0.959729,0.984284,0.561200
195,35.230000,2.361209,55.230000,1.242935,0.379069,10,5000,2860,2140,3007,1993,3007,2769,238,91,238,1902,0.572000,0.601400,0.398600,0.920851,0.968182,0.601400
196,30.204000,2.566491,44.780000,1.510836,0.363271,10,5000,2856,2144,3083,1917,3083,2796,287,60,287,1857,0.571200,0.616600,0.383400,0.906909,0.978992,0.616600
197,33.956000,2.471703,49.770000,1.448055,0.220950,10,5000,2824,2176,2960,2040,2960,2791,169,33,169,2007,0.564800,0.592000,0.408000,0.942905,0.988314,0.592000
198,33.520000,2.571293,49.500000,1.543909,0.195412,10,5000,2912,2088,2886,2114,2886,2828,58,84,58,2030,0.582400,0.577200,0.422800,0.979903,0.971154,0.577200
199,31.696000,2.542355,48.810000,1.462451,0.417917,10,5000,2416,2584,2801,2199,2801,2382,419,34,419,2165,0.483200,0.560200,0.439800,0.850411,0.985927,0.560200
200,35.532000,2.388953,52.160000,1.355736,0.165546,10,5000,3652,1348,3635,1365,3635,3603,32,49,32,1316,0.730400,0.727000,0.273000,0.991197,0.986583,0.727000
201,33.400000,2.444484,45.890000,1.522692,0.226425,10,5000,3248,1752,3230,1770,3230,3171,59,77,59,1693,0.649600,0.646000,0.354000,0.981734,0.976293,0.646000
202,30.108000,2.586636,47.650000,1.441427,0.200400,10,5000,3072,1928,3057,1943,3057,3007,50,65,50,1878,0.614400,0.611400,0.388600,0.983644,0.978841,0.611400
203,33.688000,2.409521,52.080000,1.308068,0.429854,10,5000,2780,2220,3178,1822,3178,2729,449,51,449,1771,0.556000,0.635600,0.364400,0.858716,0.981655,0.635600
204,31.070000,2.563576,43.080000,1.551621,0.319740,10,5000,3304,1696,3443,1557,3443,3234,209,70,209,1487,0.660800,0.688600,0.311400,0.939297,0.978814,0.688600
205,36.298000,2.344377,53.830000,1.242973,0.335661,10,5000,3212,1788,3359,1641,3359,3106,253,106,253,1535,0.642400,0.671800,0.328200,0.924680,0.966999,0.671800
206,34.552000,2.425253,53.280000,1.271598,0.179883,10,5000,3236,1764,3239,1761,3239,3182,57,54,57,1707,0.647200,0.647800,0.352200,0.982402,0.983313,0.647800
207,36.578000,2.404034,54.270000,1.308617,0.199788,10,5000,3100,1900,3080,1920,3080,3019,61,81,61,1839,0.620000,0.616000,0.384000,0.980195,0.973871,0.616000
208,35.104000,2.464334,55.140000,1.263764,0.163396,10,5000,2448,2552,2442,2558,2442,2395,47,53,47,2505,0.489600,0.488400,0.511600,0.980753,0.978350,0.488400
209,33.780000,2.534981,52.170000,1.403659,0.369134,10,5000,2972,2028,3157,1843,3157,2898,259,74,259,1769,0.594400,0.631400,0.368600,0.917960,0.975101,0.631400
210,35.222000,2.397370,54.790000,1.296342,0.547890,10,5000,2684,2316,3184,1816,3184,2635,549,49,549,1767,0.536800,0.636800,0.363200,0.827575,0.981744,0.636800
211,34.356000,2.422112,49.860000,1.404485,0.240495,10,5000,2560,2440,2736,2264,2736,2522,214,38,214,2226,0.512000,0.547200,0.452800,0.921784,0.985156,0.547200
212,35.944000,2.354729,53.660000,1.277781,0.266124,10,5000,2832,2168,2848,2152,2848,2772,76,60,76,2092,0.566400,0.569600,0.430400,0.973315,0.978814,0.569600
213,31.828000,2.542510,47.250000,1.487652,0.200943,10,5000,3024,1976,3020,1980,3020,2931,89,93,89,1887,0.604800,0.604000,0.396000,0.970530,0.969246,0.604000
214,32.686000,2.509911,45.870000,1.520886,0.137762,10,5000,3380,1620,3374,1626,3374,3328,46,52,46,1574,0.676000,0.674800,0.325200,0.986366,0.984615,0.674800
215,34.774000,2.448759,55.380000,1.239401,0.166611,10,5000,3136,1864,3130,1870,3130,3081,49,55,49,1815,0.627200,0.626000,0.374000,0.984345,0.982462,0.626000
216,28.932000,2.662370,48.700000,1.390203,0.271064,10,5000,2832,2168,2879,2121,2879,2771,108,61,108,2060,0.566400,0.575800,0.424200,0.962487,0.978460,0.575800
217,32.804000,2.656367,47.520000,1.557774,0.151425,10,5000,2940,2060,2932,2068,2932,2890,42,50,42,2018,0.588000,0.586400,0.413600,0.985675,0.982993,0.586400
218,37.270000,2.359740,53.980000,1.308402,0.296995,10,5000,2868,2132,2909,2091,2909,2831,78,37,78,2054,0.573600,0.581800,0.418200,0.973187,0.987099,0.581800
219,35.916000,2.458469,55.120000,1.294681,0.289721,10,5000,3120,1880,3247,1753,3247,3014,233,106,233,1647,0.624000,0.649400,0.350600,0.928241,0.966026,0.649400
220,36.356000,2.470049,53.300000,1.381673,0.192758,10,5000,3224,1776,3207,1793,3207,3135,72,89,72,1704,0.644800,0.641400,0.358600,0.977549,0.972395,0.641400
221,36.734000,2.365415,54.230000,1.264763,0.262162,10,5000,2924,2076,2965,2035,2965,2865,100,59,100,1976,0.584800,0.593000,0.407000,0.966273,0.979822,0.593000
222,32.670000,2.492980,46.920000,1.389333,0.314339,10,5000,3448,1552,3580,1420,3580,3383,197,65,197,1355,0.689600,0.716000,0.284000,0.944972,0.981148,0.716000
223,37.266000,2.343549,53.430000,1.289454,0.272965,10,5000,3104,1896,3143,1857,3143,3054,89,50,89,1807,0.620800,0.628600,0.371400,0.971683,0.983892,0.628600
224,35.340000,2.409854,51.020000,1.366439,0.197481,10,5000,2876,2124,2892,2108,2892,2815,77,61,77,2047,0.575200,0.578400,0.421600,0.973375,0.978790,0.578400
225,31.002000,2.627459,41.060000,1.657864,0.146142,10,5000,2948,2052,2972,2028,2972,2918,54,30,54,1998,0.589600,0.594400,0.405600,0.981830,0.989824,0.594400
226,33.280000,2.531700,49.980000,1.406766,0.300534,10,5000,2408,2592,2673,2327,2673,2372,301,36,301,2291,0.481600,0.534600,0.465400,0.887392,0.985050,0.534600
227,36.968000,2.416437,54.940000,1.274038,0.206714,10,5000,2708,2292,2714,2286,2714,2644,70,64,70,2222,0.541600,0.542800,0.457200,0.974208,0.976366,0.542800
228,37.428000,2.387893,56.340000,1.217881,0.329551,10,5000,2364,2636,2616,2384,2616,2334,282,30,282,2354,0.472800,0.523200,0.476800,0.892202,0.987310,0.523200
229,33.590000,2.512785,50.770000,1.355279,0.182927,10,5000,2340,2660,2342,2658,2342,2279,63,61,63,2597,0.468000,0.468400,0.531600,0.973100,0.973932,0.468400
230,38.198000,2.383555,60.460000,1.129690,0.189178,10,5000,2876,2124,2930,2070,2930,2849,81,27,81,2043,0.575200,0.586000,0.414000,0.972355,0.990612,0.586000
231,30.090000,2.779977,49.060000,1.414361,0.171808,10,5000,3064,1936,3057,1943,3057,3009,48,55,48,1888,0.612800,0.611400,0.388600,0.984298,0.982050,0.611400
232,35.472000,2.503082,48.780000,1.434505,0.175819,10,5000,2944,2056,2922,2078,2922,2872,50,72,50,2006,0.588800,0.584400,0.415600,0.982888,0.975543,0.584400
233,34.590000,2.564029,56.050000,1.214597,0.228506,10,5000,2492,2508,2477,2523,2477,2396,81,96,81,2427,0.498400,0.495400,0.504600,0.967299,0.961477,0.495400
234,33.988000,2.601642,50.920000,1.344918,0.293710,10,5000,2808,2192,2999,2001,2999,2738,261,70,261,1931,0.561600,0.599800,0.400200,0.912971,0.975071,0.599800
235,36.372000,2.460832,57.320000,1.214846,0.190265,10,5000,2820,2180,2812,2188,2812,2736,76,84,76,2104,0.564000,0.562400,0.437600,0.972973,0.970213,0.562400
236,38.096000,2.423956,57.430000,1.196020,0.127795,10,5000,3492,1508,3458,1542,3458,3423,35,69,35,1473,0.698400,0.691600,0.308400,0.989879,0.980241,0.691600
237,36.566000,2.500868,54.430000,1.292858,0.149013,10,5000,2708,2292,2676,2324,2676,2644,32,64,32,2260,0.541600,0.535200,0.464800,0.988042,0.976366,0.535200
238,38.212000,2.498049,57.490000,1.284886,0.124509,10,5000,2836,2164,2816,2184,2816,2775,41,61,41,2123,0.567200,0.563200,0.436800,0.985440,0.978491,0.563200
239,32.552000,2.711975,49.450000,1.392446,0.160273,10,5000,2996,2004,2939,2061,2939,2904,35,92,35,1969,0.599200,0.587800,0.412200,0.988091,0.969292,0.587800
240,32.536000,2.789262,49.610000,1.472793,0.172351,10,5000,2988,2012,2984,2016,2984,2933,51,55,51,1961,0.597600,0.596800,0.403200,0.982909,0.981593,0.596800
241,33.806000,2.604748,51.930000,1.328550,0.173670,10,5000,2892,2108,2851,2149,2851,2804,47,88,47,2061,0.578400,0.570200,0.429800,0.983515,0.969571,0.570200
242,35.886000,2.540463,51.400000,1.337512,0.276364,10,5000,3184,1816,3314,1686,3314,3110,204,74,204,1612,0.636800,0.662800,0.337200,0.938443,0.976759,0.662800
243,37.102000,2.541013,55.270000,1.359129,0.121082,10,5000,2512,2488,2502,2498,2502,2473,29,39,29,2459,0.502400,0.500400,0.499600,0.988409,0.984475,0.500400
244,36.552000,2.563819,57.720000,1.244255,0.142595,10,5000,3488,1512,3447,1553,3447,3416,31,72,31,1481,0.697600,0.689400,0.310600,0.991007,0.979358,0.689400
245,35.498000,2.589427,51.280000,1.424300,0.232856,10,5000,2960,2040,2995,2005,2995,2901,94,59,94,1946,0.592000,0.599000,0.401000,0.968614,0.980068,0.599000
246,35.316000,2.642185,52.040000,1.439391,0.172268,10,5000,3272,1728,3279,1721,3279,3230,49,42,49,1679,0.654400,0.655800,0.344200,0.985056,0.987164,0.655800
247,31.750000,2.697077,46.160000,1.515636,0.223183,10,5000,2744,2256,2740,2260,2740,2657,83,87,83,2173,0.548800,0.548000,0.452000,0.969708,0.968294,0.548000
248,32.116000,2.687923,49.800000,1.413720,0.275837,10,5000,2812,2188,2849,2151,2849,2721,128,91,128,2060,0.562400,0.569800,0.430200,0.955072,0.967639,0.569800
249,31.824000,2.666433,50.950000,1.336448,0.196427,10,5000,2988,2012,2996,2004,2996,2948,48,40,48,1964,0.597600,0.599200,0.400800,0.983979,0.986613,0.599200
250,32.720000,2.732674,49.280000,1.492238,0.159786,10,5000,2864,2136,2851,2149,2851,2800,51,64,51,2085,0.572800,0.570200,0.429800,0.982112,0.977654,0.570200
251,34.664000,2.672844,52.650000,1.390876,0.215383,10,5000,3064,1936,3080,1920,3080,3002,78,62,78,1858,0.612800,0.616000,0.384000,0.974675,0.979765,0.616000
252,32.460000,2.750398,54.280000,1.276058,0.181608,10,5000,3148,1852,3137,1863,3137,3073,64,75,64,1788,0.629600,0.627400,0.372600,0.979598,0.976175,0.627400
253,32.354000,2.762917,48.000000,1.494758,0.152928,10,5000,3624,1376,3621,1379,3621,3568,53,56,53,1323,0.724800,0.724200,0.275800,0.985363,0.984547,0.724200
254,33.948000,2.640359,54.960000,1.243497,0.185751,10,5000,2424,2576,2408,2592,2408,2346,62,78,62,2514,0.484800,0.481600,0.518400,0.974252,0.967822,0.481600
255,35.634000,2.533916,50.200000,1.399620,0.332784,10,5000,3256,1744,3518,1482,3518,3207,311,49,311,1433,0.651200,0.703600,0.296400,0.911597,0.984951,0.703600
256,33.850000,2.592569,52.440000,1.310338,0.287016,10,5000,2948,2052,3050,1950,3050,2852,198,96,198,1854,0.589600,0.610000,0.390000,0.935082,0.967436,0.610000
257,35.444000,2.515886,56.250000,1.215682,0.235354,10,5000,2404,2596,2460,2540,2460,2368,92,36,92,2504,0.480800,0.492000,0.508000,0.962602,0.985025,0.492000
258,36.714000,2.482257,55.240000,1.242713,0.151995,10,5000,3204,1796,3197,1803,3197,3158,39,46,39,1757,0.640800,0.639400,0.360600,0.987801,0.985643,0.639400
259,36.050000,2.555792,55.430000,1.280829,0.221708,10,5000,3176,1824,3146,1854,3146,3094,52,82,52,1772,0.635200,0.629200,0.370800,0.983471,0.974181,0.629200
260,36.850000,2.573109,59.350000,1.170740,0.214986,10,5000,3176,1824,3202,1798,3202,3107,95,69,95,1729,0.635200,0.640400,0.359600,0.970331,0.978275,0.640400
261,31.882000,2.822202,46.860000,1.666883,0.225068,10,5000,3124,1876,3090,1910,3090,3050,40,74,40,1836,0.624800,0.618000,0.382000,0.987055,0.976312,0.618000
262,35.226000,2.634696,49.240000,1.467827,0.182977,10,5000,3212,1788,3197,1803,3197,3141,56,71,56,1732,0.642400,0.639400,0.360600,0.982484,0.977895,0.639400
263,37.396000,2.509470,54.900000,1.286093,0.180265,10,5000,2948,2052,2929,2071,2929,2878,51,70,51,2001,0.589600,0.585800,0.414200,0.982588,0.976255,0.585800
264,37.088000,2.492706,55.730000,1.242177,0.303968,10,5000,2688,2312,2958,2042,2958,2656,302,32,302,2010,0.537600,0.591600,0.408400,0.897904,0.988095,0.591600
265,33.134000,2.713910,53.820000,1.324201,0.268254,10,5000,3100,1900,3219,1781,3219,3032,187,68,187,1713,0.620000,0.643800,0.356200,0.941907,0.978065,0.643800
266,31.582000,2.657571,47.250000,1.469957,0.337117,10,5000,3136,1864,3386,1614,3386,3090,296,46,296,1568,0.627200,0.677200,0.322800,0.912581,0.985332,0.677200
267,34.018000,2.579200,53.570000,1.302423,0.203670,10,5000,3396,1604,3391,1609,3391,3329,62,67,62,1542,0.679200,0.678200,0.321800,0.981716,0.980271,0.678200
268,33.480000,2.734047,52.040000,1.375453,0.162976,10,5000,3228,1772,3245,1755,3245,3183,62,45,62,1710,0.645600,0.649000,0.351000,0.980894,0.986059,0.649000
269,34.782000,2.542974,54.090000,1.240028,0.456879,10,5000,2812,2188,3152,1848,3152,2735,417,77,417,1771,0.562400,0.630400,0.369600,0.867703,0.972617,0.630400
270,37.412000,2.462972,56.040000,1.224255,0.296853,10,5000,3020,1980,3214,1786,3214,2950,264,70,264,1716,0.604000,0.642800,0.357200,0.917859,0.976821,0.642800
271,32.722000,2.717423,50.110000,1.430758,0.148653,10,5000,3540,1460,3499,1501,3499,3466,33,74,33,1427,0.708000,0.699800,0.300200,0.990569,0.979096,0.699800
272,35.842000,2.566395,53.910000,1.285199,0.173978,10,5000,2872,2128,2843,2157,2843,2779,64,93,64,2064,0.574400,0.568600,0.431400,0.977489,0.967618,0.568600
273,30.450000,2.839861,42.840000,1.587072,0.195103,10,5000,3052,1948,3057,1943,3057,3000,57,52,57,1891,0.610400,0.611400,0.388600,0.981354,0.982962,0.611400
274,32.934000,2.682765,51.730000,1.312747,0.356817,10,5000,3272,1728,3449,1551,3449,3204,245,68,245,1483,0.654400,0.689800,0.310200,0.928965,0.979218,0.689800
275,36.136000,2.548609,53.700000,1.293365,0.154443,10,5000,3860,1140,3815,1185,3815,3776,39,84,39,1101,0.772000,0.763000,0.237000,0.989777,0.978238,0.763000
276,35.042000,2.707232,55.190000,1.304835,0.115862,10,5000,3636,1364,3601,1399,3601,3578,23,58,23,1341,0.727200,0.720200,0.279800,0.993613,0.984048,0.720200
277,37.154000,2.426128,55.030000,1.225125,0.466515,10,5000,3188,1812,3394,1606,3394,3059,335,129,335,1477,0.637600,0.678800,0.321200,0.901296,0.959536,0.678800
278,35.242000,2.580813,51.820000,1.339586,0.136033,10,5000,3736,1264,3664,1336,3664,3636,28,100,28,1236,0.747200,0.732800,0.267200,0.992358,0.973233,0.732800
279,33.030000,2.706398,49.450000,1.409874,0.253386,10,5000,3580,1420,3586,1414,3586,3512,74,68,74,1346,0.716000,0.717200,0.282800,0.979364,0.981006,0.717200
280,39.210000,2.406063,56.020000,1.235479,0.257334,10,5000,3508,1492,3661,1339,3661,3447,214,61,214,1278,0.701600,0.732200,0.267800,0.941546,0.982611,0.732200
281,38.090000,2.413123,57.120000,1.206182,0.293739,10,5000,2364,2636,2576,2424,2576,2302,274,62,274,2362,0.472800,0.515200,0.484800,0.893634,0.973773,0.515200
282,37.142000,2.482795,57.490000,1.248622,0.431772,10,5000,3020,1980,3391,1609,3391,2972,419,48,419,1561,0.604000,0.678200,0.321800,0.876438,0.984106,0.678200
283,36.554000,2.453069,50.810000,1.336471,0.236757,10,5000,3104,1896,3110,1890,3110,3024,86,80,86,1810,0.620800,0.622000,0.378000,0.972347,0.974227,0.622000
284,37.142000,2.520245,55.800000,1.255263,0.141414,10,5000,3144,1856,3122,1878,3122,3083,39,61,39,1817,0.628800,0.624400,0.375600,0.987508,0.980598,0.624400
285,36.860000,2.500735,57.270000,1.207753,0.205614,10,5000,3128,1872,3119,1881,3119,3064,55,64,55,1817,0.625600,0.623800,0.376200,0.982366,0.979540,0.623800
286,37.146000,2.581396,58.300000,1.234614,0.158015,10,5000,3004,1996,2991,2009,2991,2930,61,74,61,1935,0.600800,0.598200,0.401800,0.979605,0.975366,0.598200
287,34.768000,2.774064,52.490000,1.442860,0.120837,10,5000,2984,2016,2989,2011,2989,2944,45,40,45,1971,0.596800,0.597800,0.402200,0.984945,0.986595,0.597800
288,35.696000,2.639440,50.600000,1.419505,0.203617,10,5000,3128,1872,3127,1873,3127,3060,67,68,67,1805,0.625600,0.625400,0.374600,0.978574,0.978261,0.625400
289,31.690000,2.773906,46.200000,1.535678,0.194786,10,5000,3460,1540,3455,1545,3455,3413,42,47,42,1498,0.692000,0.691000,0.309000,0.987844,0.986416,0.691000
290,35.078000,2.620771,48.400000,1.509390,0.148351,10,5000,2876,2124,2864,2136,2864,2821,43,55,43,2081,0.575200,0.572800,0.427200,0.984986,0.980876,0.572800
291,34.920000,2.589421,53.360000,1.260053,0.162102,10,5000,3308,1692,3302,1698,3302,3251,51,57,51,1641,0.661600,0.660400,0.339600,0.984555,0.982769,0.660400
292,36.892000,2.533654,52.880000,1.342405,0.218409,10,5000,3228,1772,3399,1601,3399,3202,197,26,197,1575,0.645600,0.679800,0.320200,0.942042,0.991945,0.679800
293,31.312000,2.784112,48.140000,1.452577,0.162994,10,5000,3488,1512,3504,1496,3504,3445,59,43,59,1453,0.697600,0.700800,0.299200,0.983162,0.987672,0.700800
294,35.652000,2.634160,55.820000,1.288388,0.257315,10,5000,2964,2036,3007,1993,3007,2910,97,54,97,1939,0.592800,0.601400,0.398600,0.967742,0.981781,0.601400
295,32.688000,2.725543,54.210000,1.293259,0.391828,10,5000,2408,2592,2660,2340,2660,2343,317,65,317,2275,0.481600,0.532000,0.468000,0.880827,0.973007,0.532000
296,32.284000,2.773422,47.850000,1.455121,0.323542,10,5000,2816,2184,3020,1980,3020,2717,303,99,303,1881,0.563200,0.604000,0.396000,0.899669,0.964844,0.604000
297,36.168000,2.601615,56.620000,1.225130,0.220831,10,5000,3344,1656,3371,1629,3371,3282,89,62,89,1567,0.668800,0.674200,0.325800,0.973598,0.981459,0.674200
298,36.286000,2.628224,53.130000,1.396970,0.178813,10,5000,3260,1740,3248,1752,3248,3184,64,76,64,1676,0.652000,0.649600,0.350400,0.980296,0.976687,0.649600
299,36.166000,2.563226,52.050000,1.373006,0.371448,10,5000,2620,2380,2859,2141,2859,2577,282,43,282,2098,0.524000,0.571800,0.428200,0.901364,0.983588,0.571800
300,31.594000,2.794985,51.350000,1.416019,0.295936,10,5000,3388,1612,3509,1491,3509,3324,185,64,185,1427,0.677600,0.701800,0.298200,0.947278,0.981110,0.701800
301,38.576000,2.481901,58.180000,1.187077,0.210744,10,5000,3256,1744,3282,1718,3282,3203,79,53,79,1665,0.651200,0.656400,0.343600,0.975929,0.983722,0.656400
302,35.542000,2.643247,54.000000,1.322330,0.166234,10,5000,3348,1652,3382,1618,3382,3310,72,38,72,1580,0.669600,0.676400,0.323600,0.978711,0.988650,0.676400
303,29.304000,2.941155,46.810000,1.509321,0.145279,10,5000,2432,2568,2430,2570,2430,2385,45,47,45,2523,0.486400,0.486000,0.514000,0.981481,0.980674,0.486000
304,35.934000,2.605785,51.710000,1.386897,0.216953,10,5000,3020,1980,3052,1948,3052,2972,80,48,80,1900,0.604000,0.610400,0.389600,0.973788,0.984106,0.610400
305,37.840000,2.587487,59.600000,1.173924,0.106959,10,5000,3308,1692,3247,1753,3247,3220,27,88,27,1665,0.661600,0.649400,0.350600,0.991685,0.973398,0.649400
306,35.202000,2.730318,52.580000,1.443245,0.118924,10,5000,3540,1460,3501,1499,3501,3469,32,71,32,1428,0.708000,0.700200,0.299800,0.990860,0.979944,0.700200
307,37.114000,2.575347,55.420000,1.246502,0.262773,10,5000,2976,2024,3118,1882,3118,2921,197,55,197,1827,0.595200,0.623600,0.376400,0.936818,0.981519,0.623600
308,32.228000,2.809955,51.330000,1.371925,0.299192,10,5000,2352,2648,2536,2464,2536,2306,230,46,230,2418,0.470400,0.507200,0.492800,0.909306,0.980442,0.507200
309,33.196000,2.904690,51.740000,1.527986,0.273608,10,5000,3364,1636,3477,1523,3477,3289,188,75,188,1448,0.672800,0.695400,0.304600,0.945930,0.977705,0.695400
310,34.104000,2.713768,54.150000,1.284143,0.293616,10,5000,2952,2048,3082,1918,3082,2874,208,78,208,1840,0.590400,0.616400,0.383600,0.932511,0.973577,0.616400
311,35.340000,2.660263,54.130000,1.330146,0.268508,10,5000,2680,2320,2877,2123,2877,2650,227,30,227,2093,0.536000,0.575400,0.424600,0.921098,0.988806,0.575400
312,34.762000,2.692097,51.700000,1.415726,0.261066,10,5000,3056,1944,3271,1729,3271,3011,260,45,260,1684,0.611200,0.654200,0.345800,0.920514,0.985275,0.654200
313,35.608000,2.599546,55.820000,1.275860,0.260253,10,5000,2452,2548,2549,2451,2549,2418,131,34,131,2417,0.490400,0.509800,0.490200,0.948607,0.986134,0.509800
314,30.988000,2.806345,52.040000,1.378501,0.333943,10,5000,3028,1972,3259,1741,3259,2980,279,48,279,1693,0.605600,0.651800,0.348200,0.914391,0.984148,0.651800
315,37.974000,2.528456,57.810000,1.226102,0.142157,10,5000,3040,1960,3040,1960,3040,2979,61,61,61,1899,0.608000,0.608000,0.392000,0.979934,0.979934,0.608000
316,36.930000,2.584801,59.110000,1.171988,0.153310,10,5000,3396,1604,3371,1629,3371,3321,50,75,50,1554,0.679200,0.674200,0.325800,0.985168,0.977915,0.674200
317,36.626000,2.590172,52.480000,1.344032,0.238360,10,5000,3036,1964,3097,1903,3097,2998,99,38,99,1865,0.607200,0.619400,0.380600,0.968034,0.987484,0.619400
318,39.192000,2.517203,57.670000,1.199219,0.116926,10,5000,3192,1808,3190,1810,3190,3154,36,38,36,1772,0.638400,0.638000,0.362000,0.988715,0.988095,0.638000
319,37.396000,2.589322,53.290000,1.306540,0.264494,10,5000,2808,2192,2956,2044,2956,2756,200,52,200,1992,0.561600,0.591200,0.408800,0.932341,0.981481,0.591200
320,34.866000,2.701458,51.970000,1.341410,0.192419,10,5000,2716,2284,2740,2260,2740,2662,78,54,78,2206,0.543200,0.548000,0.452000,0.971533,0.980118,0.548000
321,36.788000,2.553412,59.750000,1.144038,0.387566,10,5000,2924,2076,3182,1818,3182,2867,315,57,315,1761,0.584800,0.636400,0.363600,0.901006,0.980506,0.636400
322,34.712000,2.675888,55.000000,1.274820,0.128965,10,5000,3428,1572,3426,1574,3426,3384,42,44,42,1530,0.685600,0.685200,0.314800,0.987741,0.987165,0.685200
323,36.004000,2.600788,50.260000,1.448826,0.238629,10,5000,3328,1672,3457,1543,3457,3269,188,59,188,1484,0.665600,0.691400,0.308600,0.945618,0.982272,0.691400
324,38.572000,2.497603,55.860000,1.270542,0.189393,10,5000,3356,1644,3366,1634,3366,3301,65,55,65,1579,0.671200,0.673200,0.326800,0.980689,0.983611,0.673200
325,37.802000,2.523681,54.990000,1.318244,0.289726,10,5000,2568,2432,2809,2191,2809,2515,294,53,294,2138,0.513600,0.561800,0.438200,0.895336,0.979361,0.561800
326,33.922000,2.713098,52.030000,1.366003,0.154879,10,5000,2828,2172,2822,2178,2822,2773,49,55,49,2123,0.565600,0.564400,0.435600,0.982636,0.980552,0.564400
327,34.482000,2.595802,51.580000,1.397309,0.272645,10,5000,3028,1972,3088,1912,3088,2986,102,42,102,1870,0.605600,0.617600,0.382400,0.966969,0.986129,0.617600
328,35.722000,2.580132,49.490000,1.436288,0.249745,10,5000,3600,1400,3788,1212,3788,3559,229,41,229,1171,0.720000,0.757600,0.242400,0.939546,0.988611,0.757600
329,38.396000,2.464367,55.880000,1.238794,0.316776,10,5000,2596,2404,2852,2148,2852,2554,298,42,298,2106,0.519200,0.570400,0.429600,0.895512,0.983821,0.570400
330,35.932000,2.563630,52.080000,1.380830,0.267842,10,5000,2668,2332,2826,2174,2826,2620,206,48,206,2126,0.533600,0.565200,0.434800,0.927105,0.982009,0.565200
331,34.302000,2.720103,52.040000,1.457753,0.159750,10,5000,2924,2076,2946,2054,2946,2879,67,45,67,2009,0.584800,0.589200,0.410800,0.977257,0.984610,0.589200
332,33.364000,2.707929,55.380000,1.232046,0.233860,10,5000,3392,1608,3478,1522,3478,3314,164,78,164,1444,0.678400,0.695600,0.304400,0.952846,0.977005,0.695600
333,34.458000,2.677091,50.940000,1.433803,0.235886,10,5000,2784,2216,2936,2064,2936,2741,195,43,195,2021,0.556800,0.587200,0.412800,0.933583,0.984555,0.587200
334,37.352000,2.508248,54.620000,1.255285,0.318097,10,5000,2536,2464,2647,2353,2647,2336,311,200,311,2153,0.507200,0.529400,0.470600,0.882509,0.921136,0.529400
335,38.856000,2.489065,56.370000,1.221145,0.172366,10,5000,3028,1972,3066,1934,3066,2996,70,32,70,1902,0.605600,0.613200,0.386800,0.977169,0.989432,0.613200
336,38.224000,2.487314,55.100000,1.272708,0.262284,10,5000,3108,1892,3314,1686,3314,3070,244,38,244,1648,0.621600,0.662800,0.337200,0.926373,0.987773,0.662800
337,34.702000,2.668658,51.240000,1.364819,0.230101,10,5000,2816,2184,2889,2111,2889,2787,102,29,102,2082,0.563200,0.577800,0.422200,0.964694,0.989702,0.577800
338,36.988000,2.604034,53.370000,1.345580,0.162341,10,5000,3304,1696,3273,1727,3273,3220,53,84,53,1643,0.660800,0.654600,0.345400,0.983807,0.974576,0.654600
339,33.882000,2.823456,54.960000,1.298128,0.135659,10,5000,3092,1908,3083,1917,3083,3044,39,48,39,1869,0.618400,0.616600,0.383400,0.987350,0.984476,0.616600
340,38.180000,2.612255,54.920000,1.322938,0.159693,10,5000,2900,2100,2918,2082,2918,2856,62,44,62,2038,0.580000,0.583600,0.416400,0.978753,0.984828,0.583600
341,36.786000,2.659491,55.590000,1.237066,0.128644,10,5000,2948,2052,2966,2034,2966,2921,45,27,45,2007,0.589600,0.593200,0.406800,0.984828,0.990841,0.593200
342,30.882000,3.118808,47.620000,1.593947,0.164815,10,5000,3176,1824,3212,1788,3212,3127,85,49,85,1739,0.635200,0.642400,0.357600,0.973537,0.984572,0.642400
343,34.842000,2.824801,53.780000,1.372277,0.146953,10,5000,3464,1536,3494,1506,3494,3435,59,29,59,1477,0.692800,0.698800,0.301200,0.983114,0.991628,0.698800
344,38.134000,2.670276,55.280000,1.325722,0.222205,10,5000,3536,1464,3563,1437,3563,3472,91,64,91,1373,0.707200,0.712600,0.287400,0.974460,0.981900,0.712600
345,34.912000,2.743680,54.090000,1.314673,0.172790,10,5000,2816,2184,2855,2145,2855,2785,70,31,70,2114,0.563200,0.571000,0.429000,0.975482,0.988991,0.571000
346,38.088000,2.632160,55.280000,1.309731,0.153827,10,5000,3400,1600,3418,1582,3418,3347,71,53,71,1529,0.680000,0.683600,0.316400,0.979228,0.984412,0.683600
347,35.898000,2.751697,54.190000,1.303089,0.243942,10,5000,3020,1980,3171,1829,3171,2970,201,50,201,1779,0.604000,0.634200,0.365800,0.936613,0.983444,0.634200
348,38.574000,2.549846,54.820000,1.278870,0.267733,10,5000,2868,2132,3074,1926,3074,2837,237,31,237,1895,0.573600,0.614800,0.385200,0.922902,0.989191,0.614800
349,38.636000,2.545705,57.490000,1.226937,0.345190,10,5000,3512,1488,3765,1235,3765,3439,326,73,326,1162,0.702400,0.753000,0.247000,0.913413,0.979214,0.753000
350,38.584000,2.595317,58.000000,1.181882,0.208308,10,5000,3140,1860,3176,1824,3176,3108,68,32,68,1792,0.628000,0.635200,0.364800,0.978589,0.989809,0.635200
351,38.240000,2.619580,55.560000,1.357604,0.131418,10,5000,2944,2056,2945,2055,2945,2899,46,45,46,2010,0.588800,0.589000,0.411000,0.984380,0.984715,0.589000
352,36.840000,2.635281,52.390000,1.376935,0.295059,10,5000,2648,2352,2869,2131,2869,2589,280,59,280,2072,0.529600,0.573800,0.426200,0.902405,0.977719,0.573800
353,38.820000,2.510399,53.810000,1.290878,0.287734,10,5000,2972,2028,3199,1801,3199,2926,273,46,273,1755,0.594400,0.639800,0.360200,0.914661,0.984522,0.639800
354,36.800000,2.588725,56.220000,1.220487,0.136139,10,5000,3004,1996,3007,1993,3007,2955,52,49,52,1944,0.600800,0.601400,0.398600,0.982707,0.983688,0.601400
355,30.228000,3.013190,44.840000,1.574869,0.244952,10,5000,2832,2168,3000,2000,3000,2784,216,48,216,1952,0.566400,0.600000,0.400000,0.928000,0.983051,0.600000
356,33.224000,2.870577,50.420000,1.401995,0.152543,10,5000,3172,1828,3184,1816,3184,3141,43,31,43,1785,0.634400,0.636800,0.363200,0.986495,0.990227,0.636800
357,38.690000,2.603160,56.220000,1.237564,0.116401,10,5000,2904,2096,2900,2100,2900,2869,31,35,31,2065,0.580800,0.580000,0.420000,0.989310,0.987948,0.580000
358,40.086000,2.519687,56.730000,1.209793,0.296548,10,5000,3096,1904,3330,1670,3330,3042,288,54,288,1616,0.619200,0.666000,0.334000,0.913514,0.982558,0.666000
359,38.386000,2.621504,57.730000,1.247891,0.149264,10,5000,3228,1772,3253,1747,3253,3184,69,44,69,1703,0.645600,0.650600,0.349400,0.978789,0.986369,0.650600
360,35.832000,2.677284,56.950000,1.247883,0.263664,10,5000,2416,2584,2617,2383,2617,2367,250,49,250,2334,0.483200,0.523400,0.476600,0.904471,0.979719,0.523400
361,37.810000,2.625678,54.120000,1.350601,0.235760,10,5000,2992,2008,3145,1855,3145,2947,198,45,198,1810,0.598400,0.629000,0.371000,0.937043,0.984960,0.629000
362,35.828000,2.683096,57.730000,1.221168,0.143216,10,5000,2988,2012,2982,2018,2982,2944,38,44,38,1974,0.597600,0.596400,0.403600,0.987257,0.985274,0.596400
363,34.610000,2.854871,51.760000,1.404199,0.129975,10,5000,2892,2108,2894,2106,2894,2862,32,30,32,2076,0.578400,0.578800,0.421200,0.988943,0.989627,0.578800
364,37.038000,2.680715,60.080000,1.148431,0.208996,10,5000,3088,1912,3124,1876,3124,3049,75,39,75,1837,0.617600,0.624800,0.375200,0.975992,0.987370,0.624800
365,39.588000,2.562846,55.990000,1.262632,0.200728,10,5000,3736,1264,3862,1138,3862,3680,182,56,182,1082,0.747200,0.772400,0.227600,0.952874,0.985011,0.772400
366,35.114000,2.735579,49.130000,1.432368,0.148927,10,5000,3288,1712,3284,1716,3284,3216,68,72,68,1644,0.657600,0.656800,0.343200,0.979294,0.978102,0.656800
367,38.214000,2.628829,53.680000,1.310498,0.268408,10,5000,2776,2224,2884,2116,2884,2666,218,110,218,2006,0.555200,0.576800,0.423200,0.924411,0.960375,0.576800
368,37.978000,2.681419,57.010000,1.261525,0.261539,10,5000,2392,2608,2575,2425,2575,2354,221,38,221,2387,0.478400,0.515000,0.485000,0.914175,0.984114,0.515000
369,35.158000,2.693218,48.710000,1.458235,0.260785,10,5000,2676,2324,2864,2136,2864,2634,230,42,230,2094,0.535200,0.572800,0.427200,0.919693,0.984305,0.572800
370,39.926000,2.553350,57.750000,1.198950,0.148710,10,5000,3160,1840,3177,1823,3177,3118,59,42,59,1781,0.632000,0.635400,0.364600,0.981429,0.986709,0.635400
371,38.596000,2.676579,55.590000,1.353865,0.128602,10,5000,3320,1680,3328,1672,3328,3286,42,34,42,1638,0.664000,0.665600,0.334400,0.987380,0.989759,0.665600
372,36.888000,2.687871,56.440000,1.306157,0.306470,10,5000,2972,2028,3227,1773,3227,2921,306,51,306,1722,0.594400,0.645400,0.354600,0.905175,0.982840,0.645400
373,39.144000,2.538410,57.950000,1.246214,0.156715,10,5000,2308,2692,2366,2634,2366,2284,82,24,82,2610,0.461600,0.473200,0.526800,0.965342,0.989601,0.473200
374,38.392000,2.548210,55.460000,1.269709,0.238421,10,5000,2656,2344,2752,2248,2752,2620,132,36,132,2212,0.531200,0.550400,0.449600,0.952035,0.986446,0.550400
375,38.408000,2.625861,55.710000,1.275303,0.128385,10,5000,3480,1520,3480,1520,3480,3439,41,41,41,1479,0.696000,0.696000,0.304000,0.988218,0.988218,0.696000
376,38.184000,2.511071,54.460000,1.280816,0.316777,10,5000,2820,2180,3097,1903,3097,2773,324,47,324,1856,0.564000,0.619400,0.380600,0.895383,0.983333,0.619400
377,35.552000,2.682161,50.200000,1.473687,0.293091,10,5000,2748,2252,2926,2074,2926,2704,222,44,222,2030,0.549600,0.585200,0.414800,0.924129,0.983988,0.585200
378,36.236000,2.721020,53.580000,1.364896,0.296406,10,5000,2812,2188,3026,1974,3026,2768,258,44,258,1930,0.562400,0.605200,0.394800,0.914739,0.984353,0.605200
379,37.700000,2.665290,54.210000,1.361744,0.161150,10,5000,2828,2172,2859,2141,2859,2792,67,36,67,2105,0.565600,0.571800,0.428200,0.976565,0.987270,0.571800
380,33.622000,2.864177,44.710000,1.648157,0.107976,10,5000,3244,1756,3266,1734,3266,3215,51,29,51,1705,0.648800,0.653200,0.346800,0.984385,0.991060,0.653200
381,36.882000,2.684909,55.060000,1.276859,0.127437,10,5000,2580,2420,2578,2422,2578,2527,51,53,51,2369,0.516000,0.515600,0.484400,0.980217,0.979457,0.515600
382,34.518000,2.899525,54.600000,1.342536,0.149410,10,5000,3008,1992,3025,1975,3025,2971,54,37,54,1938,0.601600,0.605000,0.395000,0.982149,0.987699,0.605000
383,33.198000,3.069938,52.390000,1.432461,0.103210,10,5000,2660,2340,2654,2346,2654,2624,30,36,30,2310,0.532000,0.530800,0.469200,0.988696,0.986466,0.530800
384,36.232000,2.814922,52.880000,1.432159,0.155482,10,5000,3176,1824,3170,1830,3170,3114,56,62,56,1768,0.635200,0.634000,0.366000,0.982334,0.980479,0.634000
385,38.496000,2.727404,51.430000,1.480090,0.102405,10,5000,3648,1352,3645,1355,3645,3610,35,38,35,1317,0.729600,0.729000,0.271000,0.990398,0.989583,0.729000
386,36.572000,2.788849,55.340000,1.341890,0.140883,10,5000,2808,2192,2793,2207,2793,2743,50,65,50,2142,0.561600,0.558600,0.441400,0.982098,0.976852,0.558600
387,37.766000,2.682019,57.750000,1.223628,0.206834,10,5000,3120,1880,3146,1854,3146,3084,62,36,62,1818,0.624000,0.629200,0.370800,0.980292,0.988462,0.629200
388,37.892000,2.640395,56.040000,1.263188,0.270073,10,5000,2476,2524,2665,2335,2665,2424,241,52,241,2283,0.495200,0.533000,0.467000,0.909568,0.978998,0.533000
389,29.716000,3.114044,46.020000,1.637927,0.280531,10,5000,2760,2240,2948,2052,2948,2722,226,38,226,2014,0.552000,0.589600,0.410400,0.923338,0.986232,0.589600
390,38.360000,2.682088,55.300000,1.331289,0.155929,10,5000,3132,1868,3119,1881,3119,3076,43,56,43,1825,0.626400,0.623800,0.376200,0.986214,0.982120,0.623800
391,38.296000,2.703670,57.310000,1.292580,0.190230,10,5000,3180,1820,3202,1798,3202,3132,70,48,70,1750,0.636000,0.640400,0.359600,0.978139,0.984906,0.640400
392,36.992000,2.762708,55.880000,1.313058,0.101595,10,5000,3352,1648,3332,1668,3332,3308,24,44,24,1624,0.670400,0.666400,0.333600,0.992797,0.986874,0.666400
393,39.740000,2.525201,58.130000,1.201137,0.256355,10,5000,2752,2248,2904,2096,2904,2688,216,64,216,2032,0.550400,0.580800,0.419200,0.925620,0.976744,0.580800
394,41.042000,2.540473,61.390000,1.113473,0.203527,10,5000,3068,1932,3086,1914,3086,3004,82,64,82,1850,0.613600,0.617200,0.382800,0.973428,0.979140,0.617200
395,36.614000,2.556014,58.270000,1.174326,0.494863,10,5000,2536,2464,2990,2010,2990,2487,503,49,503,1961,0.507200,0.598000,0.402000,0.831773,0.980678,0.598000
396,38.212000,2.550363,56.940000,1.239105,0.194735,10,5000,3516,1484,3551,1449,3551,3475,76,41,76,1408,0.703200,0.710200,0.289800,0.978598,0.988339,0.710200
397,39.166000,2.550090,57.890000,1.214402,0.305214,10,5000,3016,1984,3230,1770,3230,2978,252,38,252,1732,0.603200,0.646000,0.354000,0.921981,0.987401,0.646000
398,37.198000,2.690803,55.120000,1.299080,0.189197,10,5000,2884,2116,2937,2063,2937,2843,94,41,94,2022,0.576800,0.587400,0.412600,0.967995,0.985784,0.587400
399,38.226000,2.633701,57.990000,1.237106,0.260377,10,5000,2792,2208,3008,1992,3008,2763,245,29,245,1963,0.558400,0.601600,0.398400,0.918551,0.989613,0.601600
400,33.280000,2.845812,47.150000,1.543377,0.273251,10,5000,2864,2136,3094,1906,3094,2824,270,40,270,1866,0.572800,0.618800,0.381200,0.912734,0.986034,0.618800
401,36.686000,2.678941,58.980000,1.188297,0.274343,10,5000,2648,2352,2820,2180,2820,2599,221,49,221,2131,0.529600,0.564000,0.436000,0.921631,0.981495,0.564000
402,34.392000,2.745115,54.520000,1.277702,0.284811,10,5000,3108,1892,3318,1682,3318,3063,255,45,255,1637,0.621600,0.663600,0.336400,0.923146,0.985521,0.663600
403,38.154000,2.600866,59.550000,1.171487,0.228397,10,5000,3284,1716,3429,1571,3429,3214,215,70,215,1501,0.656800,0.685800,0.314200,0.937300,0.978685,0.685800
404,35.992000,2.636780,53.480000,1.304246,0.416860,10,5000,2788,2212,3230,1770,3230,2745,485,43,485,1727,0.557600,0.646000,0.354000,0.849845,0.984577,0.646000
405,39.240000,2.475546,58.250000,1.196490,0.298634,10,5000,3388,1612,3572,1428,3572,3330,242,58,242,1370,0.677600,0.714400,0.285600,0.932251,0.982881,0.714400
406,37.638000,2.650710,52.940000,1.399190,0.110176,10,5000,3076,1924,3089,1911,3089,3047,42,29,42,1882,0.615200,0.617800,0.382200,0.986403,0.990572,0.617800
407,40.430000,2.496597,63.370000,1.049469,0.172208,10,5000,3404,1596,3386,1614,3386,3345,41,59,41,1555,0.680800,0.677200,0.322800,0.987891,0.982667,0.677200
408,36.508000,2.681662,58.430000,1.178518,0.130645,10,5000,3348,1652,3328,1672,3328,3297,31,51,31,1621,0.669600,0.665600,0.334400,0.990685,0.984767,0.665600
409,39.754000,2.515807,57.460000,1.181235,0.286187,10,5000,3032,1968,3282,1718,3282,2991,291,41,291,1677,0.606400,0.656400,0.343600,0.911335,0.986478,0.656400
410,37.594000,2.640305,56.260000,1.238991,0.122259,10,5000,3360,1640,3344,1656,3344,3310,34,50,34,1606,0.672000,0.668800,0.331200,0.989833,0.985119,0.668800
411,36.788000,2.694620,53.920000,1.352249,0.197161,10,5000,3132,1868,3197,1803,3197,3099,98,33,98,1770,0.626400,0.639400,0.360600,0.969346,0.989464,0.639400
412,38.036000,2.620217,56.670000,1.202613,0.182724,10,5000,3064,1936,3069,1931,3069,3014,55,50,55,1881,0.612800,0.613800,0.386200,0.982079,0.983681,0.613800
413,41.194000,2.516848,58.070000,1.191947,0.226190,10,5000,2664,2336,2844,2156,2844,2624,220,40,220,2116,0.532800,0.568800,0.431200,0.922644,0.984985,0.568800
414,36.122000,2.779474,54.010000,1.314307,0.149878,10,5000,3100,1900,3116,1884,3116,3057,59,43,59,1841,0.620000,0.623200,0.376800,0.981065,0.986129,0.623200
415,38.456000,2.587309,54.340000,1.290161,0.359481,10,5000,2584,2416,3001,1999,3001,2562,439,22,439,1977,0.516800,0.600200,0.399800,0.853715,0.991486,0.600200
416,36.808000,2.728960,55.390000,1.286180,0.128771,10,5000,2748,2252,2769,2231,2769,2719,50,29,50,2202,0.549600,0.553800,0.446200,0.981943,0.989447,0.553800
417,39.766000,2.578798,58.990000,1.196900,0.274564,10,5000,3232,1768,3445,1555,3445,3191,254,41,254,1514,0.646400,0.689000,0.311000,0.926270,0.987314,0.689000
418,39.546000,2.513446,59.310000,1.151718,0.268350,10,5000,2784,2216,2985,2015,2985,2744,241,40,241,1975,0.556800,0.597000,0.403000,0.919263,0.985632,0.597000
419,39.432000,2.569687,58.490000,1.177718,0.126222,10,5000,3156,1844,3172,1828,3172,3124,48,32,48,1796,0.631200,0.634400,0.365600,0.984868,0.989861,0.634400
420,36.178000,2.763491,55.700000,1.246227,0.180530,10,5000,2876,2124,2917,2083,2917,2832,85,44,85,2039,0.575200,0.583400,0.416600,0.970860,0.984701,0.583400
421,36.504000,2.765201,55.260000,1.293689,0.128821,10,5000,2864,2136,2873,2127,2873,2817,56,47,56,2080,0.572800,0.574600,0.425400,0.980508,0.983589,0.574600
422,39.460000,2.573670,53.980000,1.336021,0.257268,10,5000,3192,1808,3404,1596,3404,3164,240,28,240,1568,0.638400,0.680800,0.319200,0.929495,0.991228,0.680800
423,30.156000,3.090326,51.420000,1.416819,0.159311,10,5000,2476,2524,2503,2497,2503,2439,64,37,64,2460,0.495200,0.500600,0.499400,0.974431,0.985057,0.500600
424,38.962000,2.615255,58.190000,1.191719,0.155741,10,5000,3152,1848,3166,1834,3166,3103,63,49,63,1785,0.630400,0.633200,0.366800,0.980101,0.984454,0.633200
425,39.288000,2.587102,57.600000,1.253300,0.146297,10,5000,3136,1864,3177,1823,3177,3108,69,28,69,1795,0.627200,0.635400,0.364600,0.978281,0.991071,0.635400
426,36.286000,2.821589,53.040000,1.442604,0.174430,10,5000,2768,2232,2771,2229,2771,2728,43,40,43,2189,0.553600,0.554200,0.445800,0.984482,0.985549,0.554200
427,38.568000,2.638191,59.170000,1.174485,0.175747,10,5000,3128,1872,3134,1866,3134,3086,48,42,48,1824,0.625600,0.626800,0.373200,0.984684,0.986573,0.626800
428,37.352000,2.718356,55.590000,1.290705,0.176351,10,5000,2320,2680,2366,2634,2366,2296,70,24,70,2610,0.464000,0.473200,0.526800,0.970414,0.989655,0.473200
429,37.880000,2.709140,59.290000,1.186286,0.135962,10,5000,2560,2440,2597,2403,2597,2530,67,30,67,2373,0.512000,0.519400,0.480600,0.974201,0.988281,0.519400
430,37.820000,2.633060,53.340000,1.311453,0.327494,10,5000,3116,1884,3295,1705,3295,3080,215,36,215,1669,0.623200,0.659000,0.341000,0.934750,0.988447,0.659000
431,33.124000,2.921553,45.950000,1.583943,0.188439,10,5000,3228,1772,3251,1749,3251,3174,77,54,77,1695,0.645600,0.650200,0.349800,0.976315,0.983271,0.650200
432,39.044000,2.644876,54.450000,1.360992,0.126313,10,5000,2692,2308,2706,2294,2706,2663,43,29,43,2265,0.538400,0.541200,0.458800,0.984109,0.989227,0.541200
433,38.902000,2.640054,58.590000,1.179019,0.280166,10,5000,2428,2572,2653,2347,2653,2380,273,48,273,2299,0.485600,0.530600,0.469400,0.897098,0.980231,0.530600
434,37.162000,2.751111,58.230000,1.206933,0.101942,10,5000,3888,1112,3870,1130,3870,3840,30,48,30,1082,0.777600,0.774000,0.226000,0.992248,0.987654,0.774000
435,32.330000,2.879144,50.300000,1.346932,0.295403,10,5000,2424,2576,2705,2295,2705,2400,305,24,305,2271,0.484800,0.541000,0.459000,0.887246,0.990099,0.541000
436,38.998000,2.640864,55.100000,1.316853,0.141673,10,5000,2872,2128,2871,2129,2871,2815,56,57,56,2072,0.574400,0.574200,0.425800,0.980495,0.980153,0.574200
437,36.378000,2.679733,53.680000,1.284279,0.245804,10,5000,3096,1904,3338,1662,3338,3060,278,36,278,1626,0.619200,0.667600,0.332400,0.916717,0.988372,0.667600
438,36.008000,2.766416,53.050000,1.376075,0.224681,10,5000,2860,2140,2979,2021,2979,2831,148,29,148,1992,0.572000,0.595800,0.404200,0.950319,0.989860,0.595800
439,38.890000,2.651380,54.790000,1.363023,0.135758,10,5000,3840,1160,3830,1170,3830,3804,26,36,26,1134,0.768000,0.766000,0.234000,0.993211,0.990625,0.766000
440,37.350000,2.714079,49.240000,1.532625,0.077863,10,5000,3536,1464,3521,1479,3521,3495,26,41,26,1438,0.707200,0.704200,0.295800,0.992616,0.988405,0.704200
441,37.208000,2.810998,55.530000,1.365986,0.141295,10,5000,2740,2260,2777,2223,2777,2702,75,38,75,2185,0.548000,0.555400,0.444600,0.972992,0.986131,0.555400
442,39.414000,2.555775,56.410000,1.260207,0.313078,10,5000,2564,2436,2839,2161,2839,2525,314,39,314,2122,0.512800,0.567800,0.432200,0.889398,0.984789,0.567800
443,36.094000,2.691004,52.450000,1.371797,0.287157,10,5000,3032,1968,3237,1763,3237,2990,247,42,247,1721,0.606400,0.647400,0.352600,0.923695,0.986148,0.647400
444,37.116000,2.692802,53.960000,1.324302,0.138922,10,5000,3172,1828,3168,1832,3168,3115,53,57,53,1775,0.634400,0.633600,0.366400,0.983270,0.982030,0.633600
445,36.848000,2.721924,53.520000,1.349027,0.171995,10,5000,2756,2244,2773,2227,2773,2700,73,56,73,2171,0.551200,0.554600,0.445400,0.973675,0.979681,0.554600
446,37.992000,2.680337,57.320000,1.234552,0.198742,10,5000,3196,1804,3227,1773,3227,3157,70,39,70,1734,0.639200,0.645400,0.354600,0.978308,0.987797,0.645400
447,33.772000,2.830887,49.080000,1.448851,0.261078,10,5000,2864,2136,3121,1879,3121,2835,286,29,286,1850,0.572800,0.624200,0.375800,0.908363,0.989874,0.624200
448,34.406000,2.838631,51.660000,1.371751,0.130842,10,5000,2668,2332,2689,2311,2689,2631,58,37,58,2274,0.533600,0.537800,0.462200,0.978431,0.986132,0.537800
449,40.274000,2.613670,56.650000,1.274178,0.125754,10,5000,3808,1192,3826,1174,3826,3789,37,19,37,1155,0.761600,0.765200,0.234800,0.990329,0.995011,0.765200
450,38.314000,2.748591,57.280000,1.205807,0.134341,10,5000,3188,1812,3213,1787,3213,3163,50,25,50,1762,0.637600,0.642600,0.357400,0.984438,0.992158,0.642600
451,33.134000,2.970667,47.410000,1.555092,0.116791,10,5000,3020,1980,3035,1965,3035,2992,43,28,43,1937,0.604000,0.607000,0.393000,0.985832,0.990728,0.607000
452,35.526000,2.805433,56.780000,1.214043,0.150365,10,5000,3264,1736,3255,1745,3255,3214,41,50,41,1695,0.652800,0.651000,0.349000,0.987404,0.984681,0.651000
453,39.194000,2.649975,58.720000,1.174514,0.304795,10,5000,3024,1976,3233,1767,3233,2985,248,39,248,1728,0.604800,0.646600,0.353400,0.923291,0.987103,0.646600
454,34.874000,2.820272,55.080000,1.262525,0.269578,10,5000,2828,2172,3039,1961,3039,2800,239,28,239,1933,0.565600,0.607800,0.392200,0.921356,0.990099,0.607800
455,36.636000,2.723102,56.500000,1.228955,0.119199,10,5000,3260,1740,3271,1729,3271,3232,39,28,39,1701,0.652000,0.654200,0.345800,0.988077,0.991411,0.654200
456,39.920000,2.655155,58.300000,1.207190,0.121935,10,5000,3028,1972,3024,1976,3024,2991,33,37,33,1939,0.605600,0.604800,0.395200,0.989087,0.987781,0.604800
457,39.100000,2.586916,59.540000,1.132111,0.301173,10,5000,3336,1664,3585,1415,3585,3292,293,44,293,1371,0.667200,0.717000,0.283000,0.918271,0.986811,0.717000
458,39.856000,2.601569,59.850000,1.133150,0.176792,10,5000,2664,2336,2729,2271,2729,2646,83,18,83,2253,0.532800,0.545800,0.454200,0.969586,0.993243,0.545800
459,40.516000,2.642095,59.940000,1.185161,0.129471,10,5000,3140,1860,3133,1867,3133,3093,40,47,40,1820,0.628000,0.626600,0.373400,0.987233,0.985032,0.626600
460,39.266000,2.697292,60.170000,1.169717,0.239215,10,5000,3308,1692,3475,1525,3475,3266,209,42,209,1483,0.661600,0.695000,0.305000,0.939856,0.987304,0.695000
461,36.700000,2.861689,52.650000,1.416493,0.109711,10,5000,3428,1572,3419,1581,3419,3378,41,50,41,1531,0.685600,0.683800,0.316200,0.988008,0.985414,0.683800
462,40.284000,2.607214,58.770000,1.180480,0.267620,10,5000,3564,1436,3765,1235,3765,3530,235,34,235,1201,0.712800,0.753000,0.247000,0.937583,0.990460,0.753000
463,37.706000,2.743371,54.330000,1.364546,0.150873,10,5000,3208,1792,3247,1753,3247,3173,74,35,74,1718,0.641600,0.649400,0.350600,0.977210,0.989090,0.649400
464,38.174000,2.794940,58.050000,1.241754,0.126573,10,5000,3312,1688,3318,1682,3318,3265,53,47,53,1635,0.662400,0.663600,0.336400,0.984027,0.985809,0.663600
465,39.196000,2.703005,57.010000,1.245775,0.274959,10,5000,2484,2516,2676,2324,2676,2428,248,56,248,2268,0.496800,0.535200,0.464800,0.907324,0.977456,0.535200
466,41.040000,2.643789,58.860000,1.176898,0.123357,10,5000,3160,1840,3185,1815,3185,3128,57,32,57,1783,0.632000,0.637000,0.363000,0.982104,0.989873,0.637000
467,35.050000,2.981663,54.600000,1.352236,0.119906,10,5000,3328,1672,3338,1662,3338,3288,50,40,50,1622,0.665600,0.667600,0.332400,0.985021,0.987981,0.667600
468,39.550000,2.655251,55.230000,1.281399,0.228925,10,5000,3084,1916,3261,1739,3261,3035,226,49,226,1690,0.616800,0.652200,0.347800,0.930696,0.984112,0.652200
469,35.996000,2.857282,54.580000,1.308671,0.298577,10,5000,3272,1728,3428,1572,3428,3209,219,63,219,1509,0.654400,0.685600,0.314400,0.936114,0.980746,0.685600
470,36.908000,2.785837,56.780000,1.292876,0.127209,10,5000,3196,1804,3210,1790,3210,3166,44,30,44,1760,0.639200,0.642000,0.358000,0.986293,0.990613,0.642000
471,37.226000,2.707727,56.120000,1.245294,0.144412,10,5000,3052,1948,3074,1926,3074,3013,61,39,61,1887,0.610400,0.614800,0.385200,0.980156,0.987221,0.614800
472,39.940000,2.691885,57.900000,1.258702,0.091109,10,5000,3044,1956,3060,1940,3060,3025,35,19,35,1921,0.608800,0.612000,0.388000,0.988562,0.993758,0.612000
473,36.782000,2.815926,54.160000,1.352074,0.158389,10,5000,2988,2012,3001,1999,3001,2945,56,43,56,1956,0.597600,0.600200,0.399800,0.981340,0.985609,0.600200
474,39.542000,2.737837,54.040000,1.393319,0.127648,10,5000,2792,2208,2828,2172,2828,2769,59,23,59,2149,0.558400,0.565600,0.434400,0.979137,0.991762,0.565600
475,37.776000,2.752904,56.910000,1.203326,0.182376,10,5000,3328,1672,3329,1671,3329,3285,44,43,44,1628,0.665600,0.665800,0.334200,0.986783,0.987079,0.665800
476,41.278000,2.642215,60.370000,1.156599,0.109360,10,5000,2836,2164,2858,2142,2858,2807,51,29,51,2113,0.567200,0.571600,0.428400,0.982155,0.989774,0.571600
477,37.778000,2.800758,56.930000,1.237896,0.131434,10,5000,3020,1980,3020,1980,3020,2964,56,56,56,1924,0.604000,0.604000,0.396000,0.981457,0.981457,0.604000
478,37.954000,2.767294,52.530000,1.412457,0.131370,10,5000,3192,1808,3204,1796,3204,3152,52,40,52,1756,0.638400,0.640800,0.359200,0.983770,0.987469,0.640800
479,36.234000,2.903557,56.030000,1.304663,0.144511,10,5000,3348,1652,3395,1605,3395,3312,83,36,83,1569,0.669600,0.679000,0.321000,0.975552,0.989247,0.679000
480,39.246000,2.721004,53.200000,1.391054,0.150652,10,5000,3148,1852,3187,1813,3187,3108,79,40,79,1773,0.629600,0.637400,0.362600,0.975212,0.987294,0.637400
481,36.220000,2.940633,53.960000,1.396505,0.130382,10,5000,2944,2056,2966,2034,2966,2914,52,30,52,2004,0.588800,0.593200,0.406800,0.982468,0.989810,0.593200
482,40.682000,2.659579,59.360000,1.178577,0.125073,10,5000,3556,1444,3573,1427,3573,3522,51,34,51,1393,0.711200,0.714600,0.285400,0.985726,0.990439,0.714600
483,40.138000,2.637663,56.850000,1.239267,0.226324,10,5000,3024,1976,3054,1946,3054,2982,72,42,72,1904,0.604800,0.610800,0.389200,0.976424,0.986111,0.610800
484,36.296000,2.898026,57.370000,1.275363,0.170613,10,5000,2768,2232,2796,2204,2796,2728,68,40,68,2164,0.553600,0.559200,0.440800,0.975680,0.985549,0.559200
485,37.792000,2.763561,57.090000,1.211057,0.145947,10,5000,2940,2060,2949,2051,2949,2900,49,40,49,2011,0.588000,0.589800,0.410200,0.983384,0.986395,0.589800
486,41.506000,2.598032,60.360000,1.155457,0.310525,10,5000,3000,2000,3237,1763,3237,2946,291,54,291,1709,0.600000,0.647400,0.352600,0.910102,0.982000,0.647400
487,40.378000,2.717648,59.330000,1.204417,0.094002,10,5000,2988,2012,2975,2025,2975,2944,31,44,31,1981,0.597600,0.595000,0.405000,0.989580,0.985274,0.595000
488,38.834000,2.732095,57.930000,1.224124,0.255276,10,5000,2516,2484,2679,2321,2679,2463,216,53,216,2268,0.503200,0.535800,0.464200,0.919373,0.978935,0.535800
489,41.900000,2.619402,59.950000,1.163268,0.153482,10,5000,2600,2400,2638,2362,2638,2568,70,32,70,2330,0.520000,0.527600,0.472400,0.973465,0.987692,0.527600
490,41.390000,2.664710,59.460000,1.178521,0.104997,10,5000,2952,2048,2955,2045,2955,2918,37,34,37,2011,0.590400,0.591000,0.409000,0.987479,0.988482,0.591000
491,40.340000,2.585392,59.460000,1.158104,0.423886,10,5000,3172,1828,3608,1392,3608,3126,482,46,482,1346,0.634400,0.721600,0.278400,0.866408,0.985498,0.721600
492,39.820000,2.677613,57.310000,1.252664,0.165160,10,5000,2944,2056,2947,2053,2947,2888,59,56,59,1997,0.588800,0.589400,0.410600,0.979980,0.980978,0.589400
493,40.050000,2.693353,58.730000,1.248248,0.143586,10,5000,3420,1580,3436,1564,3436,3375,61,45,61,1519,0.684000,0.687200,0.312800,0.982247,0.986842,0.687200
494,37.916000,2.773159,56.700000,1.240524,0.181214,10,5000,2688,2312,2762,2238,2762,2667,95,21,95,2217,0.537600,0.552400,0.447600,0.965605,0.992188,0.552400
495,40.546000,2.635021,58.290000,1.231977,0.169670,10,5000,2784,2216,2845,2155,2845,2746,99,38,99,2117,0.556800,0.569000,0.431000,0.965202,0.986351,0.569000
496,37.292000,2.860945,57.290000,1.255577,0.103900,10,5000,2736,2264,2738,2262,2738,2702,36,34,36,2228,0.547200,0.547600,0.452400,0.986852,0.987573,0.547600
497,38.812000,2.744675,56.300000,1.271815,0.142561,10,5000,3460,1540,3459,1541,3459,3422,37,38,37,1503,0.692000,0.691800,0.308200,0.989303,0.989017,0.691800
498,40.382000,2.699812,59.520000,1.193388,0.146598,10,5000,2968,2032,2998,2002,2998,2934,64,34,64,1968,0.593600,0.599600,0.400400,0.978652,0.988544,0.599600
499,39.714000,2.724928,57.440000,1.284937,0.158926,10,5000,3772,1228,3725,1275,3725,3645,80,127,80,1148,0.754400,0.745000,0.255000,0.978523,0.966331,0.745000
