epoch,train_acc,train_loss,test_acc,test_loss,local_train_loss,selected_clients,total_count,actual_round_clean_count,actual_round_noisy_count,fedrn_clean_count,fedrn_noisy_count,train_count,actual_train_clean_count,actual_train_noisy_count,missed_clean_count,false_clean_count,correctly_excluded_noisy_count,actual_round_clean_ratio,fedrn_clean_ratio,fedrn_noisy_ratio,actual_train_clean_ratio,clean_recall,train_ratio
0,13.294000,2.333763,15.990000,2.292487,1.725807,10,5000,3000,2000,5000,0,5000,3000,2000,0,2000,0,0.600000,1.000000,0.000000,0.600000,1.000000,1.000000
1,13.850000,2.297670,18.130000,2.239113,1.716551,10,5000,3000,2000,5000,0,5000,3000,2000,0,2000,0,0.600000,1.000000,0.000000,0.600000,1.000000,1.000000
2,14.996000,2.289413,16.960000,2.233745,1.708756,10,5000,3000,2000,5000,0,5000,3000,2000,0,2000,0,0.600000,1.000000,0.000000,0.600000,1.000000,1.000000
3,16.710000,2.273585,20.920000,2.190498,1.670513,10,5000,3000,2000,5000,0,5000,3000,2000,0,2000,0,0.600000,1.000000,0.000000,0.600000,1.000000,1.000000
4,17.666000,2.287978,24.070000,2.212424,1.698842,10,5000,3000,2000,5000,0,5000,3000,2000,0,2000,0,0.600000,1.000000,0.000000,0.600000,1.000000,1.000000
5,16.740000,2.273738,23.210000,2.171335,1.691475,10,5000,3000,2000,5000,0,5000,3000,2000,0,2000,0,0.600000,1.000000,0.000000,0.600000,1.000000,1.000000
6,17.434000,2.249422,24.370000,2.148107,1.665906,10,5000,3000,2000,5000,0,5000,3000,2000,0,2000,0,0.600000,1.000000,0.000000,0.600000,1.000000,1.000000
7,17.388000,2.263511,20.480000,2.159525,1.653798,10,5000,3000,2000,5000,0,5000,3000,2000,0,2000,0,0.600000,1.000000,0.000000,0.600000,1.000000,1.000000
8,18.620000,2.236984,25.700000,2.125333,1.679902,10,5000,3000,2000,5000,0,5000,3000,2000,0,2000,0,0.600000,1.000000,0.000000,0.600000,1.000000,1.000000
9,17.726000,2.233520,21.990000,2.131098,1.643689,10,5000,3000,2000,5000,0,5000,3000,2000,0,2000,0,0.600000,1.000000,0.000000,0.600000,1.000000,1.000000
10,16.284000,2.281008,21.220000,2.171665,1.665182,10,5000,3000,2000,5000,0,5000,3000,2000,0,2000,0,0.600000,1.000000,0.000000,0.600000,1.000000,1.000000
11,17.554000,2.238582,23.740000,2.115809,1.665681,10,5000,3000,2000,5000,0,5000,3000,2000,0,2000,0,0.600000,1.000000,0.000000,0.600000,1.000000,1.000000
12,18.584000,2.215330,23.590000,2.102196,1.670149,10,5000,3000,2000,5000,0,5000,3000,2000,0,2000,0,0.600000,1.000000,0.000000,0.600000,1.000000,1.000000
13,18.370000,2.219288,22.880000,2.098814,1.648475,10,5000,3000,2000,5000,0,5000,3000,2000,0,2000,0,0.600000,1.000000,0.000000,0.600000,1.000000,1.000000
14,19.496000,2.212619,27.440000,2.077807,1.660412,10,5000,3000,2000,5000,0,5000,3000,2000,0,2000,0,0.600000,1.000000,0.000000,0.600000,1.000000,1.000000
15,15.818000,2.234389,18.680000,2.129863,1.668686,10,5000,3000,2000,5000,0,5000,3000,2000,0,2000,0,0.600000,1.000000,0.000000,0.600000,1.000000,1.000000
16,19.308000,2.220367,26.080000,2.107999,1.637449,10,5000,3000,2000,5000,0,5000,3000,2000,0,2000,0,0.600000,1.000000,0.000000,0.600000,1.000000,1.000000
17,20.610000,2.190759,27.630000,2.043907,1.642341,10,5000,3000,2000,5000,0,5000,3000,2000,0,2000,0,0.600000,1.000000,0.000000,0.600000,1.000000,1.000000
18,20.072000,2.209555,27.860000,2.049792,1.632756,10,5000,3000,2000,5000,0,5000,3000,2000,0,2000,0,0.600000,1.000000,0.000000,0.600000,1.000000,1.000000
19,18.746000,2.203527,23.810000,2.083502,1.646771,10,5000,3000,2000,5000,0,5000,3000,2000,0,2000,0,0.600000,1.000000,0.000000,0.600000,1.000000,1.000000
20,19.086000,2.212957,26.340000,2.093834,1.650512,10,5000,3000,2000,5000,0,5000,3000,2000,0,2000,0,0.600000,1.000000,0.000000,0.600000,1.000000,1.000000
21,20.990000,2.201790,28.310000,2.083797,1.631754,10,5000,3000,2000,5000,0,5000,3000,2000,0,2000,0,0.600000,1.000000,0.000000,0.600000,1.000000,1.000000
22,19.382000,2.219769,24.560000,2.085833,1.623241,10,5000,3000,2000,5000,0,5000,3000,2000,0,2000,0,0.600000,1.000000,0.000000,0.600000,1.000000,1.000000
23,19.390000,2.205804,25.740000,2.094638,1.617350,10,5000,3000,2000,5000,0,5000,3000,2000,0,2000,0,0.600000,1.000000,0.000000,0.600000,1.000000,1.000000
24,20.674000,2.184875,27.840000,2.043205,1.618576,10,5000,3000,2000,5000,0,5000,3000,2000,0,2000,0,0.600000,1.000000,0.000000,0.600000,1.000000,1.000000
25,18.608000,2.215841,23.360000,2.101938,1.617650,10,5000,3000,2000,5000,0,5000,3000,2000,0,2000,0,0.600000,1.000000,0.000000,0.600000,1.000000,1.000000
26,20.788000,2.212778,28.660000,2.087868,1.656422,10,5000,3000,2000,5000,0,5000,3000,2000,0,2000,0,0.600000,1.000000,0.000000,0.600000,1.000000,1.000000
27,18.336000,2.211466,23.900000,2.090140,1.635379,10,5000,3000,2000,5000,0,5000,3000,2000,0,2000,0,0.600000,1.000000,0.000000,0.600000,1.000000,1.000000
28,22.050000,2.186474,29.670000,2.030013,1.612932,10,5000,3000,2000,5000,0,5000,3000,2000,0,2000,0,0.600000,1.000000,0.000000,0.600000,1.000000,1.000000
29,22.166000,2.194728,29.100000,2.061625,1.604807,10,5000,3000,2000,5000,0,5000,3000,2000,0,2000,0,0.600000,1.000000,0.000000,0.600000,1.000000,1.000000
30,20.606000,2.192257,26.390000,2.057565,1.620775,10,5000,3000,2000,5000,0,5000,3000,2000,0,2000,0,0.600000,1.000000,0.000000,0.600000,1.000000,1.000000
31,20.652000,2.193009,26.310000,2.057072,1.626681,10,5000,3000,2000,5000,0,5000,3000,2000,0,2000,0,0.600000,1.000000,0.000000,0.600000,1.000000,1.000000
32,20.798000,2.185956,29.020000,2.045991,1.630840,10,5000,3000,2000,5000,0,5000,3000,2000,0,2000,0,0.600000,1.000000,0.000000,0.600000,1.000000,1.000000
33,20.272000,2.199838,27.160000,2.076262,1.644687,10,5000,3000,2000,5000,0,5000,3000,2000,0,2000,0,0.600000,1.000000,0.000000,0.600000,1.000000,1.000000
34,19.772000,2.197351,26.790000,2.056492,1.589114,10,5000,3000,2000,5000,0,5000,3000,2000,0,2000,0,0.600000,1.000000,0.000000,0.600000,1.000000,1.000000
35,20.224000,2.216069,27.190000,2.077358,1.614562,10,5000,3000,2000,5000,0,5000,3000,2000,0,2000,0,0.600000,1.000000,0.000000,0.600000,1.000000,1.000000
36,20.568000,2.208535,28.030000,2.068278,1.593929,10,5000,3000,2000,5000,0,5000,3000,2000,0,2000,0,0.600000,1.000000,0.000000,0.600000,1.000000,1.000000
37,21.712000,2.177886,29.340000,2.020505,1.612319,10,5000,3000,2000,5000,0,5000,3000,2000,0,2000,0,0.600000,1.000000,0.000000,0.600000,1.000000,1.000000
38,21.764000,2.175950,29.460000,2.030690,1.599087,10,5000,3000,2000,5000,0,5000,3000,2000,0,2000,0,0.600000,1.000000,0.000000,0.600000,1.000000,1.000000
39,21.508000,2.182514,28.930000,2.045759,1.619240,10,5000,3000,2000,5000,0,5000,3000,2000,0,2000,0,0.600000,1.000000,0.000000,0.600000,1.000000,1.000000
40,20.174000,2.181779,26.080000,2.044286,1.607820,10,5000,3000,2000,5000,0,5000,3000,2000,0,2000,0,0.600000,1.000000,0.000000,0.600000,1.000000,1.000000
41,22.366000,2.166721,31.050000,2.007474,1.612916,10,5000,3000,2000,5000,0,5000,3000,2000,0,2000,0,0.600000,1.000000,0.000000,0.600000,1.000000,1.000000
42,22.622000,2.176590,30.100000,2.037523,1.569881,10,5000,3000,2000,5000,0,5000,3000,2000,0,2000,0,0.600000,1.000000,0.000000,0.600000,1.000000,1.000000
43,21.120000,2.193932,29.350000,2.049431,1.594266,10,5000,3000,2000,5000,0,5000,3000,2000,0,2000,0,0.600000,1.000000,0.000000,0.600000,1.000000,1.000000
44,22.536000,2.155375,30.100000,1.992633,1.599490,10,5000,3000,2000,5000,0,5000,3000,2000,0,2000,0,0.600000,1.000000,0.000000,0.600000,1.000000,1.000000
45,19.782000,2.189783,24.110000,2.059214,1.587563,10,5000,3000,2000,5000,0,5000,3000,2000,0,2000,0,0.600000,1.000000,0.000000,0.600000,1.000000,1.000000
46,20.308000,2.196257,23.490000,2.069846,1.570972,10,5000,3000,2000,5000,0,5000,3000,2000,0,2000,0,0.600000,1.000000,0.000000,0.600000,1.000000,1.000000
47,20.780000,2.190708,26.610000,2.056305,1.609864,10,5000,3000,2000,5000,0,5000,3000,2000,0,2000,0,0.600000,1.000000,0.000000,0.600000,1.000000,1.000000
48,20.814000,2.189619,25.600000,2.074141,1.572517,10,5000,3000,2000,5000,0,5000,3000,2000,0,2000,0,0.600000,1.000000,0.000000,0.600000,1.000000,1.000000
49,19.816000,2.222974,26.290000,2.103455,1.614398,10,5000,3000,2000,5000,0,5000,3000,2000,0,2000,0,0.600000,1.000000,0.000000,0.600000,1.000000,1.000000
50,20.008000,2.199804,25.930000,2.069397,1.586195,10,5000,3000,2000,5000,0,5000,3000,2000,0,2000,0,0.600000,1.000000,0.000000,0.600000,1.000000,1.000000
51,21.728000,2.190483,27.530000,2.078614,1.605445,10,5000,3000,2000,5000,0,5000,3000,2000,0,2000,0,0.600000,1.000000,0.000000,0.600000,1.000000,1.000000
52,22.630000,2.168921,29.530000,2.031868,1.571875,10,5000,3000,2000,5000,0,5000,3000,2000,0,2000,0,0.600000,1.000000,0.000000,0.600000,1.000000,1.000000
53,23.406000,2.160799,31.510000,2.008560,1.556526,10,5000,3000,2000,5000,0,5000,3000,2000,0,2000,0,0.600000,1.000000,0.000000,0.600000,1.000000,1.000000
54,19.498000,2.207148,24.990000,2.057138,1.540265,10,5000,3000,2000,5000,0,5000,3000,2000,0,2000,0,0.600000,1.000000,0.000000,0.600000,1.000000,1.000000
55,23.120000,2.159700,31.860000,2.003031,1.552970,10,5000,3000,2000,5000,0,5000,3000,2000,0,2000,0,0.600000,1.000000,0.000000,0.600000,1.000000,1.000000
56,21.436000,2.169162,25.230000,2.038528,1.558983,10,5000,3000,2000,5000,0,5000,3000,2000,0,2000,0,0.600000,1.000000,0.000000,0.600000,1.000000,1.000000
57,21.410000,2.177152,27.690000,2.045695,1.550951,10,5000,3000,2000,5000,0,5000,3000,2000,0,2000,0,0.600000,1.000000,0.000000,0.600000,1.000000,1.000000
58,21.340000,2.183326,26.790000,2.056845,1.585659,10,5000,3000,2000,5000,0,5000,3000,2000,0,2000,0,0.600000,1.000000,0.000000,0.600000,1.000000,1.000000
59,21.744000,2.184352,28.240000,2.028720,1.591395,10,5000,3000,2000,5000,0,5000,3000,2000,0,2000,0,0.600000,1.000000,0.000000,0.600000,1.000000,1.000000
60,22.182000,2.176897,28.620000,2.041285,1.558272,10,5000,3000,2000,5000,0,5000,3000,2000,0,2000,0,0.600000,1.000000,0.000000,0.600000,1.000000,1.000000
61,22.518000,2.181141,29.470000,2.051278,1.544771,10,5000,3000,2000,5000,0,5000,3000,2000,0,2000,0,0.600000,1.000000,0.000000,0.600000,1.000000,1.000000
62,21.226000,2.187392,25.580000,2.081242,1.529027,10,5000,3000,2000,5000,0,5000,3000,2000,0,2000,0,0.600000,1.000000,0.000000,0.600000,1.000000,1.000000
63,21.686000,2.168834,27.990000,2.029260,1.563252,10,5000,3000,2000,5000,0,5000,3000,2000,0,2000,0,0.600000,1.000000,0.000000,0.600000,1.000000,1.000000
64,22.098000,2.166899,27.620000,2.029095,1.572246,10,5000,3000,2000,5000,0,5000,3000,2000,0,2000,0,0.600000,1.000000,0.000000,0.600000,1.000000,1.000000
65,21.374000,2.180029,28.370000,2.032318,1.574729,10,5000,3000,2000,5000,0,5000,3000,2000,0,2000,0,0.600000,1.000000,0.000000,0.600000,1.000000,1.000000
66,22.820000,2.163644,29.490000,2.008020,1.543121,10,5000,3000,2000,5000,0,5000,3000,2000,0,2000,0,0.600000,1.000000,0.000000,0.600000,1.000000,1.000000
67,23.186000,2.147571,29.520000,1.995908,1.533460,10,5000,3000,2000,5000,0,5000,3000,2000,0,2000,0,0.600000,1.000000,0.000000,0.600000,1.000000,1.000000
68,23.352000,2.155218,29.760000,2.007988,1.552226,10,5000,3000,2000,5000,0,5000,3000,2000,0,2000,0,0.600000,1.000000,0.000000,0.600000,1.000000,1.000000
69,19.914000,2.203497,25.750000,2.065186,1.557123,10,5000,3000,2000,5000,0,5000,3000,2000,0,2000,0,0.600000,1.000000,0.000000,0.600000,1.000000,1.000000
70,22.292000,2.162046,29.080000,2.017203,1.548465,10,5000,3000,2000,5000,0,5000,3000,2000,0,2000,0,0.600000,1.000000,0.000000,0.600000,1.000000,1.000000
71,20.650000,2.183617,26.890000,2.040070,1.554473,10,5000,3000,2000,5000,0,5000,3000,2000,0,2000,0,0.600000,1.000000,0.000000,0.600000,1.000000,1.000000
72,20.266000,2.201501,26.690000,2.074284,1.550825,10,5000,3000,2000,5000,0,5000,3000,2000,0,2000,0,0.600000,1.000000,0.000000,0.600000,1.000000,1.000000
73,22.840000,2.172739,28.730000,2.040418,1.529947,10,5000,3000,2000,5000,0,5000,3000,2000,0,2000,0,0.600000,1.000000,0.000000,0.600000,1.000000,1.000000
74,22.082000,2.154767,27.720000,2.026805,1.506627,10,5000,3000,2000,5000,0,5000,3000,2000,0,2000,0,0.600000,1.000000,0.000000,0.600000,1.000000,1.000000
75,23.566000,2.146615,29.950000,2.015652,1.544477,10,5000,3000,2000,5000,0,5000,3000,2000,0,2000,0,0.600000,1.000000,0.000000,0.600000,1.000000,1.000000
76,24.092000,2.149715,31.040000,1.998122,1.562408,10,5000,3000,2000,5000,0,5000,3000,2000,0,2000,0,0.600000,1.000000,0.000000,0.600000,1.000000,1.000000
77,22.258000,2.187048,29.180000,2.046232,1.536576,10,5000,3000,2000,5000,0,5000,3000,2000,0,2000,0,0.600000,1.000000,0.000000,0.600000,1.000000,1.000000
78,21.640000,2.168850,28.560000,2.012546,1.535944,10,5000,3000,2000,5000,0,5000,3000,2000,0,2000,0,0.600000,1.000000,0.000000,0.600000,1.000000,1.000000
79,22.682000,2.166447,29.130000,2.023973,1.516338,10,5000,3000,2000,5000,0,5000,3000,2000,0,2000,0,0.600000,1.000000,0.000000,0.600000,1.000000,1.000000
80,23.648000,2.167407,29.640000,2.040528,1.539780,10,5000,3000,2000,5000,0,5000,3000,2000,0,2000,0,0.600000,1.000000,0.000000,0.600000,1.000000,1.000000
81,23.866000,2.163633,31.830000,2.016322,1.533298,10,5000,3000,2000,5000,0,5000,3000,2000,0,2000,0,0.600000,1.000000,0.000000,0.600000,1.000000,1.000000
82,23.238000,2.146701,30.100000,1.999209,1.536127,10,5000,3000,2000,5000,0,5000,3000,2000,0,2000,0,0.600000,1.000000,0.000000,0.600000,1.000000,1.000000
83,22.654000,2.175825,29.040000,2.040823,1.526302,10,5000,3000,2000,5000,0,5000,3000,2000,0,2000,0,0.600000,1.000000,0.000000,0.600000,1.000000,1.000000
84,22.868000,2.166002,29.370000,2.023670,1.517750,10,5000,3000,2000,5000,0,5000,3000,2000,0,2000,0,0.600000,1.000000,0.000000,0.600000,1.000000,1.000000
85,21.014000,2.187607,25.200000,2.092415,1.500862,10,5000,3000,2000,5000,0,5000,3000,2000,0,2000,0,0.600000,1.000000,0.000000,0.600000,1.000000,1.000000
86,22.478000,2.155546,28.800000,2.009083,1.500166,10,5000,3000,2000,5000,0,5000,3000,2000,0,2000,0,0.600000,1.000000,0.000000,0.600000,1.000000,1.000000
87,20.436000,2.194455,26.020000,2.072418,1.520315,10,5000,3000,2000,5000,0,5000,3000,2000,0,2000,0,0.600000,1.000000,0.000000,0.600000,1.000000,1.000000
88,22.232000,2.176129,27.510000,2.027333,1.497092,10,5000,3000,2000,5000,0,5000,3000,2000,0,2000,0,0.600000,1.000000,0.000000,0.600000,1.000000,1.000000
89,21.946000,2.178339,25.980000,2.063641,1.533169,10,5000,3000,2000,5000,0,5000,3000,2000,0,2000,0,0.600000,1.000000,0.000000,0.600000,1.000000,1.000000
90,21.124000,2.212509,26.200000,2.107117,1.492098,10,5000,3000,2000,5000,0,5000,3000,2000,0,2000,0,0.600000,1.000000,0.000000,0.600000,1.000000,1.000000
91,20.554000,2.202195,24.040000,2.113480,1.486541,10,5000,3000,2000,5000,0,5000,3000,2000,0,2000,0,0.600000,1.000000,0.000000,0.600000,1.000000,1.000000
92,20.636000,2.229450,23.900000,2.162138,1.507073,10,5000,3000,2000,5000,0,5000,3000,2000,0,2000,0,0.600000,1.000000,0.000000,0.600000,1.000000,1.000000
93,20.274000,2.211665,23.720000,2.121639,1.529641,10,5000,3000,2000,5000,0,5000,3000,2000,0,2000,0,0.600000,1.000000,0.000000,0.600000,1.000000,1.000000
94,22.124000,2.176609,26.790000,2.073531,1.517789,10,5000,3000,2000,5000,0,5000,3000,2000,0,2000,0,0.600000,1.000000,0.000000,0.600000,1.000000,1.000000
95,22.344000,2.189124,28.320000,2.063177,1.483872,10,5000,3000,2000,5000,0,5000,3000,2000,0,2000,0,0.600000,1.000000,0.000000,0.600000,1.000000,1.000000
96,22.424000,2.189581,28.410000,2.076341,1.507146,10,5000,3000,2000,5000,0,5000,3000,2000,0,2000,0,0.600000,1.000000,0.000000,0.600000,1.000000,1.000000
97,20.134000,2.211682,24.050000,2.122157,1.497429,10,5000,3000,2000,5000,0,5000,3000,2000,0,2000,0,0.600000,1.000000,0.000000,0.600000,1.000000,1.000000
98,21.756000,2.167360,25.240000,2.059621,1.518787,10,5000,3000,2000,5000,0,5000,3000,2000,0,2000,0,0.600000,1.000000,0.000000,0.600000,1.000000,1.000000
99,21.840000,2.178093,26.240000,2.063945,1.463611,10,5000,3000,2000,5000,0,5000,3000,2000,0,2000,0,0.600000,1.000000,0.000000,0.600000,1.000000,1.000000
100,24.404000,2.177075,31.260000,1.961625,0.334633,10,5000,3000,2000,3042,1958,3042,2923,119,77,119,1881,0.600000,0.608400,0.391600,0.960881,0.974333,0.608400
101,23.138000,2.222704,31.220000,1.915915,0.400232,10,5000,3000,2000,3101,1899,3101,2959,142,41,142,1858,0.600000,0.620200,0.379800,0.954208,0.986333,0.620200
102,23.770000,2.374352,34.040000,1.956661,0.255225,10,5000,3000,2000,3037,1963,3037,2949,88,51,88,1912,0.600000,0.607400,0.392600,0.971024,0.983000,0.607400
103,22.760000,2.380846,29.160000,2.002904,0.367368,10,5000,3000,2000,3079,1921,3079,2934,145,66,145,1855,0.600000,0.615800,0.384200,0.952907,0.978000,0.615800
104,28.972000,2.136040,42.790000,1.671728,0.289875,10,5000,3000,2000,3037,1963,3037,2956,81,44,81,1919,0.600000,0.607400,0.392600,0.973329,0.985333,0.607400
105,24.364000,2.304599,37.470000,1.765990,0.391735,10,5000,3000,2000,3065,1935,3065,2932,133,68,133,1867,0.600000,0.613000,0.387000,0.956607,0.977333,0.613000
106,25.808000,2.302833,35.480000,1.812124,0.354330,10,5000,3000,2000,3052,1948,3052,2954,98,46,98,1902,0.600000,0.610400,0.389600,0.967890,0.984667,0.610400
107,21.196000,2.483936,31.300000,1.876755,0.368005,10,5000,3000,2000,3036,1964,3036,2949,87,51,87,1913,0.600000,0.607200,0.392800,0.971344,0.983000,0.607200
108,29.978000,2.162479,45.060000,1.604133,0.362805,10,5000,3000,2000,3114,1886,3114,2969,145,31,145,1855,0.600000,0.622800,0.377200,0.953436,0.989667,0.622800
109,20.310000,2.476151,31.720000,1.827908,0.287761,10,5000,3000,2000,3047,1953,3047,2960,87,40,87,1913,0.600000,0.609400,0.390600,0.971447,0.986667,0.609400
110,23.916000,2.357153,32.740000,1.758545,0.304170,10,5000,3000,2000,3041,1959,3041,2951,90,49,90,1910,0.600000,0.608200,0.391800,0.970404,0.983667,0.608200
111,26.204000,2.364161,39.180000,1.672596,0.297049,10,5000,3000,2000,3018,1982,3018,2946,72,54,72,1928,0.600000,0.603600,0.396400,0.976143,0.982000,0.603600
112,26.140000,2.336653,38.580000,1.706280,0.341845,10,5000,3000,2000,3070,1930,3070,2964,106,36,106,1894,0.600000,0.614000,0.386000,0.965472,0.988000,0.614000
113,25.732000,2.333075,37.340000,1.694430,0.322574,10,5000,3000,2000,3071,1929,3071,2965,106,35,106,1894,0.600000,0.614200,0.385800,0.965484,0.988333,0.614200
114,24.990000,2.335256,36.180000,1.689462,0.301891,10,5000,3000,2000,3055,1945,3055,2950,105,50,105,1895,0.600000,0.611000,0.389000,0.965630,0.983333,0.611000
115,23.924000,2.510576,34.680000,1.826554,0.301287,10,5000,3000,2000,3015,1985,3015,2916,99,84,99,1901,0.600000,0.603000,0.397000,0.967164,0.972000,0.603000
116,28.518000,2.273098,43.620000,1.590945,0.305512,10,5000,3000,2000,3043,1957,3043,2943,100,57,100,1900,0.600000,0.608600,0.391400,0.967138,0.981000,0.608600
117,29.860000,2.209222,44.910000,1.555295,0.296053,10,5000,3000,2000,3035,1965,3035,2958,77,42,77,1923,0.600000,0.607000,0.393000,0.974629,0.986000,0.607000
118,28.652000,2.296686,43.430000,1.625842,0.323706,10,5000,3000,2000,3057,1943,3057,2945,112,55,112,1888,0.600000,0.611400,0.388600,0.963363,0.981667,0.611400
119,29.216000,2.318463,46.390000,1.539640,0.251978,10,5000,3000,2000,3028,1972,3028,2955,73,45,73,1927,0.600000,0.605600,0.394400,0.975892,0.985000,0.605600
120,28.242000,2.314044,41.140000,1.647777,0.186516,10,5000,3000,2000,3001,1999,3001,2942,59,58,59,1941,0.600000,0.600200,0.399800,0.980340,0.980667,0.600200
121,30.214000,2.248752,43.440000,1.577210,0.283146,10,5000,3000,2000,3037,1963,3037,2951,86,49,86,1914,0.600000,0.607400,0.392600,0.971683,0.983667,0.607400
122,28.008000,2.346595,41.700000,1.622249,0.288665,10,5000,3000,2000,3019,1981,3019,2928,91,72,91,1909,0.600000,0.603800,0.396200,0.969858,0.976000,0.603800
123,28.388000,2.283346,45.400000,1.503086,0.305457,10,5000,3000,2000,3054,1946,3054,2950,104,50,104,1896,0.600000,0.610800,0.389200,0.965946,0.983333,0.610800
124,29.446000,2.294872,46.290000,1.479340,0.234029,10,5000,3000,2000,3003,1997,3003,2948,55,52,55,1945,0.600000,0.600600,0.399400,0.981685,0.982667,0.600600
125,29.508000,2.356336,46.680000,1.525882,0.267183,10,5000,3000,2000,3024,1976,3024,2963,61,37,61,1939,0.600000,0.604800,0.395200,0.979828,0.987667,0.604800
126,26.800000,2.478413,40.610000,1.656100,0.228120,10,5000,3000,2000,3018,1982,3018,2944,74,56,74,1926,0.600000,0.603600,0.396400,0.975480,0.981333,0.603600
127,27.238000,2.482591,41.710000,1.617793,0.222567,10,5000,3000,2000,2990,2010,2990,2930,60,70,60,1940,0.600000,0.598000,0.402000,0.979933,0.976667,0.598000
128,29.340000,2.362466,43.960000,1.582451,0.276758,10,5000,3000,2000,3017,1983,3017,2941,76,59,76,1924,0.600000,0.603400,0.396600,0.974809,0.980333,0.603400
129,30.652000,2.371206,47.060000,1.508331,0.209550,10,5000,3000,2000,3010,1990,3010,2949,61,51,61,1939,0.600000,0.602000,0.398000,0.979734,0.983000,0.602000
130,28.270000,2.443288,42.130000,1.598328,0.271300,10,5000,3000,2000,3006,1994,3006,2922,84,78,84,1916,0.600000,0.601200,0.398800,0.972056,0.974000,0.601200
131,32.916000,2.255420,47.180000,1.457392,0.201184,10,5000,3000,2000,2987,2013,2987,2938,49,62,49,1951,0.600000,0.597400,0.402600,0.983596,0.979333,0.597400
132,32.370000,2.272809,49.530000,1.404892,0.208819,10,5000,3000,2000,2990,2010,2990,2948,42,52,42,1958,0.600000,0.598000,0.402000,0.985953,0.982667,0.598000
133,28.890000,2.407402,44.140000,1.522484,0.191265,10,5000,3000,2000,3024,1976,3024,2955,69,45,69,1931,0.600000,0.604800,0.395200,0.977183,0.985000,0.604800
134,30.286000,2.386005,46.710000,1.525180,0.247929,10,5000,3000,2000,3025,1975,3025,2946,79,54,79,1921,0.600000,0.605000,0.395000,0.973884,0.982000,0.605000
135,32.006000,2.306271,47.510000,1.482171,0.201506,10,5000,3000,2000,2988,2012,2988,2931,57,69,57,1943,0.600000,0.597600,0.402400,0.980924,0.977000,0.597600
136,34.794000,2.211362,53.100000,1.309983,0.218627,10,5000,3000,2000,2999,2001,2999,2931,68,69,68,1932,0.600000,0.599800,0.400200,0.977326,0.977000,0.599800
137,32.970000,2.337487,47.880000,1.484066,0.157696,10,5000,3000,2000,2974,2026,2974,2934,40,66,40,1960,0.600000,0.594800,0.405200,0.986550,0.978000,0.594800
138,26.256000,2.641436,37.480000,1.704429,0.159628,10,5000,3000,2000,2924,2076,2924,2881,43,119,43,1957,0.600000,0.584800,0.415200,0.985294,0.960333,0.584800
139,31.122000,2.350967,48.290000,1.443206,0.281951,10,5000,3000,2000,3018,1982,3018,2939,79,61,79,1921,0.600000,0.603600,0.396400,0.973824,0.979667,0.603600
140,30.702000,2.429545,46.170000,1.560741,0.372178,10,5000,3000,2000,3035,1965,3035,2941,94,59,94,1906,0.600000,0.607000,0.393000,0.969028,0.980333,0.607000
141,33.388000,2.263794,52.050000,1.378922,0.413333,10,5000,3000,2000,3018,1982,3018,2928,90,72,90,1910,0.600000,0.603600,0.396400,0.970179,0.976000,0.603600
142,32.402000,2.273859,48.060000,1.453481,0.260827,10,5000,3000,2000,3039,1961,3039,2959,80,41,80,1920,0.600000,0.607800,0.392200,0.973676,0.986333,0.607800
143,25.808000,2.757658,36.870000,1.828849,0.150221,10,5000,3000,2000,2973,2027,2973,2937,36,63,36,1964,0.600000,0.594600,0.405400,0.987891,0.979000,0.594600
144,34.744000,2.242668,51.140000,1.383131,0.258666,10,5000,3000,2000,2994,2006,2994,2926,68,74,68,1932,0.600000,0.598800,0.401200,0.977288,0.975333,0.598800
145,29.086000,2.419312,47.540000,1.444262,0.217112,10,5000,3000,2000,3001,1999,3001,2951,50,49,50,1950,0.600000,0.600200,0.399800,0.983339,0.983667,0.600200
146,32.708000,2.299144,48.310000,1.447878,0.199673,10,5000,3000,2000,3014,1986,3014,2954,60,46,60,1940,0.600000,0.602800,0.397200,0.980093,0.984667,0.602800
147,31.198000,2.388064,47.550000,1.469080,0.198413,10,5000,3000,2000,3017,1983,3017,2954,63,46,63,1937,0.600000,0.603400,0.396600,0.979118,0.984667,0.603400
148,31.370000,2.345568,51.010000,1.373159,0.314129,10,5000,3000,2000,3005,1995,3005,2916,89,84,89,1911,0.600000,0.601000,0.399000,0.970383,0.972000,0.601000
149,34.188000,2.305168,51.170000,1.361774,0.210624,10,5000,3000,2000,3030,1970,3030,2948,82,52,82,1918,0.600000,0.606000,0.394000,0.972937,0.982667,0.606000
150,26.782000,2.627478,45.360000,1.506455,0.369543,10,5000,3000,2000,3090,1910,3090,2953,137,47,137,1863,0.600000,0.618000,0.382000,0.955663,0.984333,0.618000
151,32.618000,2.344249,51.560000,1.312614,0.258281,10,5000,3000,2000,2996,2004,2996,2921,75,79,75,1925,0.600000,0.599200,0.400800,0.974967,0.973667,0.599200
152,31.750000,2.422451,47.300000,1.462474,0.160134,10,5000,3000,2000,2966,2034,2966,2919,47,81,47,1953,0.600000,0.593200,0.406800,0.984154,0.973000,0.593200
153,26.312000,2.678135,44.830000,1.547712,0.157680,10,5000,3000,2000,3009,1991,3009,2959,50,41,50,1950,0.600000,0.601800,0.398200,0.983383,0.986333,0.601800
154,28.324000,2.572831,43.940000,1.545115,0.288654,10,5000,3000,2000,3003,1997,3003,2943,60,57,60,1940,0.600000,0.600600,0.399400,0.980020,0.981000,0.600600
155,30.606000,2.575454,47.740000,1.509161,0.187195,10,5000,3000,2000,3000,2000,3000,2932,68,68,68,1932,0.600000,0.600000,0.400000,0.977333,0.977333,0.600000
156,29.840000,2.489745,45.020000,1.499635,0.294794,10,5000,3000,2000,3026,1974,3026,2940,86,60,86,1914,0.600000,0.605200,0.394800,0.971580,0.980000,0.605200
157,22.346000,3.089659,35.170000,2.022497,0.307527,10,5000,3000,2000,3030,1970,3030,2930,100,70,100,1900,0.600000,0.606000,0.394000,0.966997,0.976667,0.606000
158,32.170000,2.395181,46.400000,1.477906,0.210939,10,5000,3000,2000,2973,2027,2973,2939,34,61,34,1966,0.600000,0.594600,0.405400,0.988564,0.979667,0.594600
159,33.060000,2.417599,50.970000,1.423276,0.190808,10,5000,3000,2000,3001,1999,3001,2933,68,67,68,1932,0.600000,0.600200,0.399800,0.977341,0.977667,0.600200
160,32.448000,2.594249,49.560000,1.550658,0.168052,10,5000,3000,2000,2973,2027,2973,2930,43,70,43,1957,0.600000,0.594600,0.405400,0.985536,0.976667,0.594600
161,32.484000,2.425619,46.720000,1.483846,0.209785,10,5000,3000,2000,3016,1984,3016,2937,79,63,79,1921,0.600000,0.603200,0.396800,0.973806,0.979000,0.603200
162,34.584000,2.349645,53.490000,1.326962,0.189034,10,5000,3000,2000,2959,2041,2959,2917,42,83,42,1958,0.600000,0.591800,0.408200,0.985806,0.972333,0.591800
163,36.526000,2.265298,57.090000,1.216923,0.177700,10,5000,3000,2000,2993,2007,2993,2954,39,46,39,1961,0.600000,0.598600,0.401400,0.986970,0.984667,0.598600
164,29.482000,2.601018,41.770000,1.642986,0.163737,10,5000,3000,2000,2979,2021,2979,2926,53,74,53,1947,0.600000,0.595800,0.404200,0.982209,0.975333,0.595800
165,30.866000,2.513054,48.640000,1.457399,0.211252,10,5000,3000,2000,3018,1982,3018,2946,72,54,72,1928,0.600000,0.603600,0.396400,0.976143,0.982000,0.603600
166,32.406000,2.427006,46.230000,1.548234,0.270379,10,5000,3000,2000,2999,2001,2999,2921,78,79,78,1922,0.600000,0.599800,0.400200,0.973991,0.973667,0.599800
167,29.144000,2.645628,44.790000,1.636107,0.189768,10,5000,3000,2000,2981,2019,2981,2930,51,70,51,1949,0.600000,0.596200,0.403800,0.982892,0.976667,0.596200
168,34.584000,2.435364,49.600000,1.509177,0.179783,10,5000,3000,2000,3001,1999,3001,2954,47,46,47,1953,0.600000,0.600200,0.399800,0.984339,0.984667,0.600200
169,31.302000,2.585112,50.770000,1.481604,0.185493,10,5000,3000,2000,3013,1987,3013,2944,69,56,69,1931,0.600000,0.602600,0.397400,0.977099,0.981333,0.602600
170,35.272000,2.385275,53.250000,1.359653,0.154695,10,5000,3000,2000,3006,1994,3006,2965,41,35,41,1959,0.600000,0.601200,0.398800,0.986361,0.988333,0.601200
171,33.754000,2.356259,51.930000,1.324625,0.339728,10,5000,3000,2000,3024,1976,3024,2938,86,62,86,1914,0.600000,0.604800,0.395200,0.971561,0.979333,0.604800
172,29.196000,2.574833,48.190000,1.395928,0.220118,10,5000,3000,2000,3013,1987,3013,2962,51,38,51,1949,0.600000,0.602600,0.397400,0.983073,0.987333,0.602600
173,26.594000,2.661254,46.610000,1.473900,0.222490,10,5000,3000,2000,2991,2009,2991,2945,46,55,46,1954,0.600000,0.598200,0.401800,0.984621,0.981667,0.598200
174,28.826000,2.896204,47.180000,1.684343,0.155843,10,5000,3000,2000,2986,2014,2986,2964,22,36,22,1978,0.600000,0.597200,0.402800,0.992632,0.988000,0.597200
175,33.914000,2.366291,55.110000,1.229947,0.253463,10,5000,3000,2000,2953,2047,2953,2893,60,107,60,1940,0.600000,0.590600,0.409400,0.979682,0.964333,0.590600
176,35.542000,2.348423,54.190000,1.285550,0.206596,10,5000,3000,2000,2995,2005,2995,2932,63,68,63,1937,0.600000,0.599000,0.401000,0.978965,0.977333,0.599000
177,30.894000,2.463450,47.310000,1.454479,0.277368,10,5000,3000,2000,2970,2030,2970,2914,56,86,56,1944,0.600000,0.594000,0.406000,0.981145,0.971333,0.594000
178,32.530000,2.511191,50.780000,1.434934,0.221187,10,5000,3000,2000,3000,2000,3000,2944,56,56,56,1944,0.600000,0.600000,0.400000,0.981333,0.981333,0.600000
179,33.886000,2.402976,56.060000,1.213338,0.207997,10,5000,3000,2000,2983,2017,2983,2930,53,70,53,1947,0.600000,0.596600,0.403400,0.982233,0.976667,0.596600
180,29.386000,2.713326,49.490000,1.401209,0.176736,10,5000,3000,2000,3006,1994,3006,2949,57,51,57,1943,0.600000,0.601200,0.398800,0.981038,0.983000,0.601200
181,33.772000,2.470266,51.540000,1.421967,0.211213,10,5000,3000,2000,2997,2003,2997,2941,56,59,56,1944,0.600000,0.599400,0.400600,0.981315,0.980333,0.599400
182,33.066000,2.466860,50.990000,1.399264,0.259793,10,5000,3000,2000,3023,1977,3023,2939,84,61,84,1916,0.600000,0.604600,0.395400,0.972213,0.979667,0.604600
183,34.292000,2.422378,51.460000,1.323111,0.271228,10,5000,3000,2000,3026,1974,3026,2946,80,54,80,1920,0.600000,0.605200,0.394800,0.973562,0.982000,0.605200
184,32.548000,2.478240,51.770000,1.316655,0.202974,10,5000,3000,2000,3013,1987,3013,2937,76,63,76,1924,0.600000,0.602600,0.397400,0.974776,0.979000,0.602600
185,34.224000,2.400551,58.450000,1.175564,0.168058,10,5000,3000,2000,2994,2006,2994,2947,47,53,47,1953,0.600000,0.598800,0.401200,0.984302,0.982333,0.598800
186,32.606000,2.496712,50.700000,1.349568,0.191806,10,5000,3000,2000,3006,1994,3006,2945,61,55,61,1939,0.600000,0.601200,0.398800,0.979707,0.981667,0.601200
187,31.146000,2.589895,45.280000,1.545509,0.207507,10,5000,3000,2000,3015,1985,3015,2932,83,68,83,1917,0.600000,0.603000,0.397000,0.972471,0.977333,0.603000
188,31.268000,2.558489,50.150000,1.365181,0.247304,10,5000,3000,2000,3008,1992,3008,2938,70,62,70,1930,0.600000,0.601600,0.398400,0.976729,0.979333,0.601600
189,34.534000,2.392087,54.410000,1.270999,0.338757,10,5000,3000,2000,3010,1990,3010,2939,71,61,71,1929,0.600000,0.602000,0.398000,0.976412,0.979667,0.602000
190,34.050000,2.448472,52.370000,1.314330,0.180331,10,5000,3000,2000,2946,2054,2946,2883,63,117,63,1937,0.600000,0.589200,0.410800,0.978615,0.961000,0.589200
191,29.628000,2.687517,47.820000,1.441920,0.179328,10,5000,3000,2000,2966,2034,2966,2934,32,66,32,1968,0.600000,0.593200,0.406800,0.989211,0.978000,0.593200
192,31.070000,2.593801,50.610000,1.342920,0.239840,10,5000,3000,2000,3025,1975,3025,2959,66,41,66,1934,0.600000,0.605000,0.395000,0.978182,0.986333,0.605000
193,33.340000,2.475476,54.020000,1.277125,0.243151,10,5000,3000,2000,2976,2024,2976,2916,60,84,60,1940,0.600000,0.595200,0.404800,0.979839,0.972000,0.595200
194,35.388000,2.400404,57.860000,1.199629,0.172315,10,5000,3000,2000,3002,1998,3002,2964,38,36,38,1962,0.600000,0.600400,0.399600,0.987342,0.988000,0.600400
195,34.164000,2.442402,53.710000,1.253842,0.269236,10,5000,3000,2000,3026,1974,3026,2952,74,48,74,1926,0.600000,0.605200,0.394800,0.975545,0.984000,0.605200
196,34.492000,2.442652,52.040000,1.354649,0.270597,10,5000,3000,2000,3052,1948,3052,2951,101,49,101,1899,0.600000,0.610400,0.389600,0.966907,0.983667,0.610400
197,33.348000,2.523007,49.760000,1.395667,0.173435,10,5000,3000,2000,2971,2029,2971,2915,56,85,56,1944,0.600000,0.594200,0.405800,0.981151,0.971667,0.594200
198,33.314000,2.626185,54.670000,1.293252,0.173005,10,5000,3000,2000,2999,2001,2999,2954,45,46,45,1955,0.600000,0.599800,0.400200,0.984995,0.984667,0.599800
199,36.576000,2.396758,58.050000,1.193601,0.252059,10,5000,3000,2000,3002,1998,3002,2923,79,77,79,1921,0.600000,0.600400,0.399600,0.973684,0.974333,0.600400
200,35.358000,2.455102,54.090000,1.298967,0.166148,10,5000,3000,2000,2989,2011,2989,2942,47,58,47,1953,0.600000,0.597800,0.402200,0.984276,0.980667,0.597800
201,33.752000,2.515466,54.140000,1.252642,0.241746,10,5000,3000,2000,2990,2010,2990,2924,66,76,66,1934,0.600000,0.598000,0.402000,0.977926,0.974667,0.598000
202,27.816000,2.911151,41.840000,1.695628,0.152904,10,5000,3000,2000,2996,2004,2996,2947,49,53,49,1951,0.600000,0.599200,0.400800,0.983645,0.982333,0.599200
203,33.116000,2.546272,51.740000,1.360218,0.195946,10,5000,3000,2000,3001,1999,3001,2946,55,54,55,1945,0.600000,0.600200,0.399800,0.981673,0.982000,0.600200
204,31.824000,2.723512,48.190000,1.479370,0.099597,10,5000,3000,2000,2972,2028,2972,2946,26,54,26,1974,0.600000,0.594400,0.405600,0.991252,0.982000,0.594400
205,36.686000,2.417367,58.640000,1.193848,0.210984,10,5000,3000,2000,2993,2007,2993,2941,52,59,52,1948,0.600000,0.598600,0.401400,0.982626,0.980333,0.598600
206,33.262000,2.492781,49.500000,1.439141,0.219324,10,5000,3000,2000,2978,2022,2978,2934,44,66,44,1956,0.600000,0.595600,0.404400,0.985225,0.978000,0.595600
207,32.988000,2.558855,51.690000,1.346595,0.158164,10,5000,3000,2000,2979,2021,2979,2952,27,48,27,1973,0.600000,0.595800,0.404200,0.990937,0.984000,0.595800
208,32.504000,2.536958,49.110000,1.414076,0.272869,10,5000,3000,2000,2994,2006,2994,2938,56,62,56,1944,0.600000,0.598800,0.401200,0.981296,0.979333,0.598800
209,32.700000,2.549048,51.620000,1.343970,0.218329,10,5000,3000,2000,3012,1988,3012,2953,59,47,59,1941,0.600000,0.602400,0.397600,0.980412,0.984333,0.602400
210,36.222000,2.380038,56.820000,1.207121,0.218264,10,5000,3000,2000,2984,2016,2984,2940,44,60,44,1956,0.600000,0.596800,0.403200,0.985255,0.980000,0.596800
211,33.264000,2.434617,51.680000,1.326947,0.301265,10,5000,3000,2000,2995,2005,2995,2938,57,62,57,1943,0.600000,0.599000,0.401000,0.980968,0.979333,0.599000
212,30.884000,2.664813,46.440000,1.583081,0.173387,10,5000,3000,2000,2915,2085,2915,2861,54,139,54,1946,0.600000,0.583000,0.417000,0.981475,0.953667,0.583000
213,29.696000,2.620610,48.970000,1.424756,0.179050,10,5000,3000,2000,2977,2023,2977,2933,44,67,44,1956,0.600000,0.595400,0.404600,0.985220,0.977667,0.595400
214,32.904000,2.497924,50.310000,1.380337,0.212941,10,5000,3000,2000,3006,1994,3006,2941,65,59,65,1935,0.600000,0.601200,0.398800,0.978377,0.980333,0.601200
215,35.476000,2.439462,58.090000,1.191592,0.214435,10,5000,3000,2000,2997,2003,2997,2914,83,86,83,1917,0.600000,0.599400,0.400600,0.972306,0.971333,0.599400
216,33.770000,2.519838,55.830000,1.225850,0.214145,10,5000,3000,2000,2974,2026,2974,2916,58,84,58,1942,0.600000,0.594800,0.405200,0.980498,0.972000,0.594800
217,30.554000,2.702701,53.630000,1.319621,0.235202,10,5000,3000,2000,2925,2075,2925,2838,87,162,87,1913,0.600000,0.585000,0.415000,0.970256,0.946000,0.585000
218,29.852000,2.686135,48.130000,1.493712,0.308126,10,5000,3000,2000,3069,1931,3069,2963,106,37,106,1894,0.600000,0.613800,0.386200,0.965461,0.987667,0.613800
219,28.270000,2.911805,45.230000,1.589468,0.218804,10,5000,3000,2000,2976,2024,2976,2925,51,75,51,1949,0.600000,0.595200,0.404800,0.982863,0.975000,0.595200
220,32.258000,2.614849,47.520000,1.468783,0.169469,10,5000,3000,2000,2964,2036,2964,2929,35,71,35,1965,0.600000,0.592800,0.407200,0.988192,0.976333,0.592800
221,33.838000,2.494886,55.700000,1.261277,0.318974,10,5000,3000,2000,3024,1976,3024,2934,90,66,90,1910,0.600000,0.604800,0.395200,0.970238,0.978000,0.604800
222,34.444000,2.530534,51.580000,1.357142,0.208246,10,5000,3000,2000,2965,2035,2965,2904,61,96,61,1939,0.600000,0.593000,0.407000,0.979427,0.968000,0.593000
223,34.112000,2.551724,54.660000,1.263336,0.172496,10,5000,3000,2000,2873,2127,2873,2794,79,206,79,1921,0.600000,0.574600,0.425400,0.972503,0.931333,0.574600
224,32.012000,2.707494,51.850000,1.423585,0.189588,10,5000,3000,2000,2984,2016,2984,2951,33,49,33,1967,0.600000,0.596800,0.403200,0.988941,0.983667,0.596800
225,33.144000,2.608137,49.590000,1.427607,0.181771,10,5000,3000,2000,2969,2031,2969,2932,37,68,37,1963,0.600000,0.593800,0.406200,0.987538,0.977333,0.593800
226,32.492000,2.667275,55.070000,1.329902,0.196305,10,5000,3000,2000,2861,2139,2861,2793,68,207,68,1932,0.600000,0.572200,0.427800,0.976232,0.931000,0.572200
227,31.598000,2.687121,47.460000,1.473909,0.120845,10,5000,3000,2000,2964,2036,2964,2943,21,57,21,1979,0.600000,0.592800,0.407200,0.992915,0.981000,0.592800
228,34.220000,2.495508,56.620000,1.200877,0.245481,10,5000,3000,2000,3005,1995,3005,2933,72,67,72,1928,0.600000,0.601000,0.399000,0.976040,0.977667,0.601000
229,30.664000,2.793979,48.950000,1.469542,0.192623,10,5000,3000,2000,2929,2071,2929,2875,54,125,54,1946,0.600000,0.585800,0.414200,0.981564,0.958333,0.585800
230,35.970000,2.477012,59.180000,1.176692,0.202233,10,5000,3000,2000,2960,2040,2960,2901,59,99,59,1941,0.600000,0.592000,0.408000,0.980068,0.967000,0.592000
231,26.418000,2.931874,43.760000,1.650274,0.271987,10,5000,3000,2000,2994,2006,2994,2932,62,68,62,1938,0.600000,0.598800,0.401200,0.979292,0.977333,0.598800
232,31.000000,2.828965,45.550000,1.619592,0.214884,10,5000,3000,2000,3020,1980,3020,2941,79,59,79,1921,0.600000,0.604000,0.396000,0.973841,0.980333,0.604000
233,35.488000,2.473453,55.070000,1.239567,0.178936,10,5000,3000,2000,2766,2234,2766,2707,59,293,59,1941,0.600000,0.553200,0.446800,0.978670,0.902333,0.553200
234,33.440000,2.596027,54.580000,1.256714,0.201934,10,5000,3000,2000,2961,2039,2961,2918,43,82,43,1957,0.600000,0.592200,0.407800,0.985478,0.972667,0.592200
235,34.838000,2.620411,54.630000,1.284847,0.120702,10,5000,3000,2000,2977,2023,2977,2950,27,50,27,1973,0.600000,0.595400,0.404600,0.990930,0.983333,0.595400
236,34.626000,2.508131,53.810000,1.283284,0.284466,10,5000,3000,2000,2996,2004,2996,2914,82,86,82,1918,0.600000,0.599200,0.400800,0.972630,0.971333,0.599200
237,35.320000,2.561791,56.630000,1.233045,0.152454,10,5000,3000,2000,2844,2156,2844,2786,58,214,58,1942,0.600000,0.568800,0.431200,0.979606,0.928667,0.568800
238,30.912000,2.929454,48.600000,1.519765,0.191519,10,5000,3000,2000,2991,2009,2991,2931,60,69,60,1940,0.600000,0.598200,0.401800,0.979940,0.977000,0.598200
239,32.180000,2.738247,49.740000,1.371536,0.156405,10,5000,3000,2000,2979,2021,2979,2932,47,68,47,1953,0.600000,0.595800,0.404200,0.984223,0.977333,0.595800
240,31.068000,2.847338,53.100000,1.356832,0.112319,10,5000,3000,2000,2869,2131,2869,2834,35,166,35,1965,0.600000,0.573800,0.426200,0.987801,0.944667,0.573800
241,34.046000,2.648769,50.940000,1.414070,0.175867,10,5000,3000,2000,2967,2033,2967,2926,41,74,41,1959,0.600000,0.593400,0.406600,0.986181,0.975333,0.593400
242,34.690000,2.689360,54.930000,1.329828,0.101689,10,5000,3000,2000,2965,2035,2965,2942,23,58,23,1977,0.600000,0.593000,0.407000,0.992243,0.980667,0.593000
243,32.090000,2.661036,50.560000,1.340631,0.168520,10,5000,3000,2000,2867,2133,2867,2811,56,189,56,1944,0.600000,0.573400,0.426600,0.980467,0.937000,0.573400
244,35.630000,2.552603,53.630000,1.325875,0.169329,10,5000,3000,2000,2990,2010,2990,2946,44,54,44,1956,0.600000,0.598000,0.402000,0.985284,0.982000,0.598000
245,38.058000,2.493882,59.270000,1.153165,0.166606,10,5000,3000,2000,3003,1997,3003,2947,56,53,56,1944,0.600000,0.600600,0.399400,0.981352,0.982333,0.600600
246,32.212000,2.623062,51.380000,1.337319,0.365117,10,5000,3000,2000,3013,1987,3013,2936,77,64,77,1923,0.600000,0.602600,0.397400,0.974444,0.978667,0.602600
247,34.554000,2.634160,54.870000,1.315918,0.140481,10,5000,3000,2000,2867,2133,2867,2817,50,183,50,1950,0.600000,0.573400,0.426600,0.982560,0.939000,0.573400
248,32.858000,2.690473,54.900000,1.288744,0.183691,10,5000,3000,2000,2864,2136,2864,2810,54,190,54,1946,0.600000,0.572800,0.427200,0.981145,0.936667,0.572800
249,32.072000,2.669518,48.990000,1.402166,0.160875,10,5000,3000,2000,2818,2182,2818,2765,53,235,53,1947,0.600000,0.563600,0.436400,0.981192,0.921667,0.563600
250,37.444000,2.520465,55.930000,1.301692,0.113070,10,5000,3000,2000,2991,2009,2991,2959,32,41,32,1968,0.600000,0.598200,0.401800,0.989301,0.986333,0.598200
251,34.526000,2.600772,52.900000,1.387852,0.217728,10,5000,3000,2000,2986,2014,2986,2901,85,99,85,1915,0.600000,0.597200,0.402800,0.971534,0.967000,0.597200
252,34.432000,2.673062,52.800000,1.351885,0.125713,10,5000,3000,2000,2827,2173,2827,2782,45,218,45,1955,0.600000,0.565400,0.434600,0.984082,0.927333,0.565400
253,34.174000,2.631968,53.090000,1.316360,0.196961,10,5000,3000,2000,3011,1989,3011,2945,66,55,66,1934,0.600000,0.602200,0.397800,0.978080,0.981667,0.602200
254,30.850000,2.863699,51.240000,1.373201,0.194640,10,5000,3000,2000,2979,2021,2979,2931,48,69,48,1952,0.600000,0.595800,0.404200,0.983887,0.977000,0.595800
255,31.176000,2.867119,50.170000,1.401233,0.170339,10,5000,3000,2000,2840,2160,2840,2782,58,218,58,1942,0.600000,0.568000,0.432000,0.979577,0.927333,0.568000
256,36.104000,2.560646,55.330000,1.249805,0.190959,10,5000,3000,2000,2768,2232,2768,2699,69,301,69,1931,0.600000,0.553600,0.446400,0.975072,0.899667,0.553600
257,29.490000,2.857167,44.540000,1.622558,0.181221,10,5000,3000,2000,2762,2238,2762,2697,65,303,65,1935,0.600000,0.552400,0.447600,0.976466,0.899000,0.552400
258,29.206000,2.841441,45.020000,1.594773,0.257020,10,5000,3000,2000,2996,2004,2996,2930,66,70,66,1934,0.600000,0.599200,0.400800,0.977971,0.976667,0.599200
259,32.068000,2.729580,48.930000,1.451430,0.212951,10,5000,3000,2000,2993,2007,2993,2937,56,63,56,1944,0.600000,0.598600,0.401400,0.981290,0.979000,0.598600
260,33.652000,2.748588,49.770000,1.429874,0.160868,10,5000,3000,2000,3008,1992,3008,2955,53,45,53,1947,0.600000,0.601600,0.398400,0.982380,0.985000,0.601600
261,34.836000,2.581181,57.070000,1.196362,0.238682,10,5000,3000,2000,2988,2012,2988,2937,51,63,51,1949,0.600000,0.597600,0.402400,0.982932,0.979000,0.597600
262,35.484000,2.620948,52.660000,1.338617,0.151422,10,5000,3000,2000,2895,2105,2895,2846,49,154,49,1951,0.600000,0.579000,0.421000,0.983074,0.948667,0.579000
263,36.104000,2.622900,55.860000,1.275403,0.168753,10,5000,3000,2000,2993,2007,2993,2940,53,60,53,1947,0.600000,0.598600,0.401400,0.982292,0.980000,0.598600
264,34.986000,2.656532,56.500000,1.218168,0.167265,10,5000,3000,2000,2990,2010,2990,2938,52,62,52,1948,0.600000,0.598000,0.402000,0.982609,0.979333,0.598000
265,37.212000,2.522664,58.760000,1.161026,0.127687,10,5000,3000,2000,2978,2022,2978,2946,32,54,32,1968,0.600000,0.595600,0.404400,0.989255,0.982000,0.595600
266,35.962000,2.708467,55.520000,1.321151,0.164832,10,5000,3000,2000,3014,1986,3014,2952,62,48,62,1938,0.600000,0.602800,0.397200,0.979429,0.984000,0.602800
267,34.442000,2.727443,56.910000,1.190218,0.140611,10,5000,3000,2000,2977,2023,2977,2942,35,58,35,1965,0.600000,0.595400,0.404600,0.988243,0.980667,0.595400
268,35.972000,2.657281,56.690000,1.253179,0.156967,10,5000,3000,2000,3011,1989,3011,2959,52,41,52,1948,0.600000,0.602200,0.397800,0.982730,0.986333,0.602200
269,34.342000,2.641834,51.000000,1.378434,0.186908,10,5000,3000,2000,2996,2004,2996,2935,61,65,61,1939,0.600000,0.599200,0.400800,0.979640,0.978333,0.599200
270,33.182000,2.909233,51.740000,1.489448,0.130889,10,5000,3000,2000,2975,2025,2975,2939,36,61,36,1964,0.600000,0.595000,0.405000,0.987899,0.979667,0.595000
271,36.332000,2.625330,52.540000,1.326501,0.195521,10,5000,3000,2000,3032,1968,3032,2964,68,36,68,1932,0.600000,0.606400,0.393600,0.977573,0.988000,0.606400
272,23.694000,3.294418,44.100000,1.633342,0.181465,10,5000,3000,2000,3023,1977,3023,2954,69,46,69,1931,0.600000,0.604600,0.395400,0.977175,0.984667,0.604600
273,34.740000,2.615269,53.600000,1.297884,0.189475,10,5000,3000,2000,2982,2018,2982,2929,53,71,53,1947,0.600000,0.596400,0.403600,0.982227,0.976333,0.596400
274,35.696000,2.596609,58.070000,1.167628,0.184954,10,5000,3000,2000,2987,2013,2987,2922,65,78,65,1935,0.600000,0.597400,0.402600,0.978239,0.974000,0.597400
275,35.840000,2.599053,55.640000,1.267471,0.242732,10,5000,3000,2000,2973,2027,2973,2942,31,58,31,1969,0.600000,0.594600,0.405400,0.989573,0.980667,0.594600
276,38.850000,2.490127,58.500000,1.204901,0.156271,10,5000,3000,2000,3015,1985,3015,2962,53,38,53,1947,0.600000,0.603000,0.397000,0.982421,0.987333,0.603000
277,35.152000,2.612264,54.330000,1.282713,0.124046,10,5000,3000,2000,2845,2155,2845,2809,36,191,36,1964,0.600000,0.569000,0.431000,0.987346,0.936333,0.569000
278,35.650000,2.618449,53.270000,1.310405,0.155259,10,5000,3000,2000,3004,1996,3004,2946,58,54,58,1942,0.600000,0.600800,0.399200,0.980692,0.982000,0.600800
279,33.320000,2.825059,52.750000,1.367654,0.136179,10,5000,3000,2000,2973,2027,2973,2937,36,63,36,1964,0.600000,0.594600,0.405400,0.987891,0.979000,0.594600
280,32.162000,2.897055,48.800000,1.476191,0.183412,10,5000,3000,2000,2993,2007,2993,2955,38,45,38,1962,0.600000,0.598600,0.401400,0.987304,0.985000,0.598600
281,29.206000,2.958745,49.810000,1.445010,0.233955,10,5000,3000,2000,3006,1994,3006,2929,77,71,77,1923,0.600000,0.601200,0.398800,0.974385,0.976333,0.601200
282,38.770000,2.535010,60.030000,1.167363,0.242567,10,5000,3000,2000,2986,2014,2986,2928,58,72,58,1942,0.600000,0.597200,0.402800,0.980576,0.976000,0.597200
283,30.708000,2.920957,48.140000,1.550887,0.315341,10,5000,3000,2000,2876,2124,2876,2815,61,185,61,1939,0.600000,0.575200,0.424800,0.978790,0.938333,0.575200
284,34.600000,2.654104,52.130000,1.372968,0.209907,10,5000,3000,2000,3017,1983,3017,2944,73,56,73,1927,0.600000,0.603400,0.396600,0.975804,0.981333,0.603400
285,32.760000,2.765022,48.040000,1.540896,0.151638,10,5000,3000,2000,2986,2014,2986,2937,49,63,49,1951,0.600000,0.597200,0.402800,0.983590,0.979000,0.597200
286,37.034000,2.495891,59.410000,1.155477,0.160558,10,5000,3000,2000,3016,1984,3016,2949,67,51,67,1933,0.600000,0.603200,0.396800,0.977785,0.983000,0.603200
287,30.484000,2.911011,47.820000,1.466003,0.239253,10,5000,3000,2000,3018,1982,3018,2950,68,50,68,1932,0.600000,0.603600,0.396400,0.977469,0.983333,0.603600
288,34.968000,2.719068,52.810000,1.349983,0.141977,10,5000,3000,2000,2963,2037,2963,2917,46,83,46,1954,0.600000,0.592600,0.407400,0.984475,0.972333,0.592600
289,38.030000,2.610874,57.960000,1.247662,0.161902,10,5000,3000,2000,2960,2040,2960,2908,52,92,52,1948,0.600000,0.592000,0.408000,0.982432,0.969333,0.592000
290,35.408000,2.673767,56.940000,1.183305,0.173998,10,5000,3000,2000,2995,2005,2995,2946,49,54,49,1951,0.600000,0.599000,0.401000,0.983639,0.982000,0.599000
291,36.496000,2.644935,55.090000,1.271138,0.128177,10,5000,3000,2000,2954,2046,2954,2912,42,88,42,1958,0.600000,0.590800,0.409200,0.985782,0.970667,0.590800
292,36.108000,2.726927,54.130000,1.441041,0.144167,10,5000,3000,2000,3009,1991,3009,2971,38,29,38,1962,0.600000,0.601800,0.398200,0.987371,0.990333,0.601800
293,39.722000,2.434709,60.100000,1.144779,0.130474,10,5000,3000,2000,2964,2036,2964,2928,36,72,36,1964,0.600000,0.592800,0.407200,0.987854,0.976000,0.592800
294,35.898000,2.609231,56.490000,1.227657,0.172320,10,5000,3000,2000,2873,2127,2873,2808,65,192,65,1935,0.600000,0.574600,0.425400,0.977376,0.936000,0.574600
295,33.232000,2.789763,49.400000,1.499371,0.218778,10,5000,3000,2000,2997,2003,2997,2951,46,49,46,1954,0.600000,0.599400,0.400600,0.984651,0.983667,0.599400
296,34.922000,2.692101,57.690000,1.227941,0.195708,10,5000,3000,2000,2835,2165,2835,2775,60,225,60,1940,0.600000,0.567000,0.433000,0.978836,0.925000,0.567000
297,35.840000,2.617270,56.040000,1.246425,0.214545,10,5000,3000,2000,2987,2013,2987,2927,60,73,60,1940,0.600000,0.597400,0.402600,0.979913,0.975667,0.597400
298,34.810000,2.656910,53.020000,1.353152,0.208597,10,5000,3000,2000,3012,1988,3012,2945,67,55,67,1933,0.600000,0.602400,0.397600,0.977756,0.981667,0.602400
299,32.270000,2.732207,52.270000,1.312028,0.173678,10,5000,3000,2000,2980,2020,2980,2934,46,66,46,1954,0.600000,0.596000,0.404000,0.984564,0.978000,0.596000
300,36.836000,2.604963,59.430000,1.137657,0.130562,10,5000,3000,2000,2961,2039,2961,2929,32,71,32,1968,0.600000,0.592200,0.407800,0.989193,0.976333,0.592200
301,38.816000,2.577774,58.400000,1.228845,0.163207,10,5000,3000,2000,2998,2002,2998,2949,49,51,49,1951,0.600000,0.599600,0.400400,0.983656,0.983000,0.599600
302,36.530000,2.598603,57.150000,1.187821,0.208485,10,5000,3000,2000,3018,1982,3018,2955,63,45,63,1937,0.600000,0.603600,0.396400,0.979125,0.985000,0.603600
303,32.520000,2.820853,49.770000,1.468688,0.153752,10,5000,3000,2000,2999,2001,2999,2947,52,53,52,1948,0.600000,0.599800,0.400200,0.982661,0.982333,0.599800
304,35.104000,2.643507,58.550000,1.204505,0.293583,10,5000,3000,2000,2871,2129,2871,2797,74,203,74,1926,0.600000,0.574200,0.425800,0.974225,0.932333,0.574200
305,35.024000,2.704166,51.870000,1.423899,0.216896,10,5000,3000,2000,3042,1958,3042,2973,69,27,69,1931,0.600000,0.608400,0.391600,0.977318,0.991000,0.608400
306,29.734000,2.950793,52.230000,1.351790,0.230395,10,5000,3000,2000,3046,1954,3046,2955,91,45,91,1909,0.600000,0.609200,0.390800,0.970125,0.985000,0.609200
307,34.346000,2.687119,54.740000,1.267000,0.190079,10,5000,3000,2000,3010,1990,3010,2949,61,51,61,1939,0.600000,0.602000,0.398000,0.979734,0.983000,0.602000
308,35.582000,2.638791,55.650000,1.255851,0.175968,10,5000,3000,2000,2888,2112,2888,2824,64,176,64,1936,0.600000,0.577600,0.422400,0.977839,0.941333,0.577600
309,37.606000,2.589926,58.960000,1.154219,0.155599,10,5000,3000,2000,2993,2007,2993,2952,41,48,41,1959,0.600000,0.598600,0.401400,0.986301,0.984000,0.598600
310,35.704000,2.696810,59.000000,1.199653,0.140841,10,5000,3000,2000,2901,2099,2901,2855,46,145,46,1954,0.600000,0.580200,0.419800,0.984143,0.951667,0.580200
311,33.960000,2.849139,53.850000,1.399114,0.175191,10,5000,3000,2000,2981,2019,2981,2921,60,79,60,1940,0.600000,0.596200,0.403800,0.979873,0.973667,0.596200
312,36.994000,2.619155,58.080000,1.192014,0.162153,10,5000,3000,2000,2845,2155,2845,2781,64,219,64,1936,0.600000,0.569000,0.431000,0.977504,0.927000,0.569000
313,39.204000,2.553725,60.880000,1.128625,0.207879,10,5000,3000,2000,3028,1972,3028,2955,73,45,73,1927,0.600000,0.605600,0.394400,0.975892,0.985000,0.605600
314,37.658000,2.607789,56.340000,1.253989,0.141942,10,5000,3000,2000,2988,2012,2988,2942,46,58,46,1954,0.600000,0.597600,0.402400,0.984605,0.980667,0.597600
315,35.124000,2.780933,53.600000,1.372474,0.122355,10,5000,3000,2000,2983,2017,2983,2948,35,52,35,1965,0.600000,0.596600,0.403400,0.988267,0.982667,0.596600
316,35.382000,2.704124,56.640000,1.261696,0.165183,10,5000,3000,2000,3007,1993,3007,2942,65,58,65,1935,0.600000,0.601400,0.398600,0.978384,0.980667,0.601400
317,34.308000,2.745672,49.660000,1.491755,0.162162,10,5000,3000,2000,2989,2011,2989,2952,37,48,37,1963,0.600000,0.597800,0.402200,0.987621,0.984000,0.597800
318,37.322000,2.682499,56.760000,1.318946,0.158769,10,5000,3000,2000,2993,2007,2993,2921,72,79,72,1928,0.600000,0.598600,0.401400,0.975944,0.973667,0.598600
319,38.082000,2.600678,59.280000,1.178970,0.130794,10,5000,3000,2000,2825,2175,2825,2786,39,214,39,1961,0.600000,0.565000,0.435000,0.986195,0.928667,0.565000
320,34.636000,2.767956,51.320000,1.453359,0.155686,10,5000,3000,2000,2891,2109,2891,2820,71,180,71,1929,0.600000,0.578200,0.421800,0.975441,0.940000,0.578200
321,35.770000,2.685201,53.880000,1.327548,0.141266,10,5000,3000,2000,2998,2002,2998,2948,50,52,50,1950,0.600000,0.599600,0.400400,0.983322,0.982667,0.599600
322,34.466000,2.744468,52.280000,1.414798,0.138717,10,5000,3000,2000,2846,2154,2846,2791,55,209,55,1945,0.600000,0.569200,0.430800,0.980675,0.930333,0.569200
323,33.844000,2.720181,49.720000,1.441357,0.161742,10,5000,3000,2000,2979,2021,2979,2946,33,54,33,1967,0.600000,0.595800,0.404200,0.988922,0.982000,0.595800
324,33.924000,2.757100,52.930000,1.342974,0.161836,10,5000,3000,2000,2993,2007,2993,2957,36,43,36,1964,0.600000,0.598600,0.401400,0.987972,0.985667,0.598600
325,38.500000,2.646620,60.990000,1.122206,0.095646,10,5000,3000,2000,2984,2016,2984,2964,20,36,20,1980,0.600000,0.596800,0.403200,0.993298,0.988000,0.596800
326,38.918000,2.644484,58.800000,1.225454,0.150021,10,5000,3000,2000,2993,2007,2993,2952,41,48,41,1959,0.600000,0.598600,0.401400,0.986301,0.984000,0.598600
327,36.662000,2.756659,55.240000,1.331380,0.139766,10,5000,3000,2000,2976,2024,2976,2931,45,69,45,1955,0.600000,0.595200,0.404800,0.984879,0.977000,0.595200
328,35.770000,2.734212,56.230000,1.272218,0.141065,10,5000,3000,2000,2990,2010,2990,2941,49,59,49,1951,0.600000,0.598000,0.402000,0.983612,0.980333,0.598000
329,36.244000,2.676735,56.160000,1.260460,0.178670,10,5000,3000,2000,3002,1998,3002,2959,43,41,43,1957,0.600000,0.600400,0.399600,0.985676,0.986333,0.600400
330,35.588000,2.713237,57.150000,1.244587,0.195013,10,5000,3000,2000,2998,2002,2998,2941,57,59,57,1943,0.600000,0.599600,0.400400,0.980987,0.980333,0.599600
331,36.512000,2.714983,57.860000,1.246054,0.125223,10,5000,3000,2000,2847,2153,2847,2813,34,187,34,1966,0.600000,0.569400,0.430600,0.988058,0.937667,0.569400
332,31.512000,2.998249,50.730000,1.445891,0.188381,10,5000,3000,2000,2871,2129,2871,2808,63,192,63,1937,0.600000,0.574200,0.425800,0.978056,0.936000,0.574200
333,36.704000,2.706515,57.310000,1.216158,0.201762,10,5000,3000,2000,2992,2008,2992,2940,52,60,52,1948,0.600000,0.598400,0.401600,0.982620,0.980000,0.598400
334,34.786000,2.758578,48.190000,1.472906,0.120055,10,5000,3000,2000,2983,2017,2983,2935,48,65,48,1952,0.600000,0.596600,0.403400,0.983909,0.978333,0.596600
335,35.094000,2.813058,52.960000,1.356016,0.130882,10,5000,3000,2000,3001,1999,3001,2949,52,51,52,1948,0.600000,0.600200,0.399800,0.982672,0.983000,0.600200
336,36.756000,2.766229,55.880000,1.302685,0.177978,10,5000,3000,2000,2979,2021,2979,2937,42,63,42,1958,0.600000,0.595800,0.404200,0.985901,0.979000,0.595800
337,36.990000,2.697959,57.490000,1.197436,0.182913,10,5000,3000,2000,2839,2161,2839,2786,53,214,53,1947,0.600000,0.567800,0.432200,0.981331,0.928667,0.567800
338,37.320000,2.694757,56.280000,1.277883,0.124346,10,5000,3000,2000,3009,1991,3009,2965,44,35,44,1956,0.600000,0.601800,0.398200,0.985377,0.988333,0.601800
339,34.410000,2.782871,51.450000,1.385101,0.197807,10,5000,3000,2000,3018,1982,3018,2960,58,40,58,1942,0.600000,0.603600,0.396400,0.980782,0.986667,0.603600
340,34.486000,2.792159,52.630000,1.382263,0.153974,10,5000,3000,2000,2973,2027,2973,2932,41,68,41,1959,0.600000,0.594600,0.405400,0.986209,0.977333,0.594600
341,33.934000,2.751969,54.000000,1.258934,0.237602,10,5000,3000,2000,2986,2014,2986,2951,35,49,35,1965,0.600000,0.597200,0.402800,0.988279,0.983667,0.597200
342,32.700000,3.011562,52.780000,1.413678,0.149451,10,5000,3000,2000,3010,1990,3010,2965,45,35,45,1955,0.600000,0.602000,0.398000,0.985050,0.988333,0.602000
343,34.816000,2.767835,54.150000,1.366330,0.178615,10,5000,3000,2000,2999,2001,2999,2940,59,60,59,1941,0.600000,0.599800,0.400200,0.980327,0.980000,0.599800
344,35.214000,2.800744,54.800000,1.317230,0.141351,10,5000,3000,2000,2991,2009,2991,2956,35,44,35,1965,0.600000,0.598200,0.401800,0.988298,0.985333,0.598200
345,37.508000,2.523979,57.810000,1.219997,0.277396,10,5000,3000,2000,3018,1982,3018,2942,76,58,76,1924,0.600000,0.603600,0.396400,0.974818,0.980667,0.603600
346,36.358000,2.617171,56.660000,1.216044,0.152339,10,5000,3000,2000,2891,2109,2891,2831,60,169,60,1940,0.600000,0.578200,0.421800,0.979246,0.943667,0.578200
347,35.364000,2.826588,52.780000,1.443462,0.132319,10,5000,3000,2000,3012,1988,3012,2950,62,50,62,1938,0.600000,0.602400,0.397600,0.979416,0.983333,0.602400
348,36.012000,2.732359,53.450000,1.346542,0.131088,10,5000,3000,2000,2866,2134,2866,2814,52,186,52,1948,0.600000,0.573200,0.426800,0.981856,0.938000,0.573200
349,38.442000,2.569921,57.910000,1.220700,0.124988,10,5000,3000,2000,2982,2018,2982,2946,36,54,36,1964,0.600000,0.596400,0.403600,0.987928,0.982000,0.596400
350,35.340000,2.754260,55.910000,1.185219,0.160984,10,5000,3000,2000,3003,1997,3003,2944,59,56,59,1941,0.600000,0.600600,0.399400,0.980353,0.981333,0.600600
351,35.638000,2.823552,53.650000,1.323570,0.099044,10,5000,3000,2000,2863,2137,2863,2822,41,178,41,1959,0.600000,0.572600,0.427400,0.985679,0.940667,0.572600
352,36.780000,2.670503,58.200000,1.169539,0.146014,10,5000,3000,2000,2728,2272,2728,2644,84,356,84,1916,0.600000,0.545600,0.454400,0.969208,0.881333,0.545600
353,38.792000,2.592202,59.750000,1.155991,0.200689,10,5000,3000,2000,3011,1989,3011,2948,63,52,63,1937,0.600000,0.602200,0.397800,0.979077,0.982667,0.602200
354,39.156000,2.616964,58.160000,1.203358,0.108475,10,5000,3000,2000,2987,2013,2987,2952,35,48,35,1965,0.600000,0.597400,0.402600,0.988283,0.984000,0.597400
355,37.516000,2.703136,57.660000,1.223036,0.133414,10,5000,3000,2000,2862,2138,2862,2799,63,201,63,1937,0.600000,0.572400,0.427600,0.977987,0.933000,0.572400
356,39.578000,2.620393,59.680000,1.172025,0.152877,10,5000,3000,2000,3014,1986,3014,2965,49,35,49,1951,0.600000,0.602800,0.397200,0.983743,0.988333,0.602800
357,37.186000,2.683136,56.640000,1.246901,0.184935,10,5000,3000,2000,3004,1996,3004,2929,75,71,75,1925,0.600000,0.600800,0.399200,0.975033,0.976333,0.600800
358,30.778000,2.990287,49.480000,1.509134,0.227618,10,5000,3000,2000,3020,1980,3020,2943,77,57,77,1923,0.600000,0.604000,0.396000,0.974503,0.981000,0.604000
359,39.258000,2.627459,56.170000,1.282770,0.092454,10,5000,3000,2000,2992,2008,2992,2967,25,33,25,1975,0.600000,0.598400,0.401600,0.991644,0.989000,0.598400
360,35.624000,2.862707,54.670000,1.347763,0.138808,10,5000,3000,2000,2989,2011,2989,2953,36,47,36,1964,0.600000,0.597800,0.402200,0.987956,0.984333,0.597800
361,37.028000,2.750107,57.510000,1.256994,0.124030,10,5000,3000,2000,2967,2033,2967,2937,30,63,30,1970,0.600000,0.593400,0.406600,0.989889,0.979000,0.593400
362,38.782000,2.661741,57.050000,1.254804,0.172890,10,5000,3000,2000,2996,2004,2996,2928,68,72,68,1932,0.600000,0.599200,0.400800,0.977303,0.976000,0.599200
363,31.106000,2.983154,53.630000,1.298740,0.143385,10,5000,3000,2000,2992,2008,2992,2937,55,63,55,1945,0.600000,0.598400,0.401600,0.981618,0.979000,0.598400
364,38.928000,2.636801,60.160000,1.142934,0.180797,10,5000,3000,2000,2868,2132,2868,2805,63,195,63,1937,0.600000,0.573600,0.426400,0.978033,0.935000,0.573600
365,35.722000,2.870534,53.860000,1.394519,0.105320,10,5000,3000,2000,2980,2020,2980,2944,36,56,36,1964,0.600000,0.596000,0.404000,0.987919,0.981333,0.596000
366,37.114000,2.683834,55.030000,1.305868,0.142767,10,5000,3000,2000,2994,2006,2994,2951,43,49,43,1957,0.600000,0.598800,0.401200,0.985638,0.983667,0.598800
367,37.972000,2.770733,57.080000,1.251080,0.125237,10,5000,3000,2000,2986,2014,2986,2942,44,58,44,1956,0.600000,0.597200,0.402800,0.985265,0.980667,0.597200
368,37.908000,2.698181,59.150000,1.196142,0.087395,10,5000,3000,2000,2846,2154,2846,2811,35,189,35,1965,0.600000,0.569200,0.430800,0.987702,0.937000,0.569200
369,35.892000,2.804795,54.040000,1.372281,0.183824,10,5000,3000,2000,2991,2009,2991,2954,37,46,37,1963,0.600000,0.598200,0.401800,0.987630,0.984667,0.598200
370,37.644000,2.750144,58.680000,1.188460,0.176357,10,5000,3000,2000,3000,2000,3000,2958,42,42,42,1958,0.600000,0.600000,0.400000,0.986000,0.986000,0.600000
371,38.722000,2.646861,60.080000,1.168302,0.173751,10,5000,3000,2000,3004,1996,3004,2957,47,43,47,1953,0.600000,0.600800,0.399200,0.984354,0.985667,0.600800
372,37.106000,2.758713,58.160000,1.202156,0.146266,10,5000,3000,2000,2862,2138,2862,2805,57,195,57,1943,0.600000,0.572400,0.427600,0.980084,0.935000,0.572400
373,37.722000,2.713677,56.710000,1.253592,0.098497,10,5000,3000,2000,2994,2006,2994,2960,34,40,34,1966,0.600000,0.598800,0.401200,0.988644,0.986667,0.598800
374,37.570000,2.766024,58.470000,1.226332,0.114996,10,5000,3000,2000,2994,2006,2994,2965,29,35,29,1971,0.600000,0.598800,0.401200,0.990314,0.988333,0.598800
375,39.494000,2.673213,60.290000,1.162327,0.158618,10,5000,3000,2000,3009,1991,3009,2957,52,43,52,1948,0.600000,0.601800,0.398200,0.982719,0.985667,0.601800
376,35.008000,2.855160,51.960000,1.404153,0.136559,10,5000,3000,2000,2999,2001,2999,2946,53,54,53,1947,0.600000,0.599800,0.400200,0.982327,0.982000,0.599800
377,37.580000,2.730454,59.690000,1.170323,0.228326,10,5000,3000,2000,2892,2108,2892,2803,89,197,89,1911,0.600000,0.578400,0.421600,0.969225,0.934333,0.578400
378,34.392000,2.941924,53.820000,1.433918,0.132523,10,5000,3000,2000,2990,2010,2990,2945,45,55,45,1955,0.600000,0.598000,0.402000,0.984950,0.981667,0.598000
379,34.086000,2.889263,55.870000,1.265849,0.181670,10,5000,3000,2000,2954,2046,2954,2879,75,121,75,1925,0.600000,0.590800,0.409200,0.974611,0.959667,0.590800
380,36.518000,2.686546,52.000000,1.427873,0.192246,10,5000,3000,2000,2985,2015,2985,2937,48,63,48,1952,0.600000,0.597000,0.403000,0.983920,0.979000,0.597000
381,35.998000,2.797097,55.730000,1.303013,0.081964,10,5000,3000,2000,2993,2007,2993,2976,17,24,17,1983,0.600000,0.598600,0.401400,0.994320,0.992000,0.598600
382,35.992000,2.753011,53.850000,1.342669,0.137990,10,5000,3000,2000,2856,2144,2856,2788,68,212,68,1932,0.600000,0.571200,0.428800,0.976190,0.929333,0.571200
383,38.848000,2.722364,58.320000,1.291675,0.130562,10,5000,3000,2000,2870,2130,2870,2803,67,197,67,1933,0.600000,0.574000,0.426000,0.976655,0.934333,0.574000
384,28.706000,3.193987,54.310000,1.297691,0.184279,10,5000,3000,2000,2979,2021,2979,2920,59,80,59,1941,0.600000,0.595800,0.404200,0.980195,0.973333,0.595800
385,34.724000,2.890194,51.780000,1.477884,0.151295,10,5000,3000,2000,2996,2004,2996,2963,33,37,33,1967,0.600000,0.599200,0.400800,0.988985,0.987667,0.599200
386,38.122000,2.689443,52.310000,1.440600,0.204604,10,5000,3000,2000,3027,1973,3027,2961,66,39,66,1934,0.600000,0.605400,0.394600,0.978196,0.987000,0.605400
387,36.194000,2.818209,50.480000,1.478688,0.121104,10,5000,3000,2000,2993,2007,2993,2970,23,30,23,1977,0.600000,0.598600,0.401400,0.992315,0.990000,0.598600
388,36.922000,2.732152,56.390000,1.276301,0.168315,10,5000,3000,2000,2988,2012,2988,2933,55,67,55,1945,0.600000,0.597600,0.402400,0.981593,0.977667,0.597600
389,33.840000,2.855475,53.220000,1.348514,0.150284,10,5000,3000,2000,2996,2004,2996,2947,49,53,49,1951,0.600000,0.599200,0.400800,0.983645,0.982333,0.599200
390,39.314000,2.648515,58.920000,1.170167,0.157903,10,5000,3000,2000,3006,1994,3006,2958,48,42,48,1952,0.600000,0.601200,0.398800,0.984032,0.986000,0.601200
391,32.956000,2.995797,48.700000,1.558060,0.094670,10,5000,3000,2000,2992,2008,2992,2961,31,39,31,1969,0.600000,0.598400,0.401600,0.989639,0.987000,0.598400
392,36.332000,2.792144,50.960000,1.462390,0.119405,10,5000,3000,2000,2856,2144,2856,2795,61,205,61,1939,0.600000,0.571200,0.428800,0.978641,0.931667,0.571200
393,36.304000,2.902373,53.350000,1.539023,0.135526,10,5000,3000,2000,3018,1982,3018,2951,67,49,67,1933,0.600000,0.603600,0.396400,0.977800,0.983667,0.603600
394,30.422000,3.391121,44.370000,1.799278,0.161282,10,5000,3000,2000,3028,1972,3028,2975,53,25,53,1947,0.600000,0.605600,0.394400,0.982497,0.991667,0.605600
395,32.430000,3.060486,55.020000,1.263341,0.121184,10,5000,3000,2000,2987,2013,2987,2954,33,46,33,1967,0.600000,0.597400,0.402600,0.988952,0.984667,0.597400
396,33.292000,2.940949,50.720000,1.419037,0.319798,10,5000,3000,2000,2845,2155,2845,2785,60,215,60,1940,0.600000,0.569000,0.431000,0.978910,0.928333,0.569000
397,37.498000,2.741999,57.980000,1.172225,0.129599,10,5000,3000,2000,2973,2027,2973,2936,37,64,37,1963,0.600000,0.594600,0.405400,0.987555,0.978667,0.594600
398,33.404000,2.969244,52.970000,1.376154,0.153570,10,5000,3000,2000,2859,2141,2859,2806,53,194,53,1947,0.600000,0.571800,0.428200,0.981462,0.935333,0.571800
399,35.796000,2.780930,55.400000,1.280837,0.139866,10,5000,3000,2000,3000,2000,3000,2960,40,40,40,1960,0.600000,0.600000,0.400000,0.986667,0.986667,0.600000
400,33.294000,2.999560,51.350000,1.427271,0.197681,10,5000,3000,2000,2978,2022,2978,2947,31,53,31,1969,0.600000,0.595600,0.404400,0.989590,0.982333,0.595600
401,32.670000,3.006838,50.010000,1.463249,0.197950,10,5000,3000,2000,2951,2049,2951,2893,58,107,58,1942,0.600000,0.590200,0.409800,0.980346,0.964333,0.590200
402,36.476000,2.820713,55.770000,1.335919,0.195852,10,5000,3000,2000,3011,1989,3011,2964,47,36,47,1953,0.600000,0.602200,0.397800,0.984391,0.988000,0.602200
403,36.570000,2.726839,54.170000,1.355528,0.188847,10,5000,3000,2000,2985,2015,2985,2953,32,47,32,1968,0.600000,0.597000,0.403000,0.989280,0.984333,0.597000
404,35.568000,2.704224,55.270000,1.273812,0.180825,10,5000,3000,2000,3010,1990,3010,2950,60,50,60,1940,0.600000,0.602000,0.398000,0.980066,0.983333,0.602000
405,35.138000,2.800280,52.140000,1.421909,0.152629,10,5000,3000,2000,2739,2261,2739,2670,69,330,69,1931,0.600000,0.547800,0.452200,0.974808,0.890000,0.547800
406,36.834000,2.685535,56.290000,1.271551,0.231038,10,5000,3000,2000,3020,1980,3020,2959,61,41,61,1939,0.600000,0.604000,0.396000,0.979801,0.986333,0.604000
407,39.640000,2.636976,58.640000,1.250426,0.187916,10,5000,3000,2000,2989,2011,2989,2947,42,53,42,1958,0.600000,0.597800,0.402200,0.985948,0.982333,0.597800
408,40.230000,2.539753,60.580000,1.123556,0.148235,10,5000,3000,2000,3006,1994,3006,2950,56,50,56,1944,0.600000,0.601200,0.398800,0.981371,0.983333,0.601200
409,34.082000,2.920527,52.850000,1.416857,0.255880,10,5000,3000,2000,3007,1993,3007,2948,59,52,59,1941,0.600000,0.601400,0.398600,0.980379,0.982667,0.601400
410,37.646000,2.736708,54.990000,1.313904,0.150780,10,5000,3000,2000,3018,1982,3018,2963,55,37,55,1945,0.600000,0.603600,0.396400,0.981776,0.987667,0.603600
411,34.252000,2.799469,53.950000,1.316582,0.126977,10,5000,3000,2000,3016,1984,3016,2963,53,37,53,1947,0.600000,0.603200,0.396800,0.982427,0.987667,0.603200
412,36.116000,2.777739,56.150000,1.277484,0.164050,10,5000,3000,2000,2992,2008,2992,2934,58,66,58,1942,0.600000,0.598400,0.401600,0.980615,0.978000,0.598400
413,35.826000,2.752689,53.170000,1.390820,0.142126,10,5000,3000,2000,3014,1986,3014,2976,38,24,38,1962,0.600000,0.602800,0.397200,0.987392,0.992000,0.602800
414,35.210000,2.807228,54.810000,1.289245,0.155763,10,5000,3000,2000,2952,2048,2952,2900,52,100,52,1948,0.600000,0.590400,0.409600,0.982385,0.966667,0.590400
415,36.030000,2.680307,53.210000,1.329746,0.226285,10,5000,3000,2000,2889,2111,2889,2812,77,188,77,1923,0.600000,0.577800,0.422200,0.973347,0.937333,0.577800
416,39.114000,2.663130,57.670000,1.242168,0.160063,10,5000,3000,2000,3010,1990,3010,2951,59,49,59,1941,0.600000,0.602000,0.398000,0.980399,0.983667,0.602000
417,36.678000,2.762512,55.730000,1.257733,0.168191,10,5000,3000,2000,2992,2008,2992,2943,49,57,49,1951,0.600000,0.598400,0.401600,0.983623,0.981000,0.598400
418,35.228000,2.864686,56.890000,1.248958,0.144735,10,5000,3000,2000,3004,1996,3004,2950,54,50,54,1946,0.600000,0.600800,0.399200,0.982024,0.983333,0.600800
419,34.822000,2.895056,57.090000,1.201839,0.164991,10,5000,3000,2000,2978,2022,2978,2925,53,75,53,1947,0.600000,0.595600,0.404400,0.982203,0.975000,0.595600
420,34.268000,2.977807,55.620000,1.268856,0.119694,10,5000,3000,2000,2999,2001,2999,2954,45,46,45,1955,0.600000,0.599800,0.400200,0.984995,0.984667,0.599800
421,36.866000,2.777468,58.230000,1.201005,0.193644,10,5000,3000,2000,3054,1946,3054,2960,94,40,94,1906,0.600000,0.610800,0.389200,0.969221,0.986667,0.610800
422,32.994000,2.970840,51.280000,1.386797,0.237802,10,5000,3000,2000,3048,1952,3048,2963,85,37,85,1915,0.600000,0.609600,0.390400,0.972113,0.987667,0.609600
423,33.980000,2.694422,53.040000,1.302836,0.218750,10,5000,3000,2000,2961,2039,2961,2904,57,96,57,1943,0.600000,0.592200,0.407800,0.980750,0.968000,0.592200
424,33.936000,2.774084,51.810000,1.390275,0.173219,10,5000,3000,2000,3045,1955,3045,2966,79,34,79,1921,0.600000,0.609000,0.391000,0.974056,0.988667,0.609000
425,35.964000,2.749599,55.600000,1.287365,0.192725,10,5000,3000,2000,3025,1975,3025,2962,63,38,63,1937,0.600000,0.605000,0.395000,0.979174,0.987333,0.605000
426,36.502000,2.784074,55.500000,1.313868,0.164296,10,5000,3000,2000,2998,2002,2998,2960,38,40,38,1962,0.600000,0.599600,0.400400,0.987325,0.986667,0.599600
427,38.888000,2.664815,59.800000,1.183640,0.116973,10,5000,3000,2000,2949,2051,2949,2912,37,88,37,1963,0.600000,0.589800,0.410200,0.987453,0.970667,0.589800
428,36.844000,2.783127,58.380000,1.192445,0.152710,10,5000,3000,2000,2985,2015,2985,2923,62,77,62,1938,0.600000,0.597000,0.403000,0.979229,0.974333,0.597000
429,36.740000,2.796252,56.110000,1.242314,0.148799,10,5000,3000,2000,3011,1989,3011,2947,64,53,64,1936,0.600000,0.602200,0.397800,0.978745,0.982333,0.602200
430,38.628000,2.717721,64.100000,1.026157,0.146451,10,5000,3000,2000,2988,2012,2988,2944,44,56,44,1956,0.600000,0.597600,0.402400,0.985274,0.981333,0.597600
431,36.630000,2.819885,56.410000,1.329312,0.181638,10,5000,3000,2000,2998,2002,2998,2968,30,32,30,1970,0.600000,0.599600,0.400400,0.989993,0.989333,0.599600
432,37.170000,2.788535,56.930000,1.298100,0.127745,10,5000,3000,2000,2993,2007,2993,2954,39,46,39,1961,0.600000,0.598600,0.401400,0.986970,0.984667,0.598600
433,36.384000,2.842090,57.370000,1.231167,0.205631,10,5000,3000,2000,3021,1979,3021,2960,61,40,61,1939,0.600000,0.604200,0.395800,0.979808,0.986667,0.604200
434,36.090000,2.918788,55.980000,1.288505,0.127604,10,5000,3000,2000,2830,2170,2830,2779,51,221,51,1949,0.600000,0.566000,0.434000,0.981979,0.926333,0.566000
435,36.662000,2.783350,60.740000,1.108340,0.215143,10,5000,3000,2000,3031,1969,3031,2940,91,60,91,1909,0.600000,0.606200,0.393800,0.969977,0.980000,0.606200
436,35.268000,2.910690,53.860000,1.327872,0.129095,10,5000,3000,2000,2986,2014,2986,2948,38,52,38,1962,0.600000,0.597200,0.402800,0.987274,0.982667,0.597200
437,34.736000,2.888018,56.150000,1.275829,0.189903,10,5000,3000,2000,3028,1972,3028,2952,76,48,76,1924,0.600000,0.605600,0.394400,0.974901,0.984000,0.605600
438,37.824000,2.792052,58.110000,1.191255,0.101687,10,5000,3000,2000,2993,2007,2993,2966,27,34,27,1973,0.600000,0.598600,0.401400,0.990979,0.988667,0.598600
439,34.130000,2.943450,56.500000,1.266274,0.139686,10,5000,3000,2000,2850,2150,2850,2782,68,218,68,1932,0.600000,0.570000,0.430000,0.976140,0.927333,0.570000
440,36.822000,2.858490,59.460000,1.205625,0.198520,10,5000,3000,2000,2889,2111,2889,2813,76,187,76,1924,0.600000,0.577800,0.422200,0.973693,0.937667,0.577800
441,36.958000,2.840208,55.160000,1.317244,0.200797,10,5000,3000,2000,3010,1990,3010,2958,52,42,52,1948,0.600000,0.602000,0.398000,0.982724,0.986000,0.602000
442,38.462000,2.800471,57.020000,1.330465,0.129627,10,5000,3000,2000,3008,1992,3008,2970,38,30,38,1962,0.600000,0.601600,0.398400,0.987367,0.990000,0.601600
443,34.314000,2.912610,51.930000,1.504286,0.246037,10,5000,3000,2000,2867,2133,2867,2796,71,204,71,1929,0.600000,0.573400,0.426600,0.975235,0.932000,0.573400
444,36.460000,2.837672,56.840000,1.258244,0.132840,10,5000,3000,2000,2852,2148,2852,2800,52,200,52,1948,0.600000,0.570400,0.429600,0.981767,0.933333,0.570400
445,40.774000,2.658897,62.590000,1.109892,0.149504,10,5000,3000,2000,3014,1986,3014,2964,50,36,50,1950,0.600000,0.602800,0.397200,0.983411,0.988000,0.602800
446,36.636000,2.892736,53.350000,1.414435,0.107251,10,5000,3000,2000,3032,1968,3032,2973,59,27,59,1941,0.600000,0.606400,0.393600,0.980541,0.991000,0.606400
447,37.890000,2.671987,59.440000,1.172972,0.195083,10,5000,3000,2000,2902,2098,2902,2820,82,180,82,1918,0.600000,0.580400,0.419600,0.971744,0.940000,0.580400
448,35.062000,2.893314,53.940000,1.311814,0.112494,10,5000,3000,2000,2986,2014,2986,2952,34,48,34,1966,0.600000,0.597200,0.402800,0.988614,0.984000,0.597200
449,39.286000,2.706605,59.770000,1.174915,0.154368,10,5000,3000,2000,2972,2028,2972,2909,63,91,63,1937,0.600000,0.594400,0.405600,0.978802,0.969667,0.594400
450,38.742000,2.727863,59.620000,1.180247,0.105700,10,5000,3000,2000,2982,2018,2982,2952,30,48,30,1970,0.600000,0.596400,0.403600,0.989940,0.984000,0.596400
451,35.772000,2.785275,56.010000,1.263129,0.177652,10,5000,3000,2000,3009,1991,3009,2954,55,46,55,1945,0.600000,0.601800,0.398200,0.981722,0.984667,0.601800
452,34.410000,2.939847,54.880000,1.342698,0.213587,10,5000,3000,2000,3005,1995,3005,2964,41,36,41,1959,0.600000,0.601000,0.399000,0.986356,0.988000,0.601000
453,35.828000,2.859637,57.210000,1.238493,0.203197,10,5000,3000,2000,2999,2001,2999,2939,60,61,60,1940,0.600000,0.599800,0.400200,0.979993,0.979667,0.599800
454,38.614000,2.791424,60.160000,1.194864,0.145663,10,5000,3000,2000,3013,1987,3013,2957,56,43,56,1944,0.600000,0.602600,0.397400,0.981414,0.985667,0.602600
455,37.788000,2.762261,62.900000,1.063927,0.144880,10,5000,3000,2000,2997,2003,2997,2961,36,39,36,1964,0.600000,0.599400,0.400600,0.987988,0.987000,0.599400
456,38.788000,2.775349,59.860000,1.199277,0.116998,10,5000,3000,2000,3001,1999,3001,2952,49,48,49,1951,0.600000,0.600200,0.399800,0.983672,0.984000,0.600200
457,35.370000,2.944867,54.630000,1.365689,0.117058,10,5000,3000,2000,2996,2004,2996,2954,42,46,42,1958,0.600000,0.599200,0.400800,0.985981,0.984667,0.599200
458,35.456000,2.856241,57.440000,1.232748,0.220022,10,5000,3000,2000,3031,1969,3031,2947,84,53,84,1916,0.600000,0.606200,0.393800,0.972286,0.982333,0.606200
459,36.916000,2.851703,57.370000,1.249819,0.129104,10,5000,3000,2000,3004,1996,3004,2963,41,37,41,1959,0.600000,0.600800,0.399200,0.986352,0.987667,0.600800
460,39.122000,2.722945,61.700000,1.095464,0.168194,10,5000,3000,2000,3027,1973,3027,2959,68,41,68,1932,0.600000,0.605400,0.394600,0.977536,0.986333,0.605400
461,36.068000,2.871131,57.700000,1.194310,0.202887,10,5000,3000,2000,2862,2138,2862,2800,62,200,62,1938,0.600000,0.572400,0.427600,0.978337,0.933333,0.572400
462,39.802000,2.768204,59.540000,1.197120,0.101215,10,5000,3000,2000,3000,2000,3000,2970,30,30,30,1970,0.600000,0.600000,0.400000,0.990000,0.990000,0.600000
463,38.168000,2.730976,59.790000,1.145219,0.211836,10,5000,3000,2000,3037,1963,3037,2951,86,49,86,1914,0.600000,0.607400,0.392600,0.971683,0.983667,0.607400
464,39.288000,2.706635,61.410000,1.131943,0.119660,10,5000,3000,2000,2875,2125,2875,2816,59,184,59,1941,0.600000,0.575000,0.425000,0.979478,0.938667,0.575000
465,35.974000,2.887449,59.080000,1.157445,0.149595,10,5000,3000,2000,2882,2118,2882,2823,59,177,59,1941,0.600000,0.576400,0.423600,0.979528,0.941000,0.576400
466,36.418000,2.919069,58.530000,1.239379,0.102611,10,5000,3000,2000,2854,2146,2854,2821,33,179,33,1967,0.600000,0.570800,0.429200,0.988437,0.940333,0.570800
467,38.500000,2.753504,58.830000,1.252663,0.134158,10,5000,3000,2000,2809,2191,2809,2769,40,231,40,1960,0.600000,0.561800,0.438200,0.985760,0.923000,0.561800
468,38.856000,2.703896,60.770000,1.143159,0.203814,10,5000,3000,2000,2956,2044,2956,2895,61,105,61,1939,0.600000,0.591200,0.408800,0.979364,0.965000,0.591200
469,35.732000,2.949922,54.340000,1.312836,0.138411,10,5000,3000,2000,3005,1995,3005,2955,50,45,50,1950,0.600000,0.601000,0.399000,0.983361,0.985000,0.601000
470,40.224000,2.708850,60.010000,1.184648,0.137205,10,5000,3000,2000,3018,1982,3018,2963,55,37,55,1945,0.600000,0.603600,0.396400,0.981776,0.987667,0.603600
471,39.372000,2.680959,59.960000,1.170613,0.195660,10,5000,3000,2000,3008,1992,3008,2955,53,45,53,1947,0.600000,0.601600,0.398400,0.982380,0.985000,0.601600
472,36.464000,2.831789,59.090000,1.169791,0.188740,10,5000,3000,2000,2992,2008,2992,2959,33,41,33,1967,0.600000,0.598400,0.401600,0.988971,0.986333,0.598400
473,32.116000,3.092177,50.890000,1.582095,0.229791,10,5000,3000,2000,2994,2006,2994,2962,32,38,32,1968,0.600000,0.598800,0.401200,0.989312,0.987333,0.598800
474,33.894000,2.829827,54.320000,1.280436,0.240598,10,5000,3000,2000,3023,1977,3023,2961,62,39,62,1938,0.600000,0.604600,0.395400,0.979491,0.987000,0.604600
475,39.044000,2.651659,57.600000,1.272005,0.162525,10,5000,3000,2000,2986,2014,2986,2942,44,58,44,1956,0.600000,0.597200,0.402800,0.985265,0.980667,0.597200
476,37.824000,2.738793,59.000000,1.177831,0.147242,10,5000,3000,2000,2987,2013,2987,2934,53,66,53,1947,0.600000,0.597400,0.402600,0.982256,0.978000,0.597400
477,35.578000,2.821122,57.130000,1.202578,0.157160,10,5000,3000,2000,2990,2010,2990,2935,55,65,55,1945,0.600000,0.598000,0.402000,0.981605,0.978333,0.598000
478,36.068000,2.845213,54.670000,1.343895,0.194978,10,5000,3000,2000,3002,1998,3002,2953,49,47,49,1951,0.600000,0.600400,0.399600,0.983678,0.984333,0.600400
479,36.692000,2.911353,58.580000,1.180976,0.109233,10,5000,3000,2000,3004,1996,3004,2969,35,31,35,1965,0.600000,0.600800,0.399200,0.988349,0.989667,0.600800
480,37.752000,2.864835,59.280000,1.185368,0.143199,10,5000,3000,2000,3000,2000,3000,2960,40,40,40,1960,0.600000,0.600000,0.400000,0.986667,0.986667,0.600000
481,34.724000,2.957840,56.060000,1.246830,0.155666,10,5000,3000,2000,2997,2003,2997,2938,59,62,59,1941,0.600000,0.599400,0.400600,0.980314,0.979333,0.599400
482,36.406000,2.912432,54.940000,1.403735,0.107776,10,5000,3000,2000,2981,2019,2981,2951,30,49,30,1970,0.600000,0.596200,0.403800,0.989936,0.983667,0.596200
483,40.360000,2.677582,59.980000,1.195129,0.107765,10,5000,3000,2000,2982,2018,2982,2954,28,46,28,1972,0.600000,0.596400,0.403600,0.990610,0.984667,0.596400
484,41.042000,2.695658,62.230000,1.101867,0.094480,10,5000,3000,2000,2988,2012,2988,2965,23,35,23,1977,0.600000,0.597600,0.402400,0.992303,0.988333,0.597600
485,39.008000,2.712779,59.390000,1.186590,0.197241,10,5000,3000,2000,3032,1968,3032,2965,67,35,67,1933,0.600000,0.606400,0.393600,0.977902,0.988333,0.606400
486,37.222000,2.812712,61.460000,1.097687,0.113022,10,5000,3000,2000,2991,2009,2991,2951,40,49,40,1960,0.600000,0.598200,0.401800,0.986627,0.983667,0.598200
487,34.936000,2.921274,53.630000,1.323003,0.205315,10,5000,3000,2000,3000,2000,3000,2951,49,49,49,1951,0.600000,0.600000,0.400000,0.983667,0.983667,0.600000
488,36.900000,2.799592,57.930000,1.177818,0.155267,10,5000,3000,2000,3007,1993,3007,2932,75,68,75,1925,0.600000,0.601400,0.398600,0.975058,0.977333,0.601400
489,35.568000,2.902158,54.930000,1.340556,0.133845,10,5000,3000,2000,3000,2000,3000,2959,41,41,41,1959,0.600000,0.600000,0.400000,0.986333,0.986333,0.600000
490,37.230000,2.815600,57.150000,1.258027,0.192741,10,5000,3000,2000,3006,1994,3006,2945,61,55,61,1939,0.600000,0.601200,0.398800,0.979707,0.981667,0.601200
491,36.842000,2.855661,60.480000,1.205847,0.126298,10,5000,3000,2000,3006,1994,3006,2967,39,33,39,1961,0.600000,0.601200,0.398800,0.987026,0.989000,0.601200
492,37.040000,2.811261,60.530000,1.160803,0.151954,10,5000,3000,2000,3004,1996,3004,2958,46,42,46,1954,0.600000,0.600800,0.399200,0.984687,0.986000,0.600800
493,38.054000,2.784716,58.920000,1.167837,0.151210,10,5000,3000,2000,3003,1997,3003,2956,47,44,47,1953,0.600000,0.600600,0.399400,0.984349,0.985333,0.600600
494,37.526000,2.782213,55.350000,1.313943,0.112414,10,5000,3000,2000,3012,1988,3012,2975,37,25,37,1963,0.600000,0.602400,0.397600,0.987716,0.991667,0.602400
495,36.022000,2.763396,53.390000,1.366738,0.195217,10,5000,3000,2000,2864,2136,2864,2826,38,174,38,1962,0.600000,0.572800,0.427200,0.986732,0.942000,0.572800
496,36.404000,2.859665,55.760000,1.285412,0.157536,10,5000,3000,2000,2983,2017,2983,2938,45,62,45,1955,0.600000,0.596600,0.403400,0.984915,0.979333,0.596600
497,40.428000,2.714696,64.850000,1.012665,0.155075,10,5000,3000,2000,2955,2045,2955,2886,69,114,69,1931,0.600000,0.591000,0.409000,0.976650,0.962000,0.591000
498,39.326000,2.727090,65.340000,0.999487,0.127275,10,5000,3000,2000,2941,2059,2941,2884,57,116,57,1943,0.600000,0.588200,0.411800,0.980619,0.961333,0.588200
499,40.722000,2.687961,62.220000,1.089299,0.118283,10,5000,3000,2000,3004,1996,3004,2956,48,44,48,1952,0.600000,0.600800,0.399200,0.984021,0.985333,0.600800
