epoch,train_acc,train_loss,test_acc,test_loss,local_train_loss,selected_clients,total_count,actual_round_clean_count,actual_round_noisy_count,fedrn_clean_count,fedrn_noisy_count,train_count,actual_train_clean_count,actual_train_noisy_count,missed_clean_count,false_clean_count,correctly_excluded_noisy_count,actual_round_clean_ratio,fedrn_clean_ratio,fedrn_noisy_ratio,actual_train_clean_ratio,clean_recall,train_ratio
0,13.304000,2.305983,15.860000,2.274457,1.564139,50,25000,15368,9632,25000,0,25000,15368,9632,0,9632,0,0.614720,1.000000,0.000000,0.614720,1.000000,1.000000
1,15.056000,2.273760,19.960000,2.219528,1.649654,50,25000,14536,10464,25000,0,25000,14536,10464,0,10464,0,0.581440,1.000000,0.000000,0.581440,1.000000,1.000000
2,16.486000,2.249493,21.820000,2.179267,1.643537,50,25000,14336,10664,25000,0,25000,14336,10664,0,10664,0,0.573440,1.000000,0.000000,0.573440,1.000000,1.000000
3,16.968000,2.242212,21.770000,2.164114,1.652047,50,25000,14136,10864,25000,0,25000,14136,10864,0,10864,0,0.565440,1.000000,0.000000,0.565440,1.000000,1.000000
4,18.472000,2.226241,24.290000,2.136674,1.507601,50,25000,15684,9316,25000,0,25000,15684,9316,0,9316,0,0.627360,1.000000,0.000000,0.627360,1.000000,1.000000
5,19.042000,2.219976,25.750000,2.119760,1.525699,50,25000,15264,9736,25000,0,25000,15264,9736,0,9736,0,0.610560,1.000000,0.000000,0.610560,1.000000,1.000000
6,19.602000,2.212553,26.560000,2.106295,1.557625,50,25000,15084,9916,25000,0,25000,15084,9916,0,9916,0,0.603360,1.000000,0.000000,0.603360,1.000000,1.000000
7,20.536000,2.209647,26.840000,2.099633,1.592104,50,25000,14776,10224,25000,0,25000,14776,10224,0,10224,0,0.591040,1.000000,0.000000,0.591040,1.000000,1.000000
8,20.392000,2.203510,27.770000,2.087041,1.451995,50,25000,16124,8876,25000,0,25000,16124,8876,0,8876,0,0.644960,1.000000,0.000000,0.644960,1.000000,1.000000
9,21.518000,2.189821,30.450000,2.062199,1.579336,50,25000,14788,10212,25000,0,25000,14788,10212,0,10212,0,0.591520,1.000000,0.000000,0.591520,1.000000,1.000000
10,22.328000,2.184964,30.390000,2.059226,1.536138,50,25000,15144,9856,25000,0,25000,15144,9856,0,9856,0,0.605760,1.000000,0.000000,0.605760,1.000000,1.000000
11,22.430000,2.181326,31.870000,2.040769,1.506293,50,25000,15068,9932,25000,0,25000,15068,9932,0,9932,0,0.602720,1.000000,0.000000,0.602720,1.000000,1.000000
12,22.246000,2.172900,31.940000,2.026951,1.448483,50,25000,15948,9052,25000,0,25000,15948,9052,0,9052,0,0.637920,1.000000,0.000000,0.637920,1.000000,1.000000
13,23.140000,2.177268,31.780000,2.039351,1.409116,50,25000,15984,9016,25000,0,25000,15984,9016,0,9016,0,0.639360,1.000000,0.000000,0.639360,1.000000,1.000000
14,22.908000,2.172470,31.950000,2.035105,1.557037,50,25000,14752,10248,25000,0,25000,14752,10248,0,10248,0,0.590080,1.000000,0.000000,0.590080,1.000000,1.000000
15,22.452000,2.177500,29.230000,2.048327,1.536924,50,25000,14976,10024,25000,0,25000,14976,10024,0,10024,0,0.599040,1.000000,0.000000,0.599040,1.000000,1.000000
16,22.270000,2.170578,30.330000,2.041723,1.591940,50,25000,14508,10492,25000,0,25000,14508,10492,0,10492,0,0.580320,1.000000,0.000000,0.580320,1.000000,1.000000
17,23.190000,2.165269,31.580000,2.024992,1.557777,50,25000,14772,10228,25000,0,25000,14772,10228,0,10228,0,0.590880,1.000000,0.000000,0.590880,1.000000,1.000000
18,23.898000,2.161510,33.330000,2.016408,1.548780,50,25000,14644,10356,25000,0,25000,14644,10356,0,10356,0,0.585760,1.000000,0.000000,0.585760,1.000000,1.000000
19,24.200000,2.160422,34.560000,2.013491,1.485838,50,25000,15372,9628,25000,0,25000,15372,9628,0,9628,0,0.614880,1.000000,0.000000,0.614880,1.000000,1.000000
20,23.332000,2.163247,32.120000,2.026857,1.607280,50,25000,13976,11024,25000,0,25000,13976,11024,0,11024,0,0.559040,1.000000,0.000000,0.559040,1.000000,1.000000
21,23.288000,2.160180,30.880000,2.020630,1.445610,50,25000,15836,9164,25000,0,25000,15836,9164,0,9164,0,0.633440,1.000000,0.000000,0.633440,1.000000,1.000000
22,24.480000,2.153639,32.310000,2.008718,1.500443,50,25000,15064,9936,25000,0,25000,15064,9936,0,9936,0,0.602560,1.000000,0.000000,0.602560,1.000000,1.000000
23,23.786000,2.154194,32.300000,2.010367,1.455158,50,25000,15352,9648,25000,0,25000,15352,9648,0,9648,0,0.614080,1.000000,0.000000,0.614080,1.000000,1.000000
24,25.182000,2.141697,34.990000,1.987357,1.500167,50,25000,14924,10076,25000,0,25000,14924,10076,0,10076,0,0.596960,1.000000,0.000000,0.596960,1.000000,1.000000
25,24.548000,2.144533,33.300000,1.992433,1.505566,50,25000,15236,9764,25000,0,25000,15236,9764,0,9764,0,0.609440,1.000000,0.000000,0.609440,1.000000,1.000000
26,24.518000,2.142512,33.830000,1.988511,1.536634,50,25000,14680,10320,25000,0,25000,14680,10320,0,10320,0,0.587200,1.000000,0.000000,0.587200,1.000000,1.000000
27,24.602000,2.144112,33.520000,1.992695,1.456035,50,25000,15732,9268,25000,0,25000,15732,9268,0,9268,0,0.629280,1.000000,0.000000,0.629280,1.000000,1.000000
28,25.382000,2.135165,35.150000,1.974475,1.463674,50,25000,15304,9696,25000,0,25000,15304,9696,0,9696,0,0.612160,1.000000,0.000000,0.612160,1.000000,1.000000
29,23.598000,2.152774,30.300000,2.017052,1.555138,50,25000,14700,10300,25000,0,25000,14700,10300,0,10300,0,0.588000,1.000000,0.000000,0.588000,1.000000,1.000000
30,25.272000,2.140523,34.450000,1.993372,1.532540,50,25000,14480,10520,25000,0,25000,14480,10520,0,10520,0,0.579200,1.000000,0.000000,0.579200,1.000000,1.000000
31,26.018000,2.131887,35.100000,1.976599,1.406837,50,25000,15816,9184,25000,0,25000,15816,9184,0,9184,0,0.632640,1.000000,0.000000,0.632640,1.000000,1.000000
32,24.354000,2.140276,34.120000,1.989219,1.629550,50,25000,13668,11332,25000,0,25000,13668,11332,0,11332,0,0.546720,1.000000,0.000000,0.546720,1.000000,1.000000
33,24.900000,2.139045,33.160000,1.996582,1.606430,50,25000,13876,11124,25000,0,25000,13876,11124,0,11124,0,0.555040,1.000000,0.000000,0.555040,1.000000,1.000000
34,23.448000,2.145891,31.670000,2.002910,1.465615,50,25000,15268,9732,25000,0,25000,15268,9732,0,9732,0,0.610720,1.000000,0.000000,0.610720,1.000000,1.000000
35,25.426000,2.132091,33.960000,1.986011,1.549932,50,25000,14476,10524,25000,0,25000,14476,10524,0,10524,0,0.579040,1.000000,0.000000,0.579040,1.000000,1.000000
36,25.582000,2.127145,34.990000,1.968162,1.438076,50,25000,15392,9608,25000,0,25000,15392,9608,0,9608,0,0.615680,1.000000,0.000000,0.615680,1.000000,1.000000
37,26.406000,2.117178,36.560000,1.953269,1.412804,50,25000,15728,9272,25000,0,25000,15728,9272,0,9272,0,0.629120,1.000000,0.000000,0.629120,1.000000,1.000000
38,26.926000,2.115350,37.210000,1.947500,1.424028,50,25000,15356,9644,25000,0,25000,15356,9644,0,9644,0,0.614240,1.000000,0.000000,0.614240,1.000000,1.000000
39,25.384000,2.131242,35.150000,1.976941,1.562462,50,25000,14032,10968,25000,0,25000,14032,10968,0,10968,0,0.561280,1.000000,0.000000,0.561280,1.000000,1.000000
40,25.982000,2.122257,35.250000,1.966351,1.418094,50,25000,15744,9256,25000,0,25000,15744,9256,0,9256,0,0.629760,1.000000,0.000000,0.629760,1.000000,1.000000
41,25.810000,2.124454,35.310000,1.964200,1.475113,50,25000,14796,10204,25000,0,25000,14796,10204,0,10204,0,0.591840,1.000000,0.000000,0.591840,1.000000,1.000000
42,25.288000,2.133592,33.260000,1.995196,1.577277,50,25000,13920,11080,25000,0,25000,13920,11080,0,11080,0,0.556800,1.000000,0.000000,0.556800,1.000000,1.000000
43,24.878000,2.131695,33.320000,1.983484,1.479268,50,25000,14724,10276,25000,0,25000,14724,10276,0,10276,0,0.588960,1.000000,0.000000,0.588960,1.000000,1.000000
44,24.998000,2.127969,34.290000,1.968191,1.490796,50,25000,14936,10064,25000,0,25000,14936,10064,0,10064,0,0.597440,1.000000,0.000000,0.597440,1.000000,1.000000
45,25.838000,2.124494,35.180000,1.962406,1.438926,50,25000,15328,9672,25000,0,25000,15328,9672,0,9672,0,0.613120,1.000000,0.000000,0.613120,1.000000,1.000000
46,26.492000,2.118850,36.500000,1.956624,1.476757,50,25000,14492,10508,25000,0,25000,14492,10508,0,10508,0,0.579680,1.000000,0.000000,0.579680,1.000000,1.000000
47,25.516000,2.125270,33.510000,1.978219,1.525098,50,25000,14192,10808,25000,0,25000,14192,10808,0,10808,0,0.567680,1.000000,0.000000,0.567680,1.000000,1.000000
48,25.746000,2.117350,35.040000,1.960168,1.433624,50,25000,15324,9676,25000,0,25000,15324,9676,0,9676,0,0.612960,1.000000,0.000000,0.612960,1.000000,1.000000
49,25.598000,2.126076,34.640000,1.979765,1.524104,50,25000,14212,10788,25000,0,25000,14212,10788,0,10788,0,0.568480,1.000000,0.000000,0.568480,1.000000,1.000000
50,26.272000,2.113231,34.310000,1.960173,1.395276,50,25000,15492,9508,25000,0,25000,15492,9508,0,9508,0,0.619680,1.000000,0.000000,0.619680,1.000000,1.000000
51,25.556000,2.118738,33.930000,1.965746,1.419229,50,25000,15336,9664,25000,0,25000,15336,9664,0,9664,0,0.613440,1.000000,0.000000,0.613440,1.000000,1.000000
52,26.060000,2.117995,34.750000,1.963190,1.492823,50,25000,14392,10608,25000,0,25000,14392,10608,0,10608,0,0.575680,1.000000,0.000000,0.575680,1.000000,1.000000
53,25.804000,2.118305,34.380000,1.960428,1.420572,50,25000,14952,10048,25000,0,25000,14952,10048,0,10048,0,0.598080,1.000000,0.000000,0.598080,1.000000,1.000000
54,26.238000,2.113318,34.870000,1.956915,1.399045,50,25000,15496,9504,25000,0,25000,15496,9504,0,9504,0,0.619840,1.000000,0.000000,0.619840,1.000000,1.000000
55,26.150000,2.115646,35.200000,1.952967,1.420385,50,25000,15264,9736,25000,0,25000,15264,9736,0,9736,0,0.610560,1.000000,0.000000,0.610560,1.000000,1.000000
56,26.558000,2.112560,35.860000,1.954814,1.540978,50,25000,13876,11124,25000,0,25000,13876,11124,0,11124,0,0.555040,1.000000,0.000000,0.555040,1.000000,1.000000
57,25.862000,2.116400,33.330000,1.970140,1.452877,50,25000,14744,10256,25000,0,25000,14744,10256,0,10256,0,0.589760,1.000000,0.000000,0.589760,1.000000,1.000000
58,26.156000,2.113295,34.890000,1.965406,1.443955,50,25000,15160,9840,25000,0,25000,15160,9840,0,9840,0,0.606400,1.000000,0.000000,0.606400,1.000000,1.000000
59,24.978000,2.122153,32.360000,1.979190,1.433809,50,25000,15052,9948,25000,0,25000,15052,9948,0,9948,0,0.602080,1.000000,0.000000,0.602080,1.000000,1.000000
60,25.398000,2.115608,32.680000,1.974895,1.484145,50,25000,14616,10384,25000,0,25000,14616,10384,0,10384,0,0.584640,1.000000,0.000000,0.584640,1.000000,1.000000
61,26.584000,2.101557,35.030000,1.936184,1.334607,50,25000,15940,9060,25000,0,25000,15940,9060,0,9060,0,0.637600,1.000000,0.000000,0.637600,1.000000,1.000000
62,26.410000,2.101888,35.510000,1.935226,1.396982,50,25000,15280,9720,25000,0,25000,15280,9720,0,9720,0,0.611200,1.000000,0.000000,0.611200,1.000000,1.000000
63,26.900000,2.098401,35.310000,1.940403,1.388523,50,25000,15544,9456,25000,0,25000,15544,9456,0,9456,0,0.621760,1.000000,0.000000,0.621760,1.000000,1.000000
64,26.830000,2.101906,35.690000,1.940499,1.372361,50,25000,15700,9300,25000,0,25000,15700,9300,0,9300,0,0.628000,1.000000,0.000000,0.628000,1.000000,1.000000
65,26.784000,2.101543,35.230000,1.939792,1.435737,50,25000,14820,10180,25000,0,25000,14820,10180,0,10180,0,0.592800,1.000000,0.000000,0.592800,1.000000,1.000000
66,26.608000,2.108148,34.660000,1.954018,1.458591,50,25000,14660,10340,25000,0,25000,14660,10340,0,10340,0,0.586400,1.000000,0.000000,0.586400,1.000000,1.000000
67,25.098000,2.120461,31.700000,1.980859,1.472970,50,25000,14476,10524,25000,0,25000,14476,10524,0,10524,0,0.579040,1.000000,0.000000,0.579040,1.000000,1.000000
68,26.918000,2.100548,35.790000,1.935798,1.378950,50,25000,15316,9684,25000,0,25000,15316,9684,0,9684,0,0.612640,1.000000,0.000000,0.612640,1.000000,1.000000
69,25.636000,2.115007,33.490000,1.969000,1.508623,50,25000,14028,10972,25000,0,25000,14028,10972,0,10972,0,0.561120,1.000000,0.000000,0.561120,1.000000,1.000000
70,26.210000,2.110575,34.160000,1.958791,1.451167,50,25000,14556,10444,25000,0,25000,14556,10444,0,10444,0,0.582240,1.000000,0.000000,0.582240,1.000000,1.000000
71,26.684000,2.099398,35.350000,1.943586,1.431339,50,25000,14796,10204,25000,0,25000,14796,10204,0,10204,0,0.591840,1.000000,0.000000,0.591840,1.000000,1.000000
72,27.248000,2.090768,36.090000,1.918254,1.363250,50,25000,15448,9552,25000,0,25000,15448,9552,0,9552,0,0.617920,1.000000,0.000000,0.617920,1.000000,1.000000
73,25.730000,2.106539,33.110000,1.952851,1.307980,50,25000,16132,8868,25000,0,25000,16132,8868,0,8868,0,0.645280,1.000000,0.000000,0.645280,1.000000,1.000000
74,26.052000,2.107885,33.300000,1.953224,1.388343,50,25000,15008,9992,25000,0,25000,15008,9992,0,9992,0,0.600320,1.000000,0.000000,0.600320,1.000000,1.000000
75,26.644000,2.102681,34.840000,1.941036,1.352188,50,25000,15592,9408,25000,0,25000,15592,9408,0,9408,0,0.623680,1.000000,0.000000,0.623680,1.000000,1.000000
76,27.234000,2.097326,35.840000,1.938046,1.442931,50,25000,14772,10228,25000,0,25000,14772,10228,0,10228,0,0.590880,1.000000,0.000000,0.590880,1.000000,1.000000
77,26.158000,2.103837,33.430000,1.954433,1.322475,50,25000,15928,9072,25000,0,25000,15928,9072,0,9072,0,0.637120,1.000000,0.000000,0.637120,1.000000,1.000000
78,27.256000,2.087412,35.410000,1.923003,1.392211,50,25000,15068,9932,25000,0,25000,15068,9932,0,9932,0,0.602720,1.000000,0.000000,0.602720,1.000000,1.000000
79,25.624000,2.111572,32.140000,1.971703,1.381013,50,25000,15644,9356,25000,0,25000,15644,9356,0,9356,0,0.625760,1.000000,0.000000,0.625760,1.000000,1.000000
80,25.628000,2.110460,32.710000,1.972178,1.445397,50,25000,14560,10440,25000,0,25000,14560,10440,0,10440,0,0.582400,1.000000,0.000000,0.582400,1.000000,1.000000
81,26.404000,2.102241,33.460000,1.958570,1.358815,50,25000,15372,9628,25000,0,25000,15372,9628,0,9628,0,0.614880,1.000000,0.000000,0.614880,1.000000,1.000000
82,26.268000,2.102209,33.730000,1.957930,1.393269,50,25000,15220,9780,25000,0,25000,15220,9780,0,9780,0,0.608800,1.000000,0.000000,0.608800,1.000000,1.000000
83,26.280000,2.101177,33.650000,1.956792,1.409768,50,25000,14560,10440,25000,0,25000,14560,10440,0,10440,0,0.582400,1.000000,0.000000,0.582400,1.000000,1.000000
84,26.088000,2.105297,33.710000,1.949591,1.439831,50,25000,14672,10328,25000,0,25000,14672,10328,0,10328,0,0.586880,1.000000,0.000000,0.586880,1.000000,1.000000
85,25.364000,2.109376,32.420000,1.969508,1.360387,50,25000,15280,9720,25000,0,25000,15280,9720,0,9720,0,0.611200,1.000000,0.000000,0.611200,1.000000,1.000000
86,25.144000,2.110621,32.510000,1.958693,1.452559,50,25000,14536,10464,25000,0,25000,14536,10464,0,10464,0,0.581440,1.000000,0.000000,0.581440,1.000000,1.000000
87,26.206000,2.095200,33.510000,1.937753,1.297006,50,25000,15912,9088,25000,0,25000,15912,9088,0,9088,0,0.636480,1.000000,0.000000,0.636480,1.000000,1.000000
88,25.888000,2.104882,32.600000,1.962194,1.430296,50,25000,14680,10320,25000,0,25000,14680,10320,0,10320,0,0.587200,1.000000,0.000000,0.587200,1.000000,1.000000
89,26.692000,2.095333,35.140000,1.941063,1.371423,50,25000,15192,9808,25000,0,25000,15192,9808,0,9808,0,0.607680,1.000000,0.000000,0.607680,1.000000,1.000000
90,25.886000,2.105161,33.280000,1.957709,1.319591,50,25000,15668,9332,25000,0,25000,15668,9332,0,9332,0,0.626720,1.000000,0.000000,0.626720,1.000000,1.000000
91,25.738000,2.105549,32.670000,1.968175,1.356595,50,25000,15144,9856,25000,0,25000,15144,9856,0,9856,0,0.605760,1.000000,0.000000,0.605760,1.000000,1.000000
92,25.710000,2.106714,32.150000,1.975945,1.469120,50,25000,13992,11008,25000,0,25000,13992,11008,0,11008,0,0.559680,1.000000,0.000000,0.559680,1.000000,1.000000
93,26.870000,2.094870,34.860000,1.945799,1.282608,50,25000,15912,9088,25000,0,25000,15912,9088,0,9088,0,0.636480,1.000000,0.000000,0.636480,1.000000,1.000000
94,25.548000,2.108982,32.490000,1.972723,1.455934,50,25000,14112,10888,25000,0,25000,14112,10888,0,10888,0,0.564480,1.000000,0.000000,0.564480,1.000000,1.000000
95,25.850000,2.098922,33.710000,1.945257,1.258369,50,25000,16224,8776,25000,0,25000,16224,8776,0,8776,0,0.648960,1.000000,0.000000,0.648960,1.000000,1.000000
96,26.464000,2.092205,33.980000,1.941442,1.396367,50,25000,14520,10480,25000,0,25000,14520,10480,0,10480,0,0.580800,1.000000,0.000000,0.580800,1.000000,1.000000
97,25.314000,2.108465,31.600000,1.983215,1.457253,50,25000,13948,11052,25000,0,25000,13948,11052,0,11052,0,0.557920,1.000000,0.000000,0.557920,1.000000,1.000000
98,25.534000,2.106734,31.560000,1.978327,1.352368,50,25000,15268,9732,25000,0,25000,15268,9732,0,9732,0,0.610720,1.000000,0.000000,0.610720,1.000000,1.000000
99,26.424000,2.093717,33.320000,1.954367,1.396348,50,25000,14816,10184,25000,0,25000,14816,10184,0,10184,0,0.592640,1.000000,0.000000,0.592640,1.000000,1.000000
100,29.560000,2.063105,39.320000,1.793321,0.415033,50,25000,15516,9484,16244,8756,16244,15033,1211,483,1211,8273,0.620640,0.649760,0.350240,0.925449,0.968871,0.649760
101,31.728000,2.014321,44.160000,1.653977,0.418312,50,25000,15560,9440,16389,8611,16389,15194,1195,366,1195,8245,0.622400,0.655560,0.344440,0.927085,0.976478,0.655560
102,32.336000,2.025245,44.610000,1.622022,0.420667,50,25000,14404,10596,15258,9742,15258,14118,1140,286,1140,9456,0.576160,0.610320,0.389680,0.925285,0.980144,0.610320
103,31.462000,2.046660,45.420000,1.566680,0.376655,50,25000,15572,9428,16059,8941,16059,15199,860,373,860,8568,0.622880,0.642360,0.357640,0.946447,0.976047,0.642360
104,32.480000,2.035492,46.350000,1.551783,0.378595,50,25000,15068,9932,15792,9208,15792,14761,1031,307,1031,8901,0.602720,0.631680,0.368320,0.934714,0.979626,0.631680
105,33.980000,2.022254,48.070000,1.502284,0.312697,50,25000,15120,9880,15496,9504,15496,14806,690,314,690,9190,0.604800,0.619840,0.380160,0.955472,0.979233,0.619840
106,34.608000,2.016672,49.740000,1.476674,0.344385,50,25000,15428,9572,15939,9061,15939,15108,831,320,831,8741,0.617120,0.637560,0.362440,0.947864,0.979258,0.637560
107,33.234000,2.050180,48.240000,1.473062,0.332581,50,25000,14760,10240,15273,9727,15273,14405,868,355,868,9372,0.590400,0.610920,0.389080,0.943168,0.975949,0.610920
108,35.088000,2.025531,50.810000,1.444557,0.350887,50,25000,14996,10004,15643,9357,15643,14686,957,310,957,9047,0.599840,0.625720,0.374280,0.938822,0.979328,0.625720
109,34.496000,2.033819,49.700000,1.442854,0.374189,50,25000,14300,10700,14999,10001,14999,13979,1020,321,1020,9680,0.572000,0.599960,0.400040,0.931995,0.977552,0.599960
110,34.434000,2.042875,50.050000,1.437506,0.358223,50,25000,14916,10084,15616,9384,15616,14513,1103,403,1103,8981,0.596640,0.624640,0.375360,0.929367,0.972982,0.624640
111,33.488000,2.068164,49.370000,1.425917,0.361054,50,25000,15376,9624,15801,9199,15801,14923,878,453,878,8746,0.615040,0.632040,0.367960,0.944434,0.970539,0.632040
112,35.054000,2.069046,52.310000,1.369067,0.246180,50,25000,15796,9204,15838,9162,15838,15421,417,375,417,8787,0.631840,0.633520,0.366480,0.973671,0.976260,0.633520
113,34.606000,2.099486,51.020000,1.385533,0.228957,50,25000,16084,8916,15874,9126,15874,15565,309,519,309,8607,0.643360,0.634960,0.365040,0.980534,0.967732,0.634960
114,35.218000,2.082411,50.260000,1.400325,0.328267,50,25000,15012,9988,15378,9622,15378,14560,818,452,818,9170,0.600480,0.615120,0.384880,0.946807,0.969891,0.615120
115,35.210000,2.080198,53.100000,1.353455,0.316998,50,25000,14336,10664,14572,10428,14572,13698,874,638,874,9790,0.573440,0.582880,0.417120,0.940022,0.955497,0.582880
116,34.992000,2.092574,51.110000,1.376087,0.281173,50,25000,16064,8936,16547,8453,16547,15642,905,422,905,8031,0.642560,0.661880,0.338120,0.945307,0.973730,0.661880
117,35.740000,2.079813,51.090000,1.388843,0.287564,50,25000,15352,9648,15461,9539,15461,14683,778,669,778,8870,0.614080,0.618440,0.381560,0.949680,0.956423,0.618440
118,36.592000,2.068284,52.060000,1.366990,0.301924,50,25000,14416,10584,14402,10598,14402,13777,625,639,625,9959,0.576640,0.576080,0.423920,0.956603,0.955674,0.576080
119,36.208000,2.076493,55.000000,1.330960,0.286515,50,25000,14892,10108,15039,9961,15039,14262,777,630,777,9331,0.595680,0.601560,0.398440,0.948334,0.957695,0.601560
120,36.438000,2.077937,53.170000,1.346901,0.275098,50,25000,15372,9628,15466,9534,15466,14672,794,700,794,8834,0.614880,0.618640,0.381360,0.948662,0.954463,0.618640
121,35.216000,2.126574,53.490000,1.320378,0.273787,50,25000,14656,10344,14640,10360,14640,14014,626,642,626,9718,0.586240,0.585600,0.414400,0.957240,0.956195,0.585600
122,35.740000,2.128571,53.200000,1.357130,0.268649,50,25000,15248,9752,15477,9523,15477,14862,615,386,615,9137,0.609920,0.619080,0.380920,0.960264,0.974685,0.619080
123,35.612000,2.124061,53.630000,1.321049,0.291082,50,25000,14712,10288,14861,10139,14861,14229,632,483,632,9656,0.588480,0.594440,0.405560,0.957473,0.967170,0.594440
124,37.660000,2.092318,55.450000,1.286006,0.244520,50,25000,14988,10012,14863,10137,14863,14487,376,501,376,9636,0.599520,0.594520,0.405480,0.974702,0.966573,0.594520
125,36.950000,2.106451,54.830000,1.294830,0.294339,50,25000,14316,10684,14795,10205,14795,13961,834,355,834,9850,0.572640,0.591800,0.408200,0.943630,0.975203,0.591800
126,37.054000,2.107553,54.770000,1.301138,0.268837,50,25000,15300,9700,15690,9310,15690,14934,756,366,756,8944,0.612000,0.627600,0.372400,0.951816,0.976078,0.627600
127,36.802000,2.095022,55.110000,1.302725,0.349184,50,25000,14172,10828,14554,10446,14554,13514,1040,658,1040,9788,0.566880,0.582160,0.417840,0.928542,0.953570,0.582160
128,34.702000,2.160978,54.130000,1.309179,0.247691,50,25000,15368,9632,15350,9650,15350,14599,751,769,751,8881,0.614720,0.614000,0.386000,0.951075,0.949961,0.614000
129,37.214000,2.101887,55.850000,1.299591,0.294594,50,25000,15308,9692,15765,9235,15765,14938,827,370,827,8865,0.612320,0.630600,0.369400,0.947542,0.975830,0.630600
130,36.102000,2.136119,53.870000,1.306140,0.285154,50,25000,15236,9764,15199,9801,15199,14357,842,879,842,8922,0.609440,0.607960,0.392040,0.944602,0.942308,0.607960
131,35.408000,2.150908,53.710000,1.294364,0.305765,50,25000,14640,10360,15100,9900,15100,14263,837,377,837,9523,0.585600,0.604000,0.396000,0.944570,0.974249,0.604000
132,37.302000,2.106910,55.660000,1.284561,0.296506,50,25000,15364,9636,15706,9294,15706,14685,1021,679,1021,8615,0.614560,0.628240,0.371760,0.934993,0.955806,0.628240
133,36.360000,2.130843,53.590000,1.323666,0.315323,50,25000,14892,10108,15264,9736,15264,14223,1041,669,1041,9067,0.595680,0.610560,0.389440,0.931800,0.955077,0.610560
134,37.342000,2.116583,55.330000,1.285536,0.278196,50,25000,15144,9856,15397,9603,15397,14544,853,600,853,9003,0.605760,0.615880,0.384120,0.944600,0.960380,0.615880
135,36.078000,2.152236,53.790000,1.325782,0.262543,50,25000,14280,10720,14367,10633,14367,13557,810,723,810,9910,0.571200,0.574680,0.425320,0.943621,0.949370,0.574680
136,37.116000,2.132594,54.860000,1.284403,0.219181,50,25000,15552,9448,15001,9999,15001,14608,393,944,393,9055,0.622080,0.600040,0.399960,0.973802,0.939300,0.600040
137,35.868000,2.160725,53.270000,1.313020,0.287893,50,25000,14888,10112,15403,9597,15403,14381,1022,507,1022,9090,0.595520,0.616120,0.383880,0.933649,0.965946,0.616120
138,37.676000,2.133750,55.490000,1.264028,0.251802,50,25000,14852,10148,14993,10007,14993,14230,763,622,763,9385,0.594080,0.599720,0.400280,0.949110,0.958120,0.599720
139,37.752000,2.136369,55.260000,1.274310,0.277091,50,25000,15196,9804,15508,9492,15508,14736,772,460,772,9032,0.607840,0.620320,0.379680,0.950219,0.969729,0.620320
140,37.814000,2.138839,55.120000,1.285927,0.260926,50,25000,14968,10032,15257,9743,15257,14487,770,481,770,9262,0.598720,0.610280,0.389720,0.949531,0.967865,0.610280
141,36.368000,2.184495,54.060000,1.291725,0.262936,50,25000,14904,10096,15135,9865,15135,14163,972,741,972,9124,0.596160,0.605400,0.394600,0.935778,0.950282,0.605400
142,37.490000,2.144664,56.510000,1.252510,0.241553,50,25000,15060,9940,14935,10065,14935,14330,605,730,605,9335,0.602400,0.597400,0.402600,0.959491,0.951527,0.597400
143,36.762000,2.177129,56.270000,1.256950,0.221544,50,25000,15596,9404,15255,9745,15255,14881,374,715,374,9030,0.623840,0.610200,0.389800,0.975483,0.954155,0.610200
144,36.864000,2.188413,55.430000,1.271248,0.250435,50,25000,14744,10256,15126,9874,15126,14399,727,345,727,9529,0.589760,0.605040,0.394960,0.951937,0.976601,0.605040
145,37.658000,2.174452,54.790000,1.291088,0.209294,50,25000,15536,9464,15270,9730,15270,14859,411,677,411,9053,0.621440,0.610800,0.389200,0.973084,0.956424,0.610800
146,37.440000,2.167032,56.350000,1.240868,0.246849,50,25000,14840,10160,14814,10186,14814,14219,595,621,595,9565,0.593600,0.592560,0.407440,0.959835,0.958154,0.592560
147,37.842000,2.151100,56.500000,1.233716,0.299066,50,25000,15052,9948,15353,9647,15353,14346,1007,706,1007,8941,0.602080,0.614120,0.385880,0.934410,0.953096,0.614120
148,37.708000,2.159488,56.640000,1.231494,0.276542,50,25000,14516,10484,14387,10613,14387,13631,756,885,756,9728,0.580640,0.575480,0.424520,0.947453,0.939033,0.575480
149,38.206000,2.153331,57.510000,1.214962,0.213688,50,25000,15508,9492,15016,9984,15016,14667,349,841,349,9143,0.620320,0.600640,0.399360,0.976758,0.945770,0.600640
150,38.434000,2.155125,56.680000,1.235750,0.281236,50,25000,15368,9632,15860,9140,15860,14999,861,369,861,8771,0.614720,0.634400,0.365600,0.945712,0.975989,0.634400
151,37.542000,2.179077,55.260000,1.275596,0.275836,50,25000,14668,10332,15223,9777,15223,14320,903,348,903,9429,0.586720,0.608920,0.391080,0.940682,0.976275,0.608920
152,38.482000,2.160598,57.590000,1.228004,0.209287,50,25000,15168,9832,14973,10027,14973,14590,383,578,383,9449,0.606720,0.598920,0.401080,0.974421,0.961893,0.598920
153,38.096000,2.170029,56.850000,1.241624,0.258254,50,25000,15800,9200,16074,8926,16074,15127,947,673,947,8253,0.632000,0.642960,0.357040,0.941085,0.957405,0.642960
154,38.248000,2.184340,56.520000,1.242731,0.246475,50,25000,15044,9956,15260,9740,15260,14515,745,529,745,9211,0.601760,0.610400,0.389600,0.951180,0.964836,0.610400
155,36.720000,2.216166,54.570000,1.261082,0.244278,50,25000,14960,10040,14922,10078,14922,14258,664,702,664,9376,0.598400,0.596880,0.403120,0.955502,0.953075,0.596880
156,38.536000,2.190619,57.520000,1.240908,0.216337,50,25000,15520,9480,15141,9859,15141,14597,544,923,544,8936,0.620800,0.605640,0.394360,0.964071,0.940528,0.605640
157,38.618000,2.172327,57.600000,1.221568,0.244632,50,25000,15012,9988,14868,10132,14868,14256,612,756,612,9376,0.600480,0.594720,0.405280,0.958838,0.949640,0.594720
158,36.936000,2.231261,54.890000,1.273881,0.274818,50,25000,15548,9452,15860,9140,15860,15153,707,395,707,8745,0.621920,0.634400,0.365600,0.955422,0.974595,0.634400
159,38.218000,2.190504,56.420000,1.231368,0.239209,50,25000,15500,9500,15287,9713,15287,14716,571,784,571,8929,0.620000,0.611480,0.388520,0.962648,0.949419,0.611480
160,38.400000,2.196223,56.610000,1.224308,0.230673,50,25000,15776,9224,15554,9446,15554,14874,680,902,680,8544,0.631040,0.622160,0.377840,0.956281,0.942825,0.622160
161,38.210000,2.215479,56.740000,1.253872,0.207044,50,25000,15284,9716,15112,9888,15112,14601,511,683,511,9205,0.611360,0.604480,0.395520,0.966186,0.955313,0.604480
162,37.920000,2.213808,57.760000,1.213114,0.294698,50,25000,15080,9920,15255,9745,15255,14419,836,661,836,9084,0.603200,0.610200,0.389800,0.945198,0.956167,0.610200
163,38.172000,2.220531,57.250000,1.235525,0.199673,50,25000,16176,8824,15933,9067,15933,15503,430,673,430,8394,0.647040,0.637320,0.362680,0.973012,0.958395,0.637320
164,37.562000,2.240586,56.990000,1.230769,0.234121,50,25000,15360,9640,15472,9528,15472,14923,549,437,549,9091,0.614400,0.618880,0.381120,0.964517,0.971549,0.618880
165,37.824000,2.219902,56.820000,1.235597,0.255512,50,25000,15076,9924,15062,9938,15062,14322,740,754,740,9184,0.603040,0.602480,0.397520,0.950870,0.949987,0.602480
166,36.524000,2.263819,57.060000,1.210520,0.252880,50,25000,14716,10284,14829,10171,14829,14092,737,624,737,9547,0.588640,0.593160,0.406840,0.950300,0.957597,0.593160
167,36.842000,2.264648,55.370000,1.253149,0.273909,50,25000,13916,11084,14672,10328,14672,13627,1045,289,1045,10039,0.556640,0.586880,0.413120,0.928776,0.979233,0.586880
168,38.584000,2.198625,57.040000,1.227786,0.233982,50,25000,14988,10012,15069,9931,15069,14246,823,742,823,9189,0.599520,0.602760,0.397240,0.945385,0.950494,0.602760
169,37.848000,2.232624,58.110000,1.196288,0.264211,50,25000,14596,10404,14851,10149,14851,13963,888,633,888,9516,0.583840,0.594040,0.405960,0.940206,0.956632,0.594040
170,38.114000,2.229107,57.500000,1.205372,0.226793,50,25000,14904,10096,14856,10144,14856,14316,540,588,540,9556,0.596160,0.594240,0.405760,0.963651,0.960548,0.594240
171,36.928000,2.259468,54.350000,1.261020,0.170260,50,25000,16252,8748,15749,9251,15749,15449,300,803,300,8448,0.650080,0.629960,0.370040,0.980951,0.950591,0.629960
172,38.624000,2.218584,57.550000,1.220978,0.228781,50,25000,15036,9964,15139,9861,15139,14530,609,506,609,9355,0.601440,0.605560,0.394440,0.959773,0.966347,0.605560
173,37.890000,2.238210,57.890000,1.196413,0.192441,50,25000,15124,9876,14545,10455,14545,14185,360,939,360,9516,0.604960,0.581800,0.418200,0.975249,0.937913,0.581800
174,38.164000,2.243339,56.730000,1.222351,0.236888,50,25000,14896,10104,14973,10027,14973,14314,659,582,659,9445,0.595840,0.598920,0.401080,0.955987,0.960929,0.598920
175,38.228000,2.229012,55.940000,1.243905,0.262798,50,25000,14204,10796,14595,10405,14595,13735,860,469,860,9936,0.568160,0.583800,0.416200,0.941076,0.966981,0.583800
176,37.320000,2.237008,56.880000,1.209110,0.254241,50,25000,14932,10068,15130,9870,15130,14312,818,620,818,9250,0.597280,0.605200,0.394800,0.945935,0.958478,0.605200
177,38.554000,2.222342,57.830000,1.212684,0.233096,50,25000,14688,10312,14865,10135,14865,13997,868,691,868,9444,0.587520,0.594600,0.405400,0.941608,0.952955,0.594600
178,38.290000,2.226414,58.160000,1.200673,0.258151,50,25000,14116,10884,14355,10645,14355,13439,916,677,916,9968,0.564640,0.574200,0.425800,0.936189,0.952040,0.574200
179,38.238000,2.225055,57.480000,1.219175,0.292562,50,25000,14728,10272,15119,9881,15119,14090,1029,638,1029,9243,0.589120,0.604760,0.395240,0.931940,0.956681,0.604760
180,38.368000,2.227025,55.670000,1.254408,0.211557,50,25000,15528,9472,15190,9810,15190,14561,629,967,629,8843,0.621120,0.607600,0.392400,0.958591,0.937725,0.607600
181,38.118000,2.224703,58.070000,1.192505,0.247846,50,25000,14456,10544,14536,10464,14536,13628,908,828,908,9636,0.578240,0.581440,0.418560,0.937534,0.942723,0.581440
182,37.588000,2.252773,55.080000,1.280110,0.248695,50,25000,15588,9412,15724,9276,15724,14744,980,844,980,8432,0.623520,0.628960,0.371040,0.937675,0.945856,0.628960
183,37.848000,2.261629,55.510000,1.246189,0.170345,50,25000,15244,9756,14884,10116,14884,14403,481,841,481,9275,0.609760,0.595360,0.404640,0.967683,0.944831,0.595360
184,39.218000,2.205691,58.200000,1.196503,0.183847,50,25000,15748,9252,14946,10054,14946,14560,386,1188,386,8866,0.629920,0.597840,0.402160,0.974174,0.924562,0.597840
185,36.692000,2.267460,54.520000,1.255643,0.271730,50,25000,13900,11100,14313,10687,14313,13400,913,500,913,10187,0.556000,0.572520,0.427480,0.936212,0.964029,0.572520
186,39.096000,2.224256,57.360000,1.209753,0.197542,50,25000,15284,9716,15258,9742,15258,14871,387,413,387,9329,0.611360,0.610320,0.389680,0.974636,0.972978,0.610320
187,38.754000,2.262920,57.810000,1.209056,0.194849,50,25000,15680,9320,15514,9486,15514,15024,490,656,490,8830,0.627200,0.620560,0.379440,0.968416,0.958163,0.620560
188,39.060000,2.255157,58.370000,1.173899,0.232925,50,25000,15632,9368,15632,9368,15632,14931,701,701,701,8667,0.625280,0.625280,0.374720,0.955156,0.955156,0.625280
189,38.916000,2.269183,56.830000,1.214450,0.170699,50,25000,15124,9876,14720,10280,14720,14418,302,706,302,9574,0.604960,0.588800,0.411200,0.979484,0.953319,0.588800
190,38.568000,2.261587,58.140000,1.183283,0.204933,50,25000,14748,10252,14818,10182,14818,14303,515,445,515,9737,0.589920,0.592720,0.407280,0.965245,0.969826,0.592720
191,37.710000,2.295530,56.570000,1.212223,0.209840,50,25000,15364,9636,15228,9772,15228,14662,566,702,566,9070,0.614560,0.609120,0.390880,0.962832,0.954309,0.609120
192,39.258000,2.238420,58.930000,1.171012,0.243767,50,25000,14488,10512,14858,10142,14858,13815,1043,673,1043,9469,0.579520,0.594320,0.405680,0.929802,0.953548,0.594320
193,39.584000,2.241243,58.990000,1.179641,0.150943,50,25000,15428,9572,14928,10072,14928,14656,272,772,272,9300,0.617120,0.597120,0.402880,0.981779,0.949961,0.597120
194,38.358000,2.276785,57.310000,1.189696,0.247622,50,25000,14884,10116,15098,9902,15098,14310,788,574,788,9328,0.595360,0.603920,0.396080,0.947808,0.961435,0.603920
195,39.006000,2.267341,57.600000,1.197093,0.194489,50,25000,15060,9940,14814,10186,14814,14269,545,791,545,9395,0.602400,0.592560,0.407440,0.963210,0.947477,0.592560
196,39.114000,2.255571,58.270000,1.180771,0.200108,50,25000,15364,9636,15013,9987,15013,14415,598,949,598,9038,0.614560,0.600520,0.399480,0.960168,0.938232,0.600520
197,39.758000,2.244242,58.660000,1.177000,0.208973,50,25000,16028,8972,16026,8974,16026,15446,580,582,580,8392,0.641120,0.641040,0.358960,0.963809,0.963689,0.641040
198,39.080000,2.258043,56.260000,1.226124,0.195937,50,25000,15332,9668,15073,9927,15073,14570,503,762,503,9165,0.613280,0.602920,0.397080,0.966629,0.950300,0.602920
199,38.146000,2.302328,56.560000,1.221153,0.227411,50,25000,15020,9980,15420,9580,15420,14648,772,372,772,9208,0.600800,0.616800,0.383200,0.949935,0.975233,0.616800
200,38.766000,2.280018,57.240000,1.210423,0.222232,50,25000,14892,10108,15202,9798,15202,14426,776,466,776,9332,0.595680,0.608080,0.391920,0.948954,0.968708,0.608080
201,39.000000,2.264536,58.830000,1.160715,0.203172,50,25000,15336,9664,15350,9650,15350,14757,593,579,593,9071,0.613440,0.614000,0.386000,0.961368,0.962246,0.614000
202,39.608000,2.265374,57.730000,1.197045,0.183771,50,25000,15820,9180,15530,9470,15530,15039,491,781,491,8689,0.632800,0.621200,0.378800,0.968384,0.950632,0.621200
203,37.338000,2.333868,54.450000,1.257618,0.210552,50,25000,15040,9960,14886,10114,14886,14314,572,726,572,9388,0.601600,0.595440,0.404560,0.961575,0.951729,0.595440
204,40.134000,2.263351,59.010000,1.178073,0.175289,50,25000,15524,9476,15018,9982,15018,14678,340,846,340,9136,0.620960,0.600720,0.399280,0.977361,0.945504,0.600720
205,39.192000,2.291688,58.350000,1.185076,0.244610,50,25000,14792,10208,14938,10062,14938,14118,820,674,820,9388,0.591680,0.597520,0.402480,0.945106,0.954435,0.597520
206,38.366000,2.269924,57.940000,1.187927,0.269911,50,25000,14568,10432,14980,10020,14980,13883,1097,685,1097,9335,0.582720,0.599200,0.400800,0.926769,0.952979,0.599200
207,39.886000,2.268224,58.680000,1.173797,0.177460,50,25000,15784,9216,15096,9904,15096,14816,280,968,280,8936,0.631360,0.603840,0.396160,0.981452,0.938672,0.603840
208,39.602000,2.271678,58.940000,1.168511,0.197659,50,25000,14900,10100,14829,10171,14829,14186,643,714,643,9457,0.596000,0.593160,0.406840,0.956639,0.952081,0.593160
209,39.454000,2.288076,58.370000,1.185286,0.204698,50,25000,15124,9876,14728,10272,14728,14202,526,922,526,9350,0.604960,0.589120,0.410880,0.964286,0.939037,0.589120
210,40.134000,2.253946,58.890000,1.189651,0.210389,50,25000,16240,8760,16187,8813,16187,15374,813,866,813,7947,0.649600,0.647480,0.352520,0.949775,0.946675,0.647480
211,39.168000,2.279775,58.020000,1.197316,0.220322,50,25000,15416,9584,15534,9466,15534,14714,820,702,820,8764,0.616640,0.621360,0.378640,0.947213,0.954463,0.621360
212,39.842000,2.274645,60.010000,1.146882,0.154423,50,25000,15292,9708,14791,10209,14791,14498,293,794,293,9415,0.611680,0.591640,0.408360,0.980191,0.948077,0.591640
213,39.288000,2.298561,58.340000,1.182585,0.213423,50,25000,14996,10004,14909,10091,14909,14280,629,716,629,9375,0.599840,0.596360,0.403640,0.957811,0.952254,0.596360
214,38.318000,2.328141,57.000000,1.203184,0.155998,50,25000,15576,9424,14873,10127,14873,14567,306,1009,306,9118,0.623040,0.594920,0.405080,0.979426,0.935221,0.594920
215,39.032000,2.321163,59.990000,1.138462,0.255148,50,25000,14316,10684,14327,10673,14327,13473,854,843,854,9830,0.572640,0.573080,0.426920,0.940392,0.941115,0.573080
216,36.468000,2.360078,56.260000,1.195611,0.218852,50,25000,15080,9920,14763,10237,14763,13949,814,1131,814,9106,0.603200,0.590520,0.409480,0.944862,0.925000,0.590520
217,39.404000,2.281076,59.870000,1.155221,0.230242,50,25000,15168,9832,15480,9520,15480,14598,882,570,882,8950,0.606720,0.619200,0.380800,0.943023,0.962421,0.619200
218,38.356000,2.293374,55.990000,1.222517,0.254722,50,25000,14780,10220,14549,10451,14549,13748,801,1032,801,9419,0.591200,0.581960,0.418040,0.944945,0.930176,0.581960
219,38.134000,2.319760,58.430000,1.178879,0.251501,50,25000,14736,10264,14809,10191,14809,13914,895,822,895,9369,0.589440,0.592360,0.407640,0.939564,0.944218,0.592360
220,39.716000,2.272118,57.530000,1.202544,0.207531,50,25000,14588,10412,14442,10558,14442,13764,678,824,678,9734,0.583520,0.577680,0.422320,0.953054,0.943515,0.577680
221,38.542000,2.318951,58.760000,1.164931,0.183734,50,25000,16092,8908,15557,9443,15557,15091,466,1001,466,8442,0.643680,0.622280,0.377720,0.970046,0.937795,0.622280
222,38.480000,2.331298,58.260000,1.187773,0.203951,50,25000,15360,9640,15417,9583,15417,14668,749,692,749,8891,0.614400,0.616680,0.383320,0.951417,0.954948,0.616680
223,39.934000,2.279923,58.080000,1.193743,0.184788,50,25000,15560,9440,15289,9711,15289,14768,521,792,521,8919,0.622400,0.611560,0.388440,0.965923,0.949100,0.611560
224,38.912000,2.315018,57.260000,1.202041,0.190364,50,25000,15948,9052,15575,9425,15575,14993,582,955,582,8470,0.637920,0.623000,0.377000,0.962632,0.940118,0.623000
225,39.894000,2.287570,61.000000,1.127033,0.214526,50,25000,14776,10224,14775,10225,14775,13954,821,822,821,9403,0.591040,0.591000,0.409000,0.944433,0.944369,0.591000
226,39.130000,2.305861,57.900000,1.179896,0.241275,50,25000,15080,9920,15268,9732,15268,14285,983,795,983,8937,0.603200,0.610720,0.389280,0.935617,0.947281,0.610720
227,38.502000,2.318878,56.900000,1.223288,0.256337,50,25000,14608,10392,15177,9823,15177,14138,1039,470,1039,9353,0.584320,0.607080,0.392920,0.931541,0.967826,0.607080
228,39.458000,2.302259,58.520000,1.178672,0.196638,50,25000,14828,10172,14673,10327,14673,14092,581,736,581,9591,0.593120,0.586920,0.413080,0.960403,0.950364,0.586920
229,39.542000,2.295635,58.720000,1.164834,0.259151,50,25000,14724,10276,14717,10283,14717,13930,787,794,787,9489,0.588960,0.588680,0.411320,0.946524,0.946074,0.588680
230,39.644000,2.302464,58.800000,1.174912,0.159708,50,25000,15496,9504,15011,9989,15011,14719,292,777,292,9212,0.619840,0.600440,0.399560,0.980548,0.949858,0.600440
231,39.552000,2.295683,58.270000,1.179562,0.230105,50,25000,15568,9432,15801,9199,15801,14897,904,671,904,8528,0.622720,0.632040,0.367960,0.942788,0.956899,0.632040
232,38.912000,2.318054,57.630000,1.200781,0.197095,50,25000,13952,11048,13834,11166,13834,13186,648,766,648,10400,0.558080,0.553360,0.446640,0.953159,0.945097,0.553360
233,39.264000,2.309609,58.890000,1.178556,0.236879,50,25000,15048,9952,15278,9722,15278,14335,943,713,943,9009,0.601920,0.611120,0.388880,0.938277,0.952618,0.611120
234,40.244000,2.303921,58.500000,1.175106,0.155178,50,25000,14696,10304,14513,10487,14513,14223,290,473,290,10014,0.587840,0.580520,0.419480,0.980018,0.967814,0.580520
235,36.316000,2.408784,55.900000,1.224139,0.225698,50,25000,14392,10608,14486,10514,14486,13620,866,772,866,9742,0.575680,0.579440,0.420560,0.940218,0.946359,0.579440
236,38.776000,2.328410,56.610000,1.218063,0.202009,50,25000,15484,9516,15453,9547,15453,14899,554,585,554,8962,0.619360,0.618120,0.381880,0.964149,0.962219,0.618120
237,39.600000,2.317659,58.730000,1.182901,0.193106,50,25000,15228,9772,15173,9827,15173,14622,551,606,551,9221,0.609120,0.606920,0.393080,0.963685,0.960205,0.606920
238,39.002000,2.335244,58.880000,1.155710,0.226714,50,25000,14748,10252,14556,10444,14556,13921,635,827,635,9617,0.589920,0.582240,0.417760,0.956375,0.943925,0.582240
239,39.556000,2.316207,59.330000,1.162323,0.199107,50,25000,15628,9372,15783,9217,15783,15085,698,543,698,8674,0.625120,0.631320,0.368680,0.955775,0.965255,0.631320
240,37.118000,2.416201,55.540000,1.229061,0.188485,50,25000,14680,10320,14561,10439,14561,14067,494,613,494,9826,0.587200,0.582440,0.417560,0.966074,0.958243,0.582440
241,39.336000,2.354010,59.580000,1.154373,0.236983,50,25000,14972,10028,15182,9818,15182,14211,971,761,971,9057,0.598880,0.607280,0.392720,0.936043,0.949172,0.607280
242,39.766000,2.321403,61.000000,1.130250,0.266395,50,25000,13560,11440,14262,10738,14262,13189,1073,371,1073,10367,0.542400,0.570480,0.429520,0.924765,0.972640,0.570480
243,39.612000,2.356678,58.130000,1.202819,0.143758,50,25000,14800,10200,14481,10519,14481,14181,300,619,300,9900,0.592000,0.579240,0.420760,0.979283,0.958176,0.579240
244,40.438000,2.306380,59.880000,1.153543,0.238578,50,25000,14832,10168,15350,9650,15350,14558,792,274,792,9376,0.593280,0.614000,0.386000,0.948404,0.981526,0.614000
245,40.320000,2.300640,59.770000,1.158858,0.251537,50,25000,14920,10080,15244,9756,15244,14234,1010,686,1010,9070,0.596800,0.609760,0.390240,0.933744,0.954021,0.609760
246,40.370000,2.307067,59.950000,1.152371,0.208641,50,25000,15252,9748,15454,9546,15454,14724,730,528,730,9018,0.610080,0.618160,0.381840,0.952763,0.965382,0.618160
247,40.138000,2.317026,59.120000,1.181453,0.209236,50,25000,14816,10184,14991,10009,14991,14181,810,635,810,9374,0.592640,0.599640,0.400360,0.945968,0.957141,0.599640
248,40.074000,2.319390,58.980000,1.166565,0.183526,50,25000,15196,9804,15081,9919,15081,14765,316,431,316,9488,0.607840,0.603240,0.396760,0.979046,0.971637,0.603240
249,38.582000,2.367474,58.350000,1.182269,0.241704,50,25000,14576,10424,15011,9989,15011,13955,1056,621,1056,9368,0.583040,0.600440,0.399560,0.929652,0.957396,0.600440
250,39.612000,2.360824,58.690000,1.172407,0.196851,50,25000,15600,9400,15729,9271,15729,15152,577,448,577,8823,0.624000,0.629160,0.370840,0.963316,0.971282,0.629160
251,38.194000,2.359743,57.690000,1.172282,0.253084,50,25000,14444,10556,14511,10489,14511,13689,822,755,822,9734,0.577760,0.580440,0.419560,0.943353,0.947729,0.580440
252,39.668000,2.324117,59.320000,1.164402,0.258881,50,25000,15112,9888,15504,9496,15504,14478,1026,634,1026,8862,0.604480,0.620160,0.379840,0.933824,0.958047,0.620160
253,40.274000,2.309341,60.170000,1.149212,0.226341,50,25000,15356,9644,15367,9633,15367,14640,727,716,727,8917,0.614240,0.614680,0.385320,0.952691,0.953373,0.614680
254,37.630000,2.361988,56.790000,1.178026,0.224471,50,25000,15280,9720,15203,9797,15203,14480,723,800,723,8997,0.611200,0.608120,0.391880,0.952444,0.947644,0.608120
255,39.492000,2.337160,58.040000,1.198086,0.230750,50,25000,15140,9860,15478,9522,15478,14506,972,634,972,8888,0.605600,0.619120,0.380880,0.937201,0.958124,0.619120
256,39.952000,2.320359,59.710000,1.147633,0.168309,50,25000,14868,10132,14472,10528,14472,13968,504,900,504,9628,0.594720,0.578880,0.421120,0.965174,0.939467,0.578880
257,39.990000,2.342136,58.340000,1.181709,0.193940,50,25000,15116,9884,15171,9829,15171,14465,706,651,706,9178,0.604640,0.606840,0.393160,0.953464,0.956933,0.606840
258,39.894000,2.328632,58.820000,1.170612,0.180681,50,25000,14620,10380,14255,10745,14255,13687,568,933,568,9812,0.584800,0.570200,0.429800,0.960154,0.936183,0.570200
259,39.068000,2.353750,59.290000,1.146928,0.214211,50,25000,14652,10348,14573,10427,14573,13825,748,827,748,9600,0.586080,0.582920,0.417080,0.948672,0.943557,0.582920
260,40.024000,2.356076,60.070000,1.142426,0.154377,50,25000,14680,10320,14416,10584,14416,14099,317,581,317,10003,0.587200,0.576640,0.423360,0.978011,0.960422,0.576640
261,39.644000,2.375961,59.540000,1.150586,0.169829,50,25000,14592,10408,14265,10735,14265,13934,331,658,331,10077,0.583680,0.570600,0.429400,0.976796,0.954907,0.570600
262,40.594000,2.332715,60.390000,1.139265,0.162489,50,25000,15848,9152,15374,9626,15374,14823,551,1025,551,8601,0.633920,0.614960,0.385040,0.964160,0.935323,0.614960
263,40.172000,2.340519,59.930000,1.144946,0.186938,50,25000,15296,9704,15281,9719,15281,14530,751,766,751,8953,0.611840,0.611240,0.388760,0.950854,0.949922,0.611240
264,40.190000,2.355280,59.910000,1.150218,0.167444,50,25000,14764,10236,14377,10623,14377,13877,500,887,500,9736,0.590560,0.575080,0.424920,0.965222,0.939921,0.575080
265,40.352000,2.343566,60.510000,1.132310,0.180585,50,25000,14968,10032,14744,10256,14744,14222,522,746,522,9510,0.598720,0.589760,0.410240,0.964596,0.950160,0.589760
266,39.206000,2.381508,60.900000,1.112776,0.184202,50,25000,15644,9356,15296,9704,15296,14709,587,935,587,8769,0.625760,0.611840,0.388160,0.961624,0.940233,0.611840
267,40.722000,2.344426,60.440000,1.138437,0.245910,50,25000,15084,9916,15438,9562,15438,14384,1054,700,1054,8862,0.603360,0.617520,0.382480,0.931727,0.953593,0.617520
268,39.208000,2.358482,59.100000,1.167172,0.244566,50,25000,14692,10308,14994,10006,14994,13934,1060,758,1060,9248,0.587680,0.599760,0.400240,0.929305,0.948407,0.599760
269,39.824000,2.369257,59.440000,1.158467,0.168147,50,25000,14672,10328,14708,10292,14708,14122,586,550,586,9742,0.586880,0.588320,0.411680,0.960158,0.962514,0.588320
270,40.232000,2.347599,59.060000,1.169306,0.183869,50,25000,15488,9512,15543,9457,15543,14797,746,691,746,8766,0.619520,0.621720,0.378280,0.952004,0.955385,0.621720
271,40.090000,2.346763,60.220000,1.128570,0.229316,50,25000,14168,10832,14349,10651,14349,13445,904,723,904,9928,0.566720,0.573960,0.426040,0.936999,0.948970,0.573960
272,39.976000,2.357806,59.390000,1.167069,0.227771,50,25000,14672,10328,14796,10204,14796,13907,889,765,889,9439,0.586880,0.591840,0.408160,0.939916,0.947860,0.591840
273,39.604000,2.362769,59.960000,1.147929,0.207916,50,25000,14652,10348,14892,10108,14892,14077,815,575,815,9533,0.586080,0.595680,0.404320,0.945273,0.960756,0.595680
274,40.278000,2.366079,59.410000,1.167713,0.181385,50,25000,14920,10080,14810,10190,14810,14273,537,647,537,9543,0.596800,0.592400,0.407600,0.963741,0.956635,0.592400
275,40.034000,2.329522,58.570000,1.172336,0.223030,50,25000,15220,9780,15483,9517,15483,14476,1007,744,1007,8773,0.608800,0.619320,0.380680,0.934961,0.951117,0.619320
276,40.080000,2.360487,59.620000,1.152820,0.146004,50,25000,14972,10028,14369,10631,14369,14044,325,928,325,9703,0.598880,0.574760,0.425240,0.977382,0.938018,0.574760
277,40.518000,2.338014,60.880000,1.111604,0.169563,50,25000,15692,9308,15021,9979,15021,14457,564,1235,564,8744,0.627680,0.600840,0.399160,0.962453,0.921297,0.600840
278,39.464000,2.366754,59.550000,1.137187,0.161533,50,25000,15372,9628,15057,9943,15057,14561,496,811,496,9132,0.614880,0.602280,0.397720,0.967059,0.947242,0.602280
279,39.684000,2.391320,59.120000,1.171897,0.131356,50,25000,15264,9736,14800,10200,14800,14473,327,791,327,9409,0.610560,0.592000,0.408000,0.977905,0.948179,0.592000
280,40.560000,2.355446,59.950000,1.160192,0.154120,50,25000,15616,9384,15325,9675,15325,14847,478,769,478,8906,0.624640,0.613000,0.387000,0.968809,0.950756,0.613000
281,39.942000,2.390303,60.720000,1.135407,0.178078,50,25000,14712,10288,14353,10647,14353,13796,557,916,557,9731,0.588480,0.574120,0.425880,0.961193,0.937738,0.574120
282,40.546000,2.395028,59.890000,1.163649,0.178999,50,25000,14932,10068,14945,10055,14945,14352,593,580,593,9475,0.597280,0.597800,0.402200,0.960321,0.961157,0.597800
283,39.686000,2.391051,60.350000,1.129662,0.197785,50,25000,14820,10180,14745,10255,14745,14157,588,663,588,9592,0.592800,0.589800,0.410200,0.960122,0.955263,0.589800
284,40.264000,2.367994,60.210000,1.144607,0.198884,50,25000,15356,9644,15063,9937,15063,14429,634,927,634,9010,0.614240,0.602520,0.397480,0.957910,0.939633,0.602520
285,40.172000,2.394464,59.700000,1.154125,0.162521,50,25000,15008,9992,14751,10249,14751,14238,513,770,513,9479,0.600320,0.590040,0.409960,0.965223,0.948694,0.590040
286,40.494000,2.378522,60.690000,1.138512,0.166843,50,25000,15780,9220,15701,9299,15701,15197,504,583,504,8716,0.631200,0.628040,0.371960,0.967900,0.963054,0.628040
287,40.802000,2.359547,60.620000,1.138979,0.191144,50,25000,14564,10436,14530,10470,14530,13700,830,864,830,9606,0.582560,0.581200,0.418800,0.942877,0.940676,0.581200
288,40.724000,2.364368,61.140000,1.113625,0.154656,50,25000,15132,9868,14618,10382,14618,14102,516,1030,516,9352,0.605280,0.584720,0.415280,0.964701,0.931932,0.584720
289,38.868000,2.460049,57.370000,1.241350,0.181973,50,25000,15340,9660,15665,9335,15665,14927,738,413,738,8922,0.613600,0.626600,0.373400,0.952889,0.973077,0.626600
290,38.658000,2.411083,57.530000,1.198606,0.219375,50,25000,14476,10524,14658,10342,14658,13643,1015,833,1015,9509,0.579040,0.586320,0.413680,0.930755,0.942456,0.586320
291,40.438000,2.381058,59.560000,1.162276,0.188760,50,25000,15508,9492,15517,9483,15517,15001,516,507,516,8976,0.620320,0.620680,0.379320,0.966746,0.967307,0.620680
292,38.472000,2.445941,58.300000,1.180730,0.208568,50,25000,15228,9772,15219,9781,15219,14407,812,821,812,8960,0.609120,0.608760,0.391240,0.946646,0.946086,0.608760
293,40.440000,2.375346,59.740000,1.160422,0.215561,50,25000,15636,9364,15778,9222,15778,14996,782,640,782,8582,0.625440,0.631120,0.368880,0.950437,0.959069,0.631120
294,40.456000,2.354998,59.010000,1.175193,0.215899,50,25000,14828,10172,14705,10295,14705,13859,846,969,846,9326,0.593120,0.588200,0.411800,0.942469,0.934651,0.588200
295,40.370000,2.370107,61.290000,1.127243,0.221442,50,25000,14884,10116,15042,9958,15042,14009,1033,875,1033,9083,0.595360,0.601680,0.398320,0.931326,0.941212,0.601680
296,40.288000,2.350572,60.330000,1.149367,0.255656,50,25000,15424,9576,16086,8914,16086,15062,1024,362,1024,8552,0.616960,0.643440,0.356560,0.936342,0.976530,0.643440
297,40.848000,2.336967,60.920000,1.128948,0.180731,50,25000,15352,9648,15001,9999,15001,14376,625,976,625,9023,0.614080,0.600040,0.399960,0.958336,0.936425,0.600040
298,38.600000,2.413514,58.960000,1.161165,0.194664,50,25000,14968,10032,14960,10040,14960,14227,733,741,733,9299,0.598720,0.598400,0.401600,0.951003,0.950494,0.598400
299,40.160000,2.364957,61.250000,1.121701,0.162826,50,25000,15220,9780,15035,9965,15035,14498,537,722,537,9243,0.608800,0.601400,0.398600,0.964283,0.952562,0.601400
300,39.578000,2.392113,59.900000,1.139855,0.189841,50,25000,14612,10388,14390,10610,14390,13793,597,819,597,9791,0.584480,0.575600,0.424400,0.958513,0.943950,0.575600
301,37.716000,2.493813,58.060000,1.181484,0.150044,50,25000,15320,9680,14793,10207,14793,14284,509,1036,509,9171,0.612800,0.591720,0.408280,0.965592,0.932376,0.591720
302,39.594000,2.405987,61.120000,1.119248,0.206492,50,25000,14800,10200,14861,10139,14861,14058,803,742,803,9397,0.592000,0.594440,0.405560,0.945966,0.949865,0.594440
303,41.078000,2.377259,61.600000,1.109439,0.123813,50,25000,14740,10260,13976,11024,13976,13698,278,1042,278,9982,0.589600,0.559040,0.440960,0.980109,0.929308,0.559040
304,40.372000,2.397063,61.080000,1.107004,0.166183,50,25000,14636,10364,14519,10481,14519,13930,589,706,589,9775,0.585440,0.580760,0.419240,0.959432,0.951763,0.580760
305,39.504000,2.452594,60.730000,1.118771,0.143996,50,25000,15780,9220,15289,9711,15289,14986,303,794,303,8917,0.631200,0.611560,0.388440,0.980182,0.949683,0.611560
306,38.792000,2.452509,57.220000,1.217197,0.168937,50,25000,15676,9324,15620,9380,15620,15090,530,586,530,8794,0.627040,0.624800,0.375200,0.966069,0.962618,0.624800
307,40.718000,2.421597,60.990000,1.133442,0.133567,50,25000,15712,9288,15660,9340,15660,15359,301,353,301,8987,0.628480,0.626400,0.373600,0.980779,0.977533,0.626400
308,41.088000,2.419993,59.830000,1.160242,0.150582,50,25000,15400,9600,15400,9600,15400,14894,506,506,506,9094,0.616000,0.616000,0.384000,0.967143,0.967143,0.616000
309,41.238000,2.397924,61.490000,1.109189,0.149201,50,25000,15100,9900,14720,10280,14720,14351,369,749,369,9531,0.604000,0.588800,0.411200,0.974932,0.950397,0.588800
310,40.618000,2.430141,61.040000,1.119973,0.167753,50,25000,14768,10232,14464,10536,14464,13967,497,801,497,9735,0.590720,0.578560,0.421440,0.965639,0.945761,0.578560
311,40.378000,2.435273,60.030000,1.159675,0.167286,50,25000,14360,10640,14048,10952,14048,13478,570,882,570,10070,0.574400,0.561920,0.438080,0.959425,0.938579,0.561920
312,41.120000,2.404579,61.970000,1.093188,0.164168,50,25000,14996,10004,14589,10411,14589,14166,423,830,423,9581,0.599840,0.583560,0.416440,0.971006,0.944652,0.583560
313,40.762000,2.423581,61.530000,1.115275,0.190356,50,25000,14652,10348,14776,10224,14776,14131,645,521,645,9703,0.586080,0.591040,0.408960,0.956348,0.964442,0.591040
314,40.360000,2.436155,60.600000,1.131446,0.207498,50,25000,14996,10004,15137,9863,15137,14384,753,612,753,9251,0.599840,0.605480,0.394520,0.950254,0.959189,0.605480
315,39.880000,2.455927,60.530000,1.138591,0.177017,50,25000,15512,9488,15339,9661,15339,14821,518,691,518,8970,0.620480,0.613560,0.386440,0.966230,0.955454,0.613560
316,40.886000,2.421508,61.150000,1.131614,0.153838,50,25000,14992,10008,15011,9989,15011,14498,513,494,513,9495,0.599680,0.600440,0.399560,0.965825,0.967049,0.600440
317,40.450000,2.429603,59.090000,1.179022,0.159949,50,25000,15056,9944,14775,10225,14775,14291,484,765,484,9460,0.602240,0.591000,0.409000,0.967242,0.949190,0.591000
318,40.358000,2.443738,60.700000,1.139204,0.154625,50,25000,14896,10104,14759,10241,14759,14231,528,665,528,9576,0.595840,0.590360,0.409640,0.964225,0.955357,0.590360
319,39.850000,2.465865,60.350000,1.128512,0.158882,50,25000,15076,9924,14794,10206,14794,14323,471,753,471,9453,0.603040,0.591760,0.408240,0.968163,0.950053,0.591760
320,40.336000,2.421044,59.800000,1.156680,0.197959,50,25000,13860,11140,13946,11054,13946,13364,582,496,582,10558,0.554400,0.557840,0.442160,0.958268,0.964214,0.557840
321,39.858000,2.447884,60.760000,1.108077,0.164760,50,25000,15432,9568,15265,9735,15265,14773,492,659,492,9076,0.617280,0.610600,0.389400,0.967769,0.957297,0.610600
322,41.596000,2.408397,61.840000,1.113539,0.197393,50,25000,14540,10460,14810,10190,14810,14205,605,335,605,9855,0.581600,0.592400,0.407600,0.959149,0.976960,0.592400
323,41.252000,2.420512,61.530000,1.110022,0.128417,50,25000,15848,9152,15370,9630,15370,15113,257,735,257,8895,0.633920,0.614800,0.385200,0.983279,0.953622,0.614800
324,41.038000,2.432403,60.820000,1.123063,0.184304,50,25000,14136,10864,13962,11038,13962,13223,739,913,739,10125,0.565440,0.558480,0.441520,0.947071,0.935413,0.558480
325,38.938000,2.486453,59.350000,1.131357,0.153465,50,25000,15092,9908,14748,10252,14748,14194,554,898,554,9354,0.603680,0.589920,0.410080,0.962436,0.940498,0.589920
326,39.624000,2.476908,60.520000,1.116488,0.194816,50,25000,14896,10104,14806,10194,14806,14248,558,648,558,9546,0.595840,0.592240,0.407760,0.962313,0.956498,0.592240
327,40.492000,2.475834,60.160000,1.164741,0.144120,50,25000,15280,9720,15137,9863,15137,14802,335,478,335,9385,0.611200,0.605480,0.394520,0.977869,0.968717,0.605480
328,40.878000,2.436601,60.950000,1.139321,0.169824,50,25000,14232,10768,14146,10854,14146,13750,396,482,396,10372,0.569280,0.565840,0.434160,0.972006,0.966133,0.565840
329,39.806000,2.475844,60.060000,1.152704,0.194247,50,25000,14820,10180,14669,10331,14669,14147,522,673,522,9658,0.592800,0.586760,0.413240,0.964415,0.954588,0.586760
330,41.638000,2.404096,61.290000,1.112950,0.241259,50,25000,14480,10520,15002,9998,15002,14113,889,367,889,9631,0.579200,0.600080,0.399920,0.940741,0.974655,0.600080
331,40.146000,2.440985,60.750000,1.104952,0.147415,50,25000,14736,10264,14514,10486,14514,14030,484,706,484,9780,0.589440,0.580560,0.419440,0.966653,0.952090,0.580560
332,41.190000,2.438491,61.820000,1.105355,0.175489,50,25000,15092,9908,14986,10014,14986,14245,741,847,741,9167,0.603680,0.599440,0.400560,0.950554,0.943878,0.599440
333,41.122000,2.447966,61.310000,1.124977,0.168832,50,25000,14808,10192,14677,10323,14677,14176,501,632,501,9691,0.592320,0.587080,0.412920,0.965865,0.957320,0.587080
334,41.274000,2.421191,61.480000,1.113775,0.257600,50,25000,14956,10044,15124,9876,15124,14226,898,730,898,9146,0.598240,0.604960,0.395040,0.940624,0.951190,0.604960
335,40.718000,2.440331,61.750000,1.097254,0.197783,50,25000,15452,9548,15866,9134,15866,15182,684,270,684,8864,0.618080,0.634640,0.365360,0.956889,0.982527,0.634640
336,39.554000,2.458366,58.770000,1.144492,0.177497,50,25000,14296,10704,14536,10464,14536,13954,582,342,582,10122,0.571840,0.581440,0.418560,0.959961,0.976077,0.581440
337,41.330000,2.443587,61.800000,1.103498,0.132526,50,25000,14800,10200,14357,10643,14357,14064,293,736,293,9907,0.592000,0.574280,0.425720,0.979592,0.950270,0.574280
338,40.642000,2.464118,61.530000,1.114583,0.140874,50,25000,15156,9844,14864,10136,14864,14441,423,715,423,9421,0.606240,0.594560,0.405440,0.971542,0.952824,0.594560
339,40.140000,2.473039,60.730000,1.118728,0.171295,50,25000,15020,9980,14755,10245,14755,14102,653,918,653,9327,0.600800,0.590200,0.409800,0.955744,0.938881,0.590200
340,40.914000,2.462251,62.730000,1.093319,0.164334,50,25000,14448,10552,14559,10441,14559,14046,513,402,513,10039,0.577920,0.582360,0.417640,0.964764,0.972176,0.582360
341,41.476000,2.441060,61.820000,1.109339,0.187331,50,25000,15296,9704,15307,9693,15307,14523,784,773,784,8920,0.611840,0.612280,0.387720,0.948782,0.949464,0.612280
342,41.472000,2.447226,61.050000,1.118065,0.150860,50,25000,14624,10376,14665,10335,14665,14140,525,484,525,9851,0.584960,0.586600,0.413400,0.964200,0.966904,0.586600
343,40.218000,2.476925,60.730000,1.109152,0.192276,50,25000,15412,9588,15414,9586,15414,14670,744,742,744,8844,0.616480,0.616560,0.383440,0.951732,0.951856,0.616560
344,40.088000,2.496022,60.550000,1.134507,0.142308,50,25000,15652,9348,15379,9621,15379,14986,393,666,393,8955,0.626080,0.615160,0.384840,0.974446,0.957450,0.615160
345,40.104000,2.503221,59.930000,1.162025,0.173193,50,25000,14836,10164,14978,10022,14978,14360,618,476,618,9546,0.593440,0.599120,0.400880,0.958739,0.967916,0.599120
346,41.354000,2.458581,61.180000,1.119841,0.154438,50,25000,14924,10076,14717,10283,14717,14302,415,622,415,9661,0.596960,0.588680,0.411320,0.971801,0.958322,0.588680
347,41.118000,2.452857,62.080000,1.100472,0.135610,50,25000,14624,10376,14402,10598,14402,14076,326,548,326,10050,0.584960,0.576080,0.423920,0.977364,0.962527,0.576080
348,40.344000,2.485778,61.210000,1.118929,0.167396,50,25000,15160,9840,14921,10079,14921,14351,570,809,570,9270,0.606400,0.596840,0.403160,0.961799,0.946636,0.596840
349,41.490000,2.457016,61.180000,1.118983,0.187187,50,25000,14780,10220,14522,10478,14522,14011,511,769,511,9709,0.591200,0.580880,0.419120,0.964812,0.947970,0.580880
350,39.878000,2.476012,60.570000,1.131329,0.201572,50,25000,15108,9892,15172,9828,15172,14448,724,660,724,9168,0.604320,0.606880,0.393120,0.952281,0.956315,0.606880
351,41.698000,2.441881,61.770000,1.115232,0.150003,50,25000,15296,9704,15118,9882,15118,14662,456,634,456,9248,0.611840,0.604720,0.395280,0.969837,0.958551,0.604720
352,40.054000,2.520225,60.320000,1.145156,0.160356,50,25000,14844,10156,14723,10277,14723,14257,466,587,466,9690,0.593760,0.588920,0.411080,0.968349,0.960455,0.588920
353,40.222000,2.473365,59.310000,1.154988,0.190179,50,25000,14928,10072,14970,10030,14970,14269,701,659,701,9371,0.597120,0.598800,0.401200,0.953173,0.955855,0.598800
354,41.076000,2.451914,61.590000,1.117314,0.166735,50,25000,13964,11036,13711,11289,13711,13243,468,721,468,10568,0.558560,0.548440,0.451560,0.965867,0.948367,0.548440
355,39.910000,2.482332,59.450000,1.138984,0.203272,50,25000,15124,9876,15066,9934,15066,14304,762,820,762,9114,0.604960,0.602640,0.397360,0.949423,0.945782,0.602640
356,40.860000,2.462385,61.240000,1.112975,0.203070,50,25000,15892,9108,15864,9136,15864,15198,666,694,666,8442,0.635680,0.634560,0.365440,0.958018,0.956330,0.634560
357,41.208000,2.467679,61.270000,1.112841,0.147496,50,25000,15056,9944,15059,9941,15059,14563,496,493,496,9448,0.602240,0.602360,0.397640,0.967063,0.967256,0.602360
358,41.564000,2.463494,61.040000,1.123611,0.166313,50,25000,15724,9276,15684,9316,15684,15192,492,532,492,8784,0.628960,0.627360,0.372640,0.968630,0.966166,0.627360
359,40.524000,2.496962,59.990000,1.141961,0.187514,50,25000,15868,9132,16047,8953,16047,15432,615,436,615,8517,0.634720,0.641880,0.358120,0.961675,0.972523,0.641880
360,40.602000,2.511367,61.460000,1.102913,0.126695,50,25000,15804,9196,15470,9530,15470,15209,261,595,261,8935,0.632160,0.618800,0.381200,0.983129,0.962351,0.618800
361,40.826000,2.469515,61.270000,1.116978,0.167684,50,25000,14908,10092,14783,10217,14783,14154,629,754,629,9463,0.596320,0.591320,0.408680,0.957451,0.949423,0.591320
362,41.164000,2.475014,60.340000,1.152442,0.174059,50,25000,15432,9568,15173,9827,15173,14549,624,883,624,8944,0.617280,0.606920,0.393080,0.958874,0.942781,0.606920
363,41.350000,2.458895,61.280000,1.116240,0.180601,50,25000,15600,9400,15556,9444,15556,14821,735,779,735,8665,0.624000,0.622240,0.377760,0.952751,0.950064,0.622240
364,41.090000,2.469574,62.730000,1.078673,0.160202,50,25000,14912,10088,14705,10295,14705,14158,547,754,547,9541,0.596480,0.588200,0.411800,0.962802,0.949437,0.588200
365,41.464000,2.457263,61.730000,1.104935,0.218480,50,25000,15224,9776,15768,9232,15768,14911,857,313,857,8919,0.608960,0.630720,0.369280,0.945649,0.979440,0.630720
366,41.998000,2.432839,61.860000,1.103492,0.177028,50,25000,14896,10104,15108,9892,15108,14492,616,404,616,9488,0.595840,0.604320,0.395680,0.959227,0.972879,0.604320
367,40.202000,2.499679,60.540000,1.132555,0.164260,50,25000,15692,9308,15429,9571,15429,14901,528,791,528,8780,0.627680,0.617160,0.382840,0.965779,0.949592,0.617160
368,41.580000,2.462525,62.060000,1.102946,0.206204,50,25000,15076,9924,15428,9572,15428,14675,753,401,753,9171,0.603040,0.617120,0.382880,0.951193,0.973401,0.617120
369,41.838000,2.444214,61.600000,1.107611,0.205971,50,25000,15864,9136,15791,9209,15791,15106,685,758,685,8451,0.634560,0.631640,0.368360,0.956621,0.952219,0.631640
370,40.704000,2.489527,61.700000,1.116255,0.189074,50,25000,15196,9804,15248,9752,15248,14581,667,615,667,9137,0.607840,0.609920,0.390080,0.956257,0.959529,0.609920
371,40.972000,2.454486,61.790000,1.091987,0.170262,50,25000,15052,9948,14954,10046,14954,14389,565,663,565,9383,0.602080,0.598160,0.401840,0.962217,0.955953,0.598160
372,40.576000,2.483792,60.220000,1.135004,0.172249,50,25000,15556,9444,15329,9671,15329,14781,548,775,548,8896,0.622240,0.613160,0.386840,0.964251,0.950180,0.613160
373,40.784000,2.476560,60.310000,1.155687,0.170032,50,25000,16152,8848,16373,8627,16373,15645,728,507,728,8120,0.646080,0.654920,0.345080,0.955537,0.968611,0.654920
374,40.900000,2.455442,62.320000,1.090808,0.176407,50,25000,14856,10144,14935,10065,14935,14287,648,569,648,9496,0.594240,0.597400,0.402600,0.956612,0.961699,0.597400
375,40.592000,2.483974,60.520000,1.143361,0.171632,50,25000,14780,10220,14691,10309,14691,14122,569,658,569,9651,0.591200,0.587640,0.412360,0.961269,0.955480,0.587640
376,40.062000,2.519210,60.080000,1.156954,0.198329,50,25000,14516,10484,14940,10060,14940,14100,840,416,840,9644,0.580640,0.597600,0.402400,0.943775,0.971342,0.597600
377,41.424000,2.474047,61.110000,1.129875,0.187574,50,25000,15072,9928,15420,9580,15420,14650,770,422,770,9158,0.602880,0.616800,0.383200,0.950065,0.972001,0.616800
378,40.810000,2.474202,60.590000,1.123486,0.176689,50,25000,14436,10564,14718,10282,14718,13982,736,454,736,9828,0.577440,0.588720,0.411280,0.949993,0.968551,0.588720
379,41.830000,2.459868,61.180000,1.122753,0.137343,50,25000,14824,10176,14491,10509,14491,14000,491,824,491,9685,0.592960,0.579640,0.420360,0.966117,0.944414,0.579640
380,41.222000,2.471717,60.470000,1.125045,0.181461,50,25000,14500,10500,14654,10346,14654,13932,722,568,722,9778,0.580000,0.586160,0.413840,0.950730,0.960828,0.586160
381,41.162000,2.467900,62.050000,1.101375,0.169316,50,25000,15632,9368,15244,9756,15244,14722,522,910,522,8846,0.625280,0.609760,0.390240,0.965757,0.941786,0.609760
382,40.406000,2.478338,60.130000,1.133523,0.154444,50,25000,15296,9704,14747,10253,14747,14221,526,1075,526,9178,0.611840,0.589880,0.410120,0.964332,0.929720,0.589880
383,41.602000,2.448847,62.630000,1.088362,0.215393,50,25000,14824,10176,14930,10070,14930,14009,921,815,921,9255,0.592960,0.597200,0.402800,0.938312,0.945022,0.597200
384,41.440000,2.461634,61.400000,1.114379,0.155559,50,25000,15988,9012,15717,9283,15717,15030,687,958,687,8325,0.639520,0.628680,0.371320,0.956289,0.940080,0.628680
385,41.186000,2.462196,62.090000,1.089220,0.197958,50,25000,14992,10008,14955,10045,14955,14465,490,527,490,9518,0.599680,0.598200,0.401800,0.967235,0.964848,0.598200
386,41.412000,2.438005,62.100000,1.096375,0.198619,50,25000,15264,9736,15783,9217,15783,14897,886,367,886,8850,0.610560,0.631320,0.368680,0.943864,0.975956,0.631320
387,41.458000,2.468927,61.770000,1.095910,0.155766,50,25000,15680,9320,15606,9394,15606,14961,645,719,645,8675,0.627200,0.624240,0.375760,0.958670,0.954145,0.624240
388,41.600000,2.469025,61.060000,1.138912,0.145252,50,25000,16696,8304,16312,8688,16312,15864,448,832,448,7856,0.667840,0.652480,0.347520,0.972536,0.950168,0.652480
389,41.464000,2.459576,61.220000,1.108384,0.201380,50,25000,14872,10128,15056,9944,15056,14173,883,699,883,9245,0.594880,0.602240,0.397760,0.941352,0.952999,0.602240
390,40.362000,2.504667,59.260000,1.149298,0.127281,50,25000,15488,9512,14919,10081,14919,14599,320,889,320,9192,0.619520,0.596760,0.403240,0.978551,0.942601,0.596760
391,40.430000,2.521579,60.960000,1.132888,0.170376,50,25000,14480,10520,14069,10931,14069,13520,549,960,549,9971,0.579200,0.562760,0.437240,0.960978,0.933702,0.562760
392,41.368000,2.478323,61.650000,1.112777,0.188575,50,25000,14816,10184,15101,9899,15101,14329,772,487,772,9412,0.592640,0.604040,0.395960,0.948878,0.967130,0.604040
393,40.980000,2.459849,60.450000,1.134913,0.144603,50,25000,14748,10252,14534,10466,14534,14031,503,717,503,9749,0.589920,0.581360,0.418640,0.965391,0.951383,0.581360
394,40.124000,2.479761,61.620000,1.085998,0.191290,50,25000,15136,9864,15226,9774,15226,14528,698,608,698,9166,0.605440,0.609040,0.390960,0.954157,0.959831,0.609040
395,41.622000,2.469600,61.560000,1.117250,0.139666,50,25000,15968,9032,15856,9144,15856,15390,466,578,466,8566,0.638720,0.634240,0.365760,0.970610,0.963803,0.634240
396,40.022000,2.554707,61.430000,1.122918,0.167918,50,25000,14452,10548,14553,10447,14553,13845,708,607,708,9840,0.578080,0.582120,0.417880,0.951350,0.957999,0.582120
397,38.708000,2.541853,59.240000,1.148889,0.162170,50,25000,15516,9484,15015,9985,15015,14427,588,1089,588,8896,0.620640,0.600600,0.399400,0.960839,0.929814,0.600600
398,40.504000,2.507200,60.680000,1.136042,0.167477,50,25000,15100,9900,14944,10056,14944,14417,527,683,527,9373,0.604000,0.597760,0.402240,0.964735,0.954768,0.597760
399,41.438000,2.474598,62.310000,1.083534,0.163258,50,25000,14980,10020,14593,10407,14593,14034,559,946,559,9461,0.599200,0.583720,0.416280,0.961694,0.936849,0.583720
400,41.734000,2.463674,60.180000,1.151174,0.199560,50,25000,14124,10876,14511,10489,14511,13581,930,543,930,9946,0.564960,0.580440,0.419560,0.935911,0.961555,0.580440
401,41.152000,2.467500,61.830000,1.096341,0.180883,50,25000,15476,9524,15520,9480,15520,14812,708,664,708,8816,0.619040,0.620800,0.379200,0.954381,0.957095,0.620800
402,41.534000,2.478711,59.890000,1.173436,0.201781,50,25000,15700,9300,15680,9320,15680,15193,487,507,487,8813,0.628000,0.627200,0.372800,0.968941,0.967707,0.627200
403,40.320000,2.483951,59.570000,1.138549,0.197383,50,25000,14448,10552,14574,10426,14574,13854,720,594,720,9832,0.577920,0.582960,0.417040,0.950597,0.958887,0.582960
404,41.318000,2.473823,61.610000,1.109239,0.115865,50,25000,15280,9720,14985,10015,14985,14670,315,610,315,9405,0.611200,0.599400,0.400600,0.978979,0.960079,0.599400
405,42.236000,2.459707,62.040000,1.099364,0.144520,50,25000,15888,9112,15605,9395,15605,15050,555,838,555,8557,0.635520,0.624200,0.375800,0.964434,0.947256,0.624200
406,41.860000,2.473753,61.000000,1.140961,0.171507,50,25000,15476,9524,15896,9104,15896,15163,733,313,733,8791,0.619040,0.635840,0.364160,0.953888,0.979775,0.635840
407,41.778000,2.452003,62.740000,1.087923,0.220968,50,25000,15556,9444,15672,9328,15672,14669,1003,887,1003,8441,0.622240,0.626880,0.373120,0.936001,0.942980,0.626880
408,41.022000,2.453039,61.900000,1.092600,0.226027,50,25000,14384,10616,14489,10511,14489,13531,958,853,958,9658,0.575360,0.579560,0.420440,0.933881,0.940698,0.579560
409,41.102000,2.473904,60.420000,1.157327,0.159164,50,25000,14720,10280,14620,10380,14620,14156,464,564,464,9816,0.588800,0.584800,0.415200,0.968263,0.961685,0.584800
410,40.930000,2.471965,61.180000,1.120094,0.173480,50,25000,13832,11168,13686,11314,13686,12914,772,918,772,10396,0.553280,0.547440,0.452560,0.943592,0.933632,0.547440
411,41.720000,2.481540,61.990000,1.111395,0.120791,50,25000,15624,9376,15160,9840,15160,14866,294,758,294,9082,0.624960,0.606400,0.393600,0.980607,0.951485,0.606400
412,41.718000,2.469693,61.470000,1.123415,0.174035,50,25000,15212,9788,15211,9789,15211,14481,730,731,730,9058,0.608480,0.608440,0.391560,0.952008,0.951946,0.608440
413,39.794000,2.531257,59.920000,1.119511,0.126641,50,25000,15524,9476,15057,9943,15057,14771,286,753,286,9190,0.620960,0.602280,0.397720,0.981006,0.951494,0.602280
414,42.536000,2.447734,62.000000,1.103674,0.144186,50,25000,15992,9008,15884,9116,15884,15369,515,623,515,8493,0.639680,0.635360,0.364640,0.967577,0.961043,0.635360
415,41.826000,2.490307,62.100000,1.094944,0.139138,50,25000,15088,9912,14886,10114,14886,14375,511,713,511,9401,0.603520,0.595440,0.404560,0.965672,0.952744,0.595440
416,41.868000,2.485486,61.770000,1.106414,0.176788,50,25000,15080,9920,15636,9364,15636,14875,761,205,761,9159,0.603200,0.625440,0.374560,0.951330,0.986406,0.625440
417,40.874000,2.516088,61.300000,1.115664,0.162046,50,25000,15592,9408,15329,9671,15329,14765,564,827,564,8844,0.623680,0.613160,0.386840,0.963207,0.946960,0.613160
418,41.984000,2.496007,61.750000,1.113320,0.145857,50,25000,15732,9268,15689,9311,15689,15182,507,550,507,8761,0.629280,0.627560,0.372440,0.967684,0.965039,0.627560
419,41.460000,2.481938,62.780000,1.077866,0.216364,50,25000,14300,10700,14710,10290,14710,13651,1059,649,1059,9641,0.572000,0.588400,0.411600,0.928008,0.954615,0.588400
420,41.690000,2.466352,61.160000,1.120654,0.203031,50,25000,15564,9436,15658,9342,15658,14723,935,841,935,8501,0.622560,0.626320,0.373680,0.940286,0.945965,0.626320
421,39.928000,2.550079,59.200000,1.166373,0.121056,50,25000,15072,9928,15058,9942,15058,14742,316,330,316,9612,0.602880,0.602320,0.397680,0.979014,0.978105,0.602320
422,42.268000,2.476590,61.550000,1.113543,0.138858,50,25000,15448,9552,15392,9608,15392,14888,504,560,504,9048,0.617920,0.615680,0.384320,0.967256,0.963749,0.615680
423,40.810000,2.512093,61.160000,1.112498,0.155249,50,25000,14648,10352,14445,10555,14445,13909,536,739,536,9816,0.585920,0.577800,0.422200,0.962894,0.949549,0.577800
424,42.036000,2.502767,61.380000,1.121577,0.134866,50,25000,15996,9004,15606,9394,15606,15319,287,677,287,8717,0.639840,0.624240,0.375760,0.981610,0.957677,0.624240
425,41.512000,2.526372,60.710000,1.137054,0.161235,50,25000,14792,10208,14760,10240,14760,14229,531,563,531,9677,0.591680,0.590400,0.409600,0.964024,0.961939,0.590400
426,41.826000,2.502798,62.170000,1.096341,0.186893,50,25000,14640,10360,14948,10052,14948,14130,818,510,818,9542,0.585600,0.597920,0.402080,0.945277,0.965164,0.597920
427,41.412000,2.521101,62.280000,1.088423,0.156942,50,25000,15504,9496,15545,9455,15545,14836,709,668,709,8787,0.620160,0.621800,0.378200,0.954390,0.956914,0.621800
428,41.464000,2.505955,61.750000,1.101147,0.189929,50,25000,14500,10500,14674,10326,14674,13843,831,657,831,9669,0.580000,0.586960,0.413040,0.943369,0.954690,0.586960
429,41.408000,2.502400,59.590000,1.171619,0.167129,50,25000,15068,9932,14800,10200,14800,14281,519,787,519,9413,0.602720,0.592000,0.408000,0.964932,0.947770,0.592000
430,41.964000,2.476149,60.360000,1.140224,0.217522,50,25000,15104,9896,15608,9392,15608,14590,1018,514,1018,8878,0.604160,0.624320,0.375680,0.934777,0.965969,0.624320
431,40.634000,2.524916,60.320000,1.123119,0.192439,50,25000,13524,11476,13963,11037,13963,13056,907,468,907,10569,0.540960,0.558520,0.441480,0.935043,0.965395,0.558520
432,40.692000,2.498070,59.910000,1.134586,0.170595,50,25000,15444,9556,15498,9502,15498,14743,755,701,755,8801,0.617760,0.619920,0.380080,0.951284,0.954610,0.619920
433,42.308000,2.492129,61.520000,1.118622,0.112303,50,25000,14892,10108,14581,10419,14581,14276,305,616,305,9803,0.595680,0.583240,0.416760,0.979082,0.958636,0.583240
434,41.878000,2.484352,61.550000,1.109402,0.171432,50,25000,15252,9748,14790,10210,14790,14467,323,785,323,9425,0.610080,0.591600,0.408400,0.978161,0.948531,0.591600
435,38.932000,2.598749,58.060000,1.171236,0.167493,50,25000,15108,9892,15089,9911,15089,14291,798,817,798,9094,0.604320,0.603560,0.396440,0.947114,0.945923,0.603560
436,40.626000,2.544272,61.230000,1.137477,0.166584,50,25000,14496,10504,14426,10574,14426,13630,796,866,796,9708,0.579840,0.577040,0.422960,0.944822,0.940259,0.577040
437,41.230000,2.511878,62.560000,1.081104,0.159508,50,25000,15144,9856,15145,9855,15145,14429,716,715,716,9140,0.605760,0.605800,0.394200,0.952724,0.952787,0.605800
438,41.742000,2.499539,60.930000,1.132892,0.118736,50,25000,15716,9284,15473,9527,15473,15152,321,564,321,8963,0.628640,0.618920,0.381080,0.979254,0.964113,0.618920
439,41.870000,2.472721,62.310000,1.103944,0.210078,50,25000,14832,10168,14948,10052,14948,13992,956,840,956,9212,0.593280,0.597920,0.402080,0.936045,0.943366,0.597920
440,41.348000,2.490405,62.270000,1.095703,0.149519,50,25000,14528,10472,14328,10672,14328,13802,526,726,526,9946,0.581120,0.573120,0.426880,0.963289,0.950028,0.573120
441,41.394000,2.523880,60.540000,1.155392,0.115071,50,25000,15804,9196,15533,9467,15533,15194,339,610,339,8857,0.632160,0.621320,0.378680,0.978175,0.961402,0.621320
442,39.328000,2.602756,59.370000,1.170420,0.148028,50,25000,14848,10152,14406,10594,14406,13880,526,968,526,9626,0.593920,0.576240,0.423760,0.963487,0.934806,0.576240
443,41.818000,2.529689,59.560000,1.192029,0.171940,50,25000,14064,10936,14094,10906,14094,13548,546,516,546,10390,0.562560,0.563760,0.436240,0.961260,0.963311,0.563760
444,42.252000,2.488190,61.360000,1.123261,0.171558,50,25000,15456,9544,15252,9748,15252,14613,639,843,639,8905,0.618240,0.610080,0.389920,0.958104,0.945458,0.610080
445,41.690000,2.488392,61.710000,1.112954,0.204058,50,25000,15500,9500,15803,9197,15803,15034,769,466,769,8731,0.620000,0.632120,0.367880,0.951338,0.969935,0.632120
446,40.728000,2.554110,60.630000,1.143346,0.153292,50,25000,14960,10040,15146,9854,15146,14625,521,335,521,9519,0.598400,0.605840,0.394160,0.965601,0.977607,0.605840
447,41.858000,2.475245,61.730000,1.115766,0.200129,50,25000,13988,11012,14039,10961,14039,13232,807,756,807,10205,0.559520,0.561560,0.438440,0.942517,0.945954,0.561560
448,40.884000,2.504163,60.860000,1.121105,0.177647,50,25000,15556,9444,15663,9337,15663,14787,876,769,876,8568,0.622240,0.626520,0.373480,0.944072,0.950566,0.626520
449,40.264000,2.513617,58.430000,1.197043,0.194218,50,25000,15456,9544,15589,9411,15589,14632,957,824,957,8587,0.618240,0.623560,0.376440,0.938611,0.946687,0.623560
450,41.566000,2.471417,60.630000,1.145805,0.191753,50,25000,15768,9232,15643,9357,15643,14861,782,907,782,8450,0.630720,0.625720,0.374280,0.950010,0.942478,0.625720
451,41.466000,2.505123,61.570000,1.118237,0.119765,50,25000,15356,9644,14845,10155,14845,14545,300,811,300,9344,0.614240,0.593800,0.406200,0.979791,0.947187,0.593800
452,42.112000,2.491367,61.220000,1.134396,0.142312,50,25000,16952,8048,16980,8020,16980,16316,664,636,664,7384,0.678080,0.679200,0.320800,0.960895,0.962482,0.679200
453,42.188000,2.521056,61.010000,1.134668,0.110303,50,25000,15756,9244,15517,9483,15517,15268,249,488,249,8995,0.630240,0.620680,0.379320,0.983953,0.969028,0.620680
454,41.528000,2.525349,62.060000,1.086945,0.164952,50,25000,14904,10096,14676,10324,14676,13905,771,999,771,9325,0.596160,0.587040,0.412960,0.947465,0.932971,0.587040
455,41.828000,2.498809,61.320000,1.121178,0.159361,50,25000,14856,10144,15022,9978,15022,14312,710,544,710,9434,0.594240,0.600880,0.399120,0.952736,0.963382,0.600880
456,41.528000,2.516027,60.180000,1.154983,0.180712,50,25000,15872,9128,16447,8553,16447,15513,934,359,934,8194,0.634880,0.657880,0.342120,0.943212,0.977382,0.657880
457,40.714000,2.555951,60.780000,1.144174,0.142383,50,25000,15380,9620,15188,9812,15188,14682,506,698,506,9114,0.615200,0.607520,0.392480,0.966684,0.954616,0.607520
458,40.820000,2.520679,61.730000,1.111452,0.202892,50,25000,15036,9964,15371,9629,15371,14484,887,552,887,9077,0.601440,0.614840,0.385160,0.942294,0.963288,0.614840
459,41.436000,2.491001,61.610000,1.096479,0.200721,50,25000,15496,9504,15740,9260,15740,14756,984,740,984,8520,0.619840,0.629600,0.370400,0.937484,0.952246,0.629600
460,41.478000,2.487210,61.840000,1.118230,0.194226,50,25000,15348,9652,15510,9490,15510,14536,974,812,974,8678,0.613920,0.620400,0.379600,0.937202,0.947094,0.620400
461,42.056000,2.522711,61.440000,1.106485,0.112271,50,25000,15788,9212,15506,9494,15506,15226,280,562,280,8932,0.631520,0.620240,0.379760,0.981942,0.964403,0.620240
462,42.210000,2.492187,62.140000,1.106562,0.154588,50,25000,14392,10608,14476,10524,14476,13947,529,445,529,10079,0.575680,0.579040,0.420960,0.963457,0.969080,0.579040
463,41.512000,2.532910,60.670000,1.146671,0.140972,50,25000,15468,9532,15249,9751,15249,14784,465,684,465,9067,0.618720,0.609960,0.390040,0.969506,0.955780,0.609960
464,42.416000,2.518703,62.410000,1.090866,0.131948,50,25000,15368,9632,15319,9681,15319,14814,505,554,505,9127,0.614720,0.612760,0.387240,0.967034,0.963951,0.612760
465,42.286000,2.498256,63.570000,1.063097,0.172311,50,25000,14588,10412,14765,10235,14765,13968,797,620,797,9615,0.583520,0.590600,0.409400,0.946021,0.957499,0.590600
466,40.818000,2.542718,60.550000,1.128596,0.195204,50,25000,14656,10344,14933,10067,14933,14194,739,462,739,9605,0.586240,0.597320,0.402680,0.950512,0.968477,0.597320
467,41.314000,2.555283,59.710000,1.163849,0.115614,50,25000,15956,9044,15876,9124,15876,15575,301,381,301,8743,0.638240,0.635040,0.364960,0.981041,0.976122,0.635040
468,40.278000,2.556380,59.400000,1.151144,0.186324,50,25000,15072,9928,15519,9481,15519,14545,974,527,974,8954,0.602880,0.620760,0.379240,0.937238,0.965035,0.620760
469,41.738000,2.534061,62.040000,1.099925,0.176231,50,25000,14212,10788,14703,10297,14703,13866,837,346,837,9951,0.568480,0.588120,0.411880,0.943073,0.975654,0.588120
470,41.906000,2.515232,60.770000,1.131176,0.184992,50,25000,15436,9564,15781,9219,15781,15072,709,364,709,8855,0.617440,0.631240,0.368760,0.955073,0.976419,0.631240
471,41.908000,2.502259,61.930000,1.090776,0.156396,50,25000,15588,9412,15579,9421,15579,14869,710,719,710,8702,0.623520,0.623160,0.376840,0.954426,0.953875,0.623160
472,42.236000,2.511777,61.470000,1.108246,0.137365,50,25000,15308,9692,15263,9737,15263,14777,486,531,486,9206,0.612320,0.610520,0.389480,0.968158,0.965312,0.610520
473,41.304000,2.505843,61.200000,1.122246,0.226606,50,25000,15272,9728,15738,9262,15738,14677,1061,595,1061,8667,0.610880,0.629520,0.370480,0.932584,0.961040,0.629520
474,40.824000,2.518959,61.830000,1.098920,0.180427,50,25000,14960,10040,15148,9852,15148,14305,843,655,843,9197,0.598400,0.605920,0.394080,0.944349,0.956217,0.605920
475,41.796000,2.502147,62.210000,1.095837,0.193365,50,25000,14492,10508,14872,10128,14872,14029,843,463,843,9665,0.579680,0.594880,0.405120,0.943316,0.968051,0.594880
476,40.904000,2.529700,61.690000,1.100861,0.168751,50,25000,15392,9608,15421,9579,15421,14640,781,752,781,8827,0.615680,0.616840,0.383160,0.949355,0.951143,0.616840
477,42.152000,2.536655,61.630000,1.104184,0.110024,50,25000,15660,9340,15452,9548,15452,15180,272,480,272,9068,0.626400,0.618080,0.381920,0.982397,0.969349,0.618080
478,39.664000,2.587260,60.150000,1.132826,0.186726,50,25000,15096,9904,15366,9634,15366,14528,838,568,838,9066,0.603840,0.614640,0.385360,0.945464,0.962374,0.614640
479,40.708000,2.581514,60.200000,1.157527,0.156086,50,25000,15352,9648,15343,9657,15343,14767,576,585,576,9072,0.614080,0.613720,0.386280,0.962458,0.961894,0.613720
480,42.188000,2.515105,61.450000,1.127050,0.184944,50,25000,14628,10372,14811,10189,14811,14067,744,561,744,9628,0.585120,0.592440,0.407560,0.949767,0.961649,0.592440
481,42.204000,2.508524,61.980000,1.109920,0.165168,50,25000,15212,9788,15580,9420,15580,14758,822,454,822,8966,0.608480,0.623200,0.376800,0.947240,0.970155,0.623200
482,42.080000,2.510860,61.530000,1.124826,0.177347,50,25000,15336,9664,15853,9147,15853,15035,818,301,818,8846,0.613440,0.634120,0.365880,0.948401,0.980373,0.634120
483,41.642000,2.519538,62.760000,1.086901,0.156519,50,25000,14240,10760,14077,10923,14077,13527,550,713,550,10210,0.569600,0.563080,0.436920,0.960929,0.949930,0.563080
484,41.410000,2.571255,61.190000,1.131949,0.144476,50,25000,15096,9904,15143,9857,15143,14538,605,558,605,9299,0.603840,0.605720,0.394280,0.960048,0.963037,0.605720
485,40.970000,2.543194,61.830000,1.085672,0.169300,50,25000,15424,9576,15134,9866,15134,14533,601,891,601,8975,0.616960,0.605360,0.394640,0.960288,0.942233,0.605360
486,40.536000,2.537749,60.740000,1.119851,0.186607,50,25000,13564,11436,13985,11015,13985,13079,906,485,906,10530,0.542560,0.559400,0.440600,0.935216,0.964244,0.559400
487,41.574000,2.521825,61.150000,1.141657,0.121279,50,25000,15392,9608,15013,9987,15013,14699,314,693,314,9294,0.615680,0.600520,0.399480,0.979085,0.954977,0.600520
488,41.644000,2.526438,62.640000,1.084969,0.212876,50,25000,14628,10372,14792,10208,14792,13974,818,654,818,9554,0.585120,0.591680,0.408320,0.944700,0.955291,0.591680
489,42.400000,2.515204,61.170000,1.124398,0.181420,50,25000,15824,9176,16161,8839,16161,15155,1006,669,1006,8170,0.632960,0.646440,0.353560,0.937751,0.957722,0.646440
490,42.130000,2.530259,61.000000,1.115262,0.114702,50,25000,15880,9120,15742,9258,15742,15476,266,404,266,8854,0.635200,0.629680,0.370320,0.983103,0.974559,0.629680
491,41.282000,2.561664,62.090000,1.103023,0.131571,50,25000,14904,10096,14665,10335,14665,14329,336,575,336,9760,0.596160,0.586600,0.413400,0.977088,0.961420,0.586600
492,40.842000,2.535578,60.770000,1.120565,0.252024,50,25000,14832,10168,15355,9645,15355,14375,980,457,980,9188,0.593280,0.614200,0.385800,0.936177,0.969188,0.614200
493,41.652000,2.524321,62.120000,1.097244,0.132402,50,25000,15872,9128,15426,9574,15426,15116,310,756,310,8818,0.634880,0.617040,0.382960,0.979904,0.952369,0.617040
494,42.040000,2.499396,62.290000,1.090482,0.221284,50,25000,14736,10264,15447,9553,15447,14296,1151,440,1151,9113,0.589440,0.617880,0.382120,0.925487,0.970141,0.617880
495,41.594000,2.500574,61.750000,1.106158,0.216159,50,25000,15272,9728,16003,8997,16003,15029,974,243,974,8754,0.610880,0.640120,0.359880,0.939136,0.984089,0.640120
496,41.436000,2.549466,60.970000,1.123120,0.153560,50,25000,14356,10644,14161,10839,14161,13843,318,513,318,10326,0.574240,0.566440,0.433560,0.977544,0.964266,0.566440
497,42.572000,2.495107,62.160000,1.096642,0.193231,50,25000,15368,9632,15900,9100,15900,15064,836,304,836,8796,0.614720,0.636000,0.364000,0.947421,0.980219,0.636000
498,41.486000,2.522650,60.340000,1.160814,0.144841,50,25000,15272,9728,15388,9612,15388,14836,552,436,552,9176,0.610880,0.615520,0.384480,0.964128,0.971451,0.615520
499,42.278000,2.500995,63.240000,1.067230,0.115863,50,25000,15860,9140,15485,9515,15485,15159,326,701,326,8814,0.634400,0.619400,0.380600,0.978947,0.955801,0.619400
