epoch,train_loss,global_test_acc,global_test_loss,personal_apa,personal_loss,core_clean_ratio,recover_ratio,train_ratio,agreement_ratio,recovery_trigger,core_count,recover_count,train_count,total_count,actual_train_clean_count,actual_round_clean_count,missed_clean_count,false_clean_count,total_wrong_count,actual_train_clean_ratio,clean_recall,recover_true_clean_count,recover_false_clean_count,recover_precision
0,1.561888,20.550000,2.220529,0.000000,0.000000,1.000000,0.000000,1.000000,0.000000,0,25000,0,25000,25000,15368,15368,0,9632,9632,0.614720,1.000000,0,0,0.000000
1,1.647765,24.810000,2.154322,0.000000,0.000000,1.000000,0.000000,1.000000,0.000000,0,25000,0,25000,25000,14536,14536,0,10464,10464,0.581440,1.000000,0,0,0.000000
2,1.644126,26.610000,2.123474,0.000000,0.000000,1.000000,0.000000,1.000000,0.000000,0,25000,0,25000,25000,14336,14336,0,10664,10664,0.573440,1.000000,0,0,0.000000
3,1.650834,26.800000,2.110036,0.000000,0.000000,1.000000,0.000000,1.000000,0.000000,0,25000,0,25000,25000,14136,14136,0,10864,10864,0.565440,1.000000,0,0,0.000000
4,1.506977,30.070000,2.076182,0.000000,0.000000,1.000000,0.000000,1.000000,0.000000,0,25000,0,25000,25000,15684,15684,0,9316,9316,0.627360,1.000000,0,0,0.000000
5,1.520444,31.270000,2.053379,0.000000,0.000000,1.000000,0.000000,1.000000,0.000000,0,25000,0,25000,25000,15264,15264,0,9736,9736,0.610560,1.000000,0,0,0.000000
6,1.557602,31.830000,2.047975,0.000000,0.000000,1.000000,0.000000,1.000000,0.000000,0,25000,0,25000,25000,15084,15084,0,9916,9916,0.603360,1.000000,0,0,0.000000
7,1.586765,30.350000,2.054391,0.000000,0.000000,1.000000,0.000000,1.000000,0.000000,0,25000,0,25000,25000,14776,14776,0,10224,10224,0.591040,1.000000,0,0,0.000000
8,1.453901,32.270000,2.033713,0.000000,0.000000,1.000000,0.000000,1.000000,0.000000,0,25000,0,25000,25000,16124,16124,0,8876,8876,0.644960,1.000000,0,0,0.000000
9,1.580486,35.970000,2.016811,0.000000,0.000000,1.000000,0.000000,1.000000,0.000000,0,25000,0,25000,25000,14788,14788,0,10212,10212,0.591520,1.000000,0,0,0.000000
10,1.535246,35.360000,2.019011,0.000000,0.000000,1.000000,0.000000,1.000000,0.000000,0,25000,0,25000,25000,15144,15144,0,9856,9856,0.605760,1.000000,0,0,0.000000
11,1.503419,35.660000,1.998056,0.000000,0.000000,1.000000,0.000000,1.000000,0.000000,0,25000,0,25000,25000,15068,15068,0,9932,9932,0.602720,1.000000,0,0,0.000000
12,1.448210,36.110000,1.992843,0.000000,0.000000,1.000000,0.000000,1.000000,0.000000,0,25000,0,25000,25000,15948,15948,0,9052,9052,0.637920,1.000000,0,0,0.000000
13,1.404835,37.260000,1.980203,0.000000,0.000000,1.000000,0.000000,1.000000,0.000000,0,25000,0,25000,25000,15984,15984,0,9016,9016,0.639360,1.000000,0,0,0.000000
14,1.557086,35.720000,1.997716,0.000000,0.000000,1.000000,0.000000,1.000000,0.000000,0,25000,0,25000,25000,14752,14752,0,10248,10248,0.590080,1.000000,0,0,0.000000
15,1.541873,34.700000,2.006721,0.000000,0.000000,1.000000,0.000000,1.000000,0.000000,0,25000,0,25000,25000,14976,14976,0,10024,10024,0.599040,1.000000,0,0,0.000000
16,1.590764,35.810000,2.005510,0.000000,0.000000,1.000000,0.000000,1.000000,0.000000,0,25000,0,25000,25000,14508,14508,0,10492,10492,0.580320,1.000000,0,0,0.000000
17,1.557469,36.790000,2.002680,0.000000,0.000000,1.000000,0.000000,1.000000,0.000000,0,25000,0,25000,25000,14772,14772,0,10228,10228,0.590880,1.000000,0,0,0.000000
18,1.549353,37.490000,1.993628,0.000000,0.000000,1.000000,0.000000,1.000000,0.000000,0,25000,0,25000,25000,14644,14644,0,10356,10356,0.585760,1.000000,0,0,0.000000
19,1.489080,36.780000,1.994937,0.000000,0.000000,1.000000,0.000000,1.000000,0.000000,0,25000,0,25000,25000,15372,15372,0,9628,9628,0.614880,1.000000,0,0,0.000000
20,1.607728,37.410000,2.000401,0.000000,0.000000,1.000000,0.000000,1.000000,0.000000,0,25000,0,25000,25000,13976,13976,0,11024,11024,0.559040,1.000000,0,0,0.000000
21,1.445252,35.440000,1.993789,0.000000,0.000000,1.000000,0.000000,1.000000,0.000000,0,25000,0,25000,25000,15836,15836,0,9164,9164,0.633440,1.000000,0,0,0.000000
22,1.500447,37.240000,1.991393,0.000000,0.000000,1.000000,0.000000,1.000000,0.000000,0,25000,0,25000,25000,15064,15064,0,9936,9936,0.602560,1.000000,0,0,0.000000
23,1.454173,36.930000,1.987728,0.000000,0.000000,1.000000,0.000000,1.000000,0.000000,0,25000,0,25000,25000,15352,15352,0,9648,9648,0.614080,1.000000,0,0,0.000000
24,1.498894,36.990000,1.966009,0.000000,0.000000,1.000000,0.000000,1.000000,0.000000,0,25000,0,25000,25000,14924,14924,0,10076,10076,0.596960,1.000000,0,0,0.000000
25,1.501712,38.170000,1.964334,0.000000,0.000000,1.000000,0.000000,1.000000,0.000000,0,25000,0,25000,25000,15236,15236,0,9764,9764,0.609440,1.000000,0,0,0.000000
26,1.538882,38.230000,1.964497,0.000000,0.000000,1.000000,0.000000,1.000000,0.000000,0,25000,0,25000,25000,14680,14680,0,10320,10320,0.587200,1.000000,0,0,0.000000
27,1.457022,35.110000,1.992134,0.000000,0.000000,1.000000,0.000000,1.000000,0.000000,0,25000,0,25000,25000,15732,15732,0,9268,9268,0.629280,1.000000,0,0,0.000000
28,1.459377,39.110000,1.959223,0.000000,0.000000,1.000000,0.000000,1.000000,0.000000,0,25000,0,25000,25000,15304,15304,0,9696,9696,0.612160,1.000000,0,0,0.000000
29,1.553496,34.490000,1.995028,0.000000,0.000000,1.000000,0.000000,1.000000,0.000000,0,25000,0,25000,25000,14700,14700,0,10300,10300,0.588000,1.000000,0,0,0.000000
30,1.530544,37.530000,1.983509,0.000000,0.000000,1.000000,0.000000,1.000000,0.000000,0,25000,0,25000,25000,14480,14480,0,10520,10520,0.579200,1.000000,0,0,0.000000
31,1.401645,38.290000,1.960836,0.000000,0.000000,1.000000,0.000000,1.000000,0.000000,0,25000,0,25000,25000,15816,15816,0,9184,9184,0.632640,1.000000,0,0,0.000000
32,1.628223,34.560000,1.983707,0.000000,0.000000,1.000000,0.000000,1.000000,0.000000,0,25000,0,25000,25000,13668,13668,0,11332,11332,0.546720,1.000000,0,0,0.000000
33,1.602881,36.680000,1.989391,0.000000,0.000000,1.000000,0.000000,1.000000,0.000000,0,25000,0,25000,25000,13876,13876,0,11124,11124,0.555040,1.000000,0,0,0.000000
34,1.465139,34.050000,1.985193,0.000000,0.000000,1.000000,0.000000,1.000000,0.000000,0,25000,0,25000,25000,15268,15268,0,9732,9732,0.610720,1.000000,0,0,0.000000
35,1.545485,36.280000,1.983039,0.000000,0.000000,1.000000,0.000000,1.000000,0.000000,0,25000,0,25000,25000,14476,14476,0,10524,10524,0.579040,1.000000,0,0,0.000000
36,1.439010,36.760000,1.972278,0.000000,0.000000,1.000000,0.000000,1.000000,0.000000,0,25000,0,25000,25000,15392,15392,0,9608,9608,0.615680,1.000000,0,0,0.000000
37,1.412750,37.760000,1.949653,0.000000,0.000000,1.000000,0.000000,1.000000,0.000000,0,25000,0,25000,25000,15728,15728,0,9272,9272,0.629120,1.000000,0,0,0.000000
38,1.426733,37.890000,1.952868,0.000000,0.000000,1.000000,0.000000,1.000000,0.000000,0,25000,0,25000,25000,15356,15356,0,9644,9644,0.614240,1.000000,0,0,0.000000
39,1.562024,36.810000,1.972780,0.000000,0.000000,1.000000,0.000000,1.000000,0.000000,0,25000,0,25000,25000,14032,14032,0,10968,10968,0.561280,1.000000,0,0,0.000000
40,1.414836,37.920000,1.951074,0.000000,0.000000,1.000000,0.000000,1.000000,0.000000,0,25000,0,25000,25000,15744,15744,0,9256,9256,0.629760,1.000000,0,0,0.000000
41,1.474602,36.230000,1.963132,0.000000,0.000000,1.000000,0.000000,1.000000,0.000000,0,25000,0,25000,25000,14796,14796,0,10204,10204,0.591840,1.000000,0,0,0.000000
42,1.575319,35.430000,1.981797,0.000000,0.000000,1.000000,0.000000,1.000000,0.000000,0,25000,0,25000,25000,13920,13920,0,11080,11080,0.556800,1.000000,0,0,0.000000
43,1.483585,34.520000,1.983926,0.000000,0.000000,1.000000,0.000000,1.000000,0.000000,0,25000,0,25000,25000,14724,14724,0,10276,10276,0.588960,1.000000,0,0,0.000000
44,1.491904,35.800000,1.973837,0.000000,0.000000,1.000000,0.000000,1.000000,0.000000,0,25000,0,25000,25000,14936,14936,0,10064,10064,0.597440,1.000000,0,0,0.000000
45,1.440303,37.130000,1.955398,0.000000,0.000000,1.000000,0.000000,1.000000,0.000000,0,25000,0,25000,25000,15328,15328,0,9672,9672,0.613120,1.000000,0,0,0.000000
46,1.474450,37.650000,1.952303,0.000000,0.000000,1.000000,0.000000,1.000000,0.000000,0,25000,0,25000,25000,14492,14492,0,10508,10508,0.579680,1.000000,0,0,0.000000
47,1.523454,35.840000,1.972980,0.000000,0.000000,1.000000,0.000000,1.000000,0.000000,0,25000,0,25000,25000,14192,14192,0,10808,10808,0.567680,1.000000,0,0,0.000000
48,1.437658,34.760000,1.959314,0.000000,0.000000,1.000000,0.000000,1.000000,0.000000,0,25000,0,25000,25000,15324,15324,0,9676,9676,0.612960,1.000000,0,0,0.000000
49,1.529945,35.220000,1.986427,0.000000,0.000000,1.000000,0.000000,1.000000,0.000000,0,25000,0,25000,25000,14212,14212,0,10788,10788,0.568480,1.000000,0,0,0.000000
50,1.395314,35.230000,1.970106,0.000000,0.000000,1.000000,0.000000,1.000000,0.000000,0,25000,0,25000,25000,15492,15492,0,9508,9508,0.619680,1.000000,0,0,0.000000
51,1.422549,34.930000,1.956796,0.000000,0.000000,1.000000,0.000000,1.000000,0.000000,0,25000,0,25000,25000,15336,15336,0,9664,9664,0.613440,1.000000,0,0,0.000000
52,1.497721,35.520000,1.959518,0.000000,0.000000,1.000000,0.000000,1.000000,0.000000,0,25000,0,25000,25000,14392,14392,0,10608,10608,0.575680,1.000000,0,0,0.000000
53,1.427398,35.800000,1.958108,0.000000,0.000000,1.000000,0.000000,1.000000,0.000000,0,25000,0,25000,25000,14952,14952,0,10048,10048,0.598080,1.000000,0,0,0.000000
54,1.399602,35.860000,1.958893,0.000000,0.000000,1.000000,0.000000,1.000000,0.000000,0,25000,0,25000,25000,15496,15496,0,9504,9504,0.619840,1.000000,0,0,0.000000
55,1.418083,37.760000,1.943626,0.000000,0.000000,1.000000,0.000000,1.000000,0.000000,0,25000,0,25000,25000,15264,15264,0,9736,9736,0.610560,1.000000,0,0,0.000000
56,1.538811,36.950000,1.943623,0.000000,0.000000,1.000000,0.000000,1.000000,0.000000,0,25000,0,25000,25000,13876,13876,0,11124,11124,0.555040,1.000000,0,0,0.000000
57,1.453828,35.160000,1.965715,0.000000,0.000000,1.000000,0.000000,1.000000,0.000000,0,25000,0,25000,25000,14744,14744,0,10256,10256,0.589760,1.000000,0,0,0.000000
58,1.442688,35.920000,1.955630,0.000000,0.000000,1.000000,0.000000,1.000000,0.000000,0,25000,0,25000,25000,15160,15160,0,9840,9840,0.606400,1.000000,0,0,0.000000
59,1.433406,33.060000,1.969760,0.000000,0.000000,1.000000,0.000000,1.000000,0.000000,0,25000,0,25000,25000,15052,15052,0,9948,9948,0.602080,1.000000,0,0,0.000000
60,1.490870,33.950000,1.975248,0.000000,0.000000,1.000000,0.000000,1.000000,0.000000,0,25000,0,25000,25000,14616,14616,0,10384,10384,0.584640,1.000000,0,0,0.000000
61,1.343203,35.570000,1.943321,0.000000,0.000000,1.000000,0.000000,1.000000,0.000000,0,25000,0,25000,25000,15940,15940,0,9060,9060,0.637600,1.000000,0,0,0.000000
62,1.401001,36.000000,1.940890,0.000000,0.000000,1.000000,0.000000,1.000000,0.000000,0,25000,0,25000,25000,15280,15280,0,9720,9720,0.611200,1.000000,0,0,0.000000
63,1.390018,35.010000,1.948540,0.000000,0.000000,1.000000,0.000000,1.000000,0.000000,0,25000,0,25000,25000,15544,15544,0,9456,9456,0.621760,1.000000,0,0,0.000000
64,1.374322,36.930000,1.938626,0.000000,0.000000,1.000000,0.000000,1.000000,0.000000,0,25000,0,25000,25000,15700,15700,0,9300,9300,0.628000,1.000000,0,0,0.000000
65,1.440268,37.000000,1.936476,0.000000,0.000000,1.000000,0.000000,1.000000,0.000000,0,25000,0,25000,25000,14820,14820,0,10180,10180,0.592800,1.000000,0,0,0.000000
66,1.457562,37.130000,1.936200,0.000000,0.000000,1.000000,0.000000,1.000000,0.000000,0,25000,0,25000,25000,14660,14660,0,10340,10340,0.586400,1.000000,0,0,0.000000
67,1.476659,34.150000,1.958424,0.000000,0.000000,1.000000,0.000000,1.000000,0.000000,0,25000,0,25000,25000,14476,14476,0,10524,10524,0.579040,1.000000,0,0,0.000000
68,1.384661,37.550000,1.930690,0.000000,0.000000,1.000000,0.000000,1.000000,0.000000,0,25000,0,25000,25000,15316,15316,0,9684,9684,0.612640,1.000000,0,0,0.000000
69,1.518064,34.400000,1.968838,0.000000,0.000000,1.000000,0.000000,1.000000,0.000000,0,25000,0,25000,25000,14028,14028,0,10972,10972,0.561120,1.000000,0,0,0.000000
70,1.454259,35.100000,1.956174,0.000000,0.000000,1.000000,0.000000,1.000000,0.000000,0,25000,0,25000,25000,14556,14556,0,10444,10444,0.582240,1.000000,0,0,0.000000
71,1.430339,36.660000,1.945188,0.000000,0.000000,1.000000,0.000000,1.000000,0.000000,0,25000,0,25000,25000,14796,14796,0,10204,10204,0.591840,1.000000,0,0,0.000000
72,1.367675,37.290000,1.927178,0.000000,0.000000,1.000000,0.000000,1.000000,0.000000,0,25000,0,25000,25000,15448,15448,0,9552,9552,0.617920,1.000000,0,0,0.000000
73,1.313538,34.700000,1.936093,0.000000,0.000000,1.000000,0.000000,1.000000,0.000000,0,25000,0,25000,25000,16132,16132,0,8868,8868,0.645280,1.000000,0,0,0.000000
74,1.391756,33.850000,1.948661,0.000000,0.000000,1.000000,0.000000,1.000000,0.000000,0,25000,0,25000,25000,15008,15008,0,9992,9992,0.600320,1.000000,0,0,0.000000
75,1.352670,36.180000,1.931522,0.000000,0.000000,1.000000,0.000000,1.000000,0.000000,0,25000,0,25000,25000,15592,15592,0,9408,9408,0.623680,1.000000,0,0,0.000000
76,1.447845,35.140000,1.943326,0.000000,0.000000,1.000000,0.000000,1.000000,0.000000,0,25000,0,25000,25000,14772,14772,0,10228,10228,0.590880,1.000000,0,0,0.000000
77,1.330548,34.310000,1.934813,0.000000,0.000000,1.000000,0.000000,1.000000,0.000000,0,25000,0,25000,25000,15928,15928,0,9072,9072,0.637120,1.000000,0,0,0.000000
78,1.392985,36.230000,1.924297,0.000000,0.000000,1.000000,0.000000,1.000000,0.000000,0,25000,0,25000,25000,15068,15068,0,9932,9932,0.602720,1.000000,0,0,0.000000
79,1.384321,32.830000,1.945797,0.000000,0.000000,1.000000,0.000000,1.000000,0.000000,0,25000,0,25000,25000,15644,15644,0,9356,9356,0.625760,1.000000,0,0,0.000000
80,1.446341,33.650000,1.954700,0.000000,0.000000,1.000000,0.000000,1.000000,0.000000,0,25000,0,25000,25000,14560,14560,0,10440,10440,0.582400,1.000000,0,0,0.000000
81,1.362801,33.610000,1.951304,0.000000,0.000000,1.000000,0.000000,1.000000,0.000000,0,25000,0,25000,25000,15372,15372,0,9628,9628,0.614880,1.000000,0,0,0.000000
82,1.400437,34.380000,1.944787,0.000000,0.000000,1.000000,0.000000,1.000000,0.000000,0,25000,0,25000,25000,15220,15220,0,9780,9780,0.608800,1.000000,0,0,0.000000
83,1.414757,34.470000,1.943898,0.000000,0.000000,1.000000,0.000000,1.000000,0.000000,0,25000,0,25000,25000,14560,14560,0,10440,10440,0.582400,1.000000,0,0,0.000000
84,1.441491,34.550000,1.943520,0.000000,0.000000,1.000000,0.000000,1.000000,0.000000,0,25000,0,25000,25000,14672,14672,0,10328,10328,0.586880,1.000000,0,0,0.000000
85,1.358860,33.070000,1.948770,0.000000,0.000000,1.000000,0.000000,1.000000,0.000000,0,25000,0,25000,25000,15280,15280,0,9720,9720,0.611200,1.000000,0,0,0.000000
86,1.457069,32.050000,1.968663,0.000000,0.000000,1.000000,0.000000,1.000000,0.000000,0,25000,0,25000,25000,14536,14536,0,10464,10464,0.581440,1.000000,0,0,0.000000
87,1.306495,34.300000,1.930157,0.000000,0.000000,1.000000,0.000000,1.000000,0.000000,0,25000,0,25000,25000,15912,15912,0,9088,9088,0.636480,1.000000,0,0,0.000000
88,1.433210,33.120000,1.959586,0.000000,0.000000,1.000000,0.000000,1.000000,0.000000,0,25000,0,25000,25000,14680,14680,0,10320,10320,0.587200,1.000000,0,0,0.000000
89,1.376050,35.020000,1.935150,0.000000,0.000000,1.000000,0.000000,1.000000,0.000000,0,25000,0,25000,25000,15192,15192,0,9808,9808,0.607680,1.000000,0,0,0.000000
90,1.329103,34.490000,1.944052,0.000000,0.000000,1.000000,0.000000,1.000000,0.000000,0,25000,0,25000,25000,15668,15668,0,9332,9332,0.626720,1.000000,0,0,0.000000
91,1.362614,33.730000,1.950260,0.000000,0.000000,1.000000,0.000000,1.000000,0.000000,0,25000,0,25000,25000,15144,15144,0,9856,9856,0.605760,1.000000,0,0,0.000000
92,1.476362,32.260000,1.972799,0.000000,0.000000,1.000000,0.000000,1.000000,0.000000,0,25000,0,25000,25000,13992,13992,0,11008,11008,0.559680,1.000000,0,0,0.000000
93,1.284343,33.990000,1.945389,0.000000,0.000000,1.000000,0.000000,1.000000,0.000000,0,25000,0,25000,25000,15912,15912,0,9088,9088,0.636480,1.000000,0,0,0.000000
94,1.456937,33.800000,1.946634,0.000000,0.000000,1.000000,0.000000,1.000000,0.000000,0,25000,0,25000,25000,14112,14112,0,10888,10888,0.564480,1.000000,0,0,0.000000
95,1.263514,34.270000,1.930873,0.000000,0.000000,1.000000,0.000000,1.000000,0.000000,0,25000,0,25000,25000,16224,16224,0,8776,8776,0.648960,1.000000,0,0,0.000000
96,1.397226,35.570000,1.922604,0.000000,0.000000,1.000000,0.000000,1.000000,0.000000,0,25000,0,25000,25000,14520,14520,0,10480,10480,0.580800,1.000000,0,0,0.000000
97,1.464153,32.920000,1.953888,0.000000,0.000000,1.000000,0.000000,1.000000,0.000000,0,25000,0,25000,25000,13948,13948,0,11052,11052,0.557920,1.000000,0,0,0.000000
98,1.359303,32.700000,1.951233,0.000000,0.000000,1.000000,0.000000,1.000000,0.000000,0,25000,0,25000,25000,15268,15268,0,9732,9732,0.610720,1.000000,0,0,0.000000
99,1.401408,33.070000,1.960768,0.000000,0.000000,1.000000,0.000000,1.000000,0.000000,0,25000,0,25000,25000,14816,14816,0,10184,10184,0.592640,1.000000,0,0,0.000000
100,0.460098,39.100000,1.818621,0.000000,0.000000,0.628000,0.000000,0.628000,0.833880,1,15700,0,15700,25000,14463,15516,1053,1237,2290,0.921210,0.932135,0,0,0.000000
101,0.518684,37.320000,1.812287,0.000000,0.000000,0.594120,0.000000,0.594120,0.832040,1,14853,0,14853,25000,13076,15264,2188,1777,3965,0.880361,0.856656,0,0,0.000000
102,0.593858,38.840000,1.795213,0.000000,0.000000,0.573480,0.000000,0.573480,0.820480,1,14337,0,14337,25000,12120,14440,2320,2217,4537,0.845365,0.839335,0,0,0.000000
103,0.537239,42.300000,1.769597,0.000000,0.000000,0.601360,0.000000,0.601360,0.823920,1,15034,0,15034,25000,13037,15528,2491,1997,4488,0.867168,0.839580,0,0,0.000000
104,0.493756,45.530000,1.698064,0.000000,0.000000,0.614520,0.000000,0.614520,0.837280,1,15363,0,15363,25000,13520,16260,2740,1843,4583,0.880036,0.831488,0,0,0.000000
105,0.646564,45.310000,1.662840,0.000000,0.000000,0.616280,0.000000,0.616280,0.787800,1,15407,0,15407,25000,12589,14704,2115,2818,4933,0.817096,0.856162,0,0,0.000000
106,0.498871,45.340000,1.681041,0.000000,0.000000,0.617040,0.000000,0.617040,0.837360,1,15426,0,15426,25000,13426,15796,2370,2000,4370,0.870349,0.849962,0,0,0.000000
107,0.633513,44.430000,1.698456,0.000000,0.000000,0.599600,0.000000,0.599600,0.754040,1,14990,0,14990,25000,12129,14368,2239,2861,5100,0.809139,0.844168,0,0,0.000000
108,0.798827,44.980000,1.717197,0.000000,0.000000,0.617840,0.000000,0.617840,0.732000,1,15446,0,15446,25000,11523,13344,1821,3923,5744,0.746018,0.863534,0,0,0.000000
109,0.718584,46.230000,1.742987,0.000000,0.000000,0.637480,0.000000,0.637480,0.781480,1,15937,0,15937,25000,12345,14096,1751,3592,5343,0.774613,0.875780,0,0,0.000000
110,0.648241,45.010000,1.750050,0.000000,0.000000,0.655040,0.000000,0.655040,0.789520,1,16376,0,16376,25000,13132,15212,2080,3244,5324,0.801905,0.863266,0,0,0.000000
111,0.657128,45.470000,1.760149,0.000000,0.000000,0.645920,0.000000,0.645920,0.786840,1,16148,0,16148,25000,13075,15184,2109,3073,5182,0.809698,0.861104,0,0,0.000000
112,0.636172,45.010000,1.751782,0.000000,0.000000,0.669840,0.000000,0.669840,0.778280,1,16746,0,16746,25000,13505,15516,2011,3241,5252,0.806461,0.870392,0,0,0.000000
113,0.706892,45.260000,1.732074,0.000000,0.000000,0.654520,0.000000,0.654520,0.784800,1,16363,0,16363,25000,12550,14916,2366,3813,6179,0.766974,0.841378,0,0,0.000000
114,0.575529,46.860000,1.699465,0.000000,0.000000,0.654720,0.000000,0.654720,0.824560,1,16368,0,16368,25000,13627,15312,1685,2741,4426,0.832539,0.889956,0,0,0.000000
115,0.743600,44.590000,1.755480,0.000000,0.000000,0.632560,0.000000,0.632560,0.759600,1,15814,0,15814,25000,11997,14124,2127,3817,5944,0.758632,0.849405,0,0,0.000000
116,0.748045,44.610000,1.737817,0.000000,0.000000,0.670120,0.000000,0.670120,0.761080,1,16753,0,16753,25000,12714,14576,1862,4039,5901,0.758909,0.872256,0,0,0.000000
117,0.707213,46.590000,1.705568,0.000000,0.000000,0.656040,0.000000,0.656040,0.766000,1,16401,0,16401,25000,12925,14932,2007,3476,5483,0.788062,0.865591,0,0,0.000000
118,0.677837,44.270000,1.719559,0.000000,0.000000,0.623640,0.000000,0.623640,0.814560,1,15591,0,15591,25000,12199,14140,1941,3392,5333,0.782439,0.862730,0,0,0.000000
119,0.705020,45.280000,1.744782,0.000000,0.000000,0.660280,0.000000,0.660280,0.782200,1,16507,0,16507,25000,12770,14256,1486,3737,5223,0.773611,0.895763,0,0,0.000000
120,0.674186,46.040000,1.734625,0.000000,0.000000,0.678960,0.000000,0.678960,0.801080,1,16974,0,16974,25000,13548,15468,1920,3426,5346,0.798162,0.875873,0,0,0.000000
121,0.711850,46.610000,1.720982,0.000000,0.000000,0.679520,0.000000,0.679520,0.808440,1,16988,0,16988,25000,12980,14892,1912,4008,5920,0.764069,0.871609,0,0,0.000000
122,0.682652,46.390000,1.720162,0.000000,0.000000,0.652000,0.000000,0.652000,0.789880,1,16300,0,16300,25000,12801,15312,2511,3499,6010,0.785337,0.836011,0,0,0.000000
123,0.800530,47.280000,1.741995,0.000000,0.000000,0.654800,0.000000,0.654800,0.762640,1,16370,0,16370,25000,11778,13636,1858,4592,6450,0.719487,0.863743,0,0,0.000000
124,0.675743,45.060000,1.744584,0.000000,0.000000,0.679880,0.000000,0.679880,0.790560,1,16997,0,16997,25000,13324,15128,1804,3673,5477,0.783903,0.880751,0,0,0.000000
125,0.645191,46.560000,1.756151,0.000000,0.000000,0.702080,0.000000,0.702080,0.798240,1,17552,0,17552,25000,14066,15336,1270,3486,4756,0.801390,0.917188,0,0,0.000000
126,0.588732,45.570000,1.746796,0.000000,0.000000,0.667840,0.000000,0.667840,0.828240,1,16696,0,16696,25000,13660,16192,2532,3036,5568,0.818160,0.843626,0,0,0.000000
127,0.653414,46.260000,1.742997,0.000000,0.000000,0.646160,0.000000,0.646160,0.784400,1,16154,0,16154,25000,12817,14480,1663,3337,5000,0.793426,0.885152,0,0,0.000000
128,0.571397,45.060000,1.769832,0.000000,0.000000,0.674400,0.000000,0.674400,0.805600,1,16860,0,16860,25000,14078,16160,2082,2782,4864,0.834994,0.871163,0,0,0.000000
129,0.641663,43.430000,1.773094,0.000000,0.000000,0.613680,0.000000,0.613680,0.795240,1,15342,0,15342,25000,11908,14500,2592,3434,6026,0.776170,0.821241,0,0,0.000000
130,0.570986,46.480000,1.715661,0.000000,0.000000,0.674360,0.000000,0.674360,0.835840,1,16859,0,16859,25000,13914,16184,2270,2945,5215,0.825316,0.859738,0,0,0.000000
131,0.531500,47.490000,1.662800,0.000000,0.000000,0.648680,0.000000,0.648680,0.833360,1,16217,0,16217,25000,13803,16316,2513,2414,4927,0.851144,0.845979,0,0,0.000000
132,0.601310,47.310000,1.677362,0.000000,0.000000,0.648120,0.000000,0.648120,0.811200,1,16203,0,16203,25000,13194,15408,2214,3009,5223,0.814294,0.856308,0,0,0.000000
133,0.717465,47.200000,1.668701,0.000000,0.000000,0.612600,0.000000,0.612600,0.797280,1,15315,0,15315,25000,11567,13824,2257,3748,6005,0.755273,0.836733,0,0,0.000000
134,0.535896,47.800000,1.671822,0.000000,0.000000,0.659440,0.000000,0.659440,0.823960,1,16486,0,16486,25000,13967,15888,1921,2519,4440,0.847204,0.879091,0,0,0.000000
135,0.581121,47.400000,1.673518,0.000000,0.000000,0.648880,0.000000,0.648880,0.802000,1,16222,0,16222,25000,13400,15060,1660,2822,4482,0.826039,0.889774,0,0,0.000000
136,0.612186,49.520000,1.626459,0.000000,0.000000,0.661360,0.000000,0.661360,0.817720,1,16534,0,16534,25000,13489,15724,2235,3045,5280,0.815834,0.857861,0,0,0.000000
137,0.546432,48.170000,1.616636,0.000000,0.000000,0.617040,0.000000,0.617040,0.838680,1,15426,0,15426,25000,12633,14692,2059,2793,4852,0.818942,0.859856,0,0,0.000000
138,0.544453,47.670000,1.624907,0.000000,0.000000,0.643600,0.000000,0.643600,0.825920,1,16090,0,16090,25000,13499,15136,1637,2591,4228,0.838968,0.891847,0,0,0.000000
139,0.620503,47.340000,1.593983,0.000000,0.000000,0.645800,0.000000,0.645800,0.821080,1,16145,0,16145,25000,13021,15128,2107,3124,5231,0.806504,0.860722,0,0,0.000000
140,0.630496,46.530000,1.556693,0.000000,0.000000,0.626360,0.000000,0.626360,0.787200,1,15659,0,15659,25000,12690,14832,2142,2969,5111,0.810397,0.855583,0,0,0.000000
141,0.519760,45.700000,1.542975,0.000000,0.000000,0.671920,0.000000,0.671920,0.844160,1,16798,0,16798,25000,14354,16284,1930,2444,4374,0.854506,0.881479,0,0,0.000000
142,0.601028,47.590000,1.483730,0.000000,0.000000,0.642960,0.000000,0.642960,0.829920,1,16074,0,16074,25000,13223,14652,1429,2851,4280,0.822633,0.902471,0,0,0.000000
143,0.504650,49.660000,1.442827,0.000000,0.000000,0.669800,0.000000,0.669800,0.853840,1,16745,0,16745,25000,14442,15872,1430,2303,3733,0.862466,0.909904,0,0,0.000000
144,0.501265,48.960000,1.438112,0.000000,0.000000,0.659600,0.000000,0.659600,0.843160,1,16490,0,16490,25000,14343,15512,1169,2147,3316,0.869800,0.924639,0,0,0.000000
145,0.575915,50.420000,1.403647,0.000000,0.000000,0.691280,0.000000,0.691280,0.819360,1,17282,0,17282,25000,14541,15656,1115,2741,3856,0.841396,0.928781,0,0,0.000000
146,0.533955,47.740000,1.439729,0.000000,0.000000,0.680360,0.000000,0.680360,0.824360,1,17009,0,17009,25000,14562,15700,1138,2447,3585,0.856135,0.927516,0,0,0.000000
147,0.608013,46.740000,1.439753,0.000000,0.000000,0.673960,0.000000,0.673960,0.810560,1,16849,0,16849,25000,13894,14896,1002,2955,3957,0.824619,0.932734,0,0,0.000000
148,0.595974,47.130000,1.434380,0.000000,0.000000,0.671360,0.000000,0.671360,0.825040,1,16784,0,16784,25000,13932,14904,972,2852,3824,0.830076,0.934783,0,0,0.000000
149,0.591891,50.360000,1.373548,0.000000,0.000000,0.662360,0.000000,0.662360,0.824760,1,16559,0,16559,25000,13560,14560,1000,2999,3999,0.818890,0.931319,0,0,0.000000
150,0.667326,48.180000,1.416749,0.000000,0.000000,0.670720,0.000000,0.670720,0.801440,1,16768,0,16768,25000,13248,14140,892,3520,4412,0.790076,0.936917,0,0,0.000000
151,0.533641,49.370000,1.394326,0.000000,0.000000,0.684360,0.000000,0.684360,0.837800,1,17109,0,17109,25000,14625,15876,1251,2484,3735,0.854813,0.921202,0,0,0.000000
152,0.630866,46.570000,1.440283,0.000000,0.000000,0.689360,0.000000,0.689360,0.799200,1,17234,0,17234,25000,13937,14888,951,3297,4248,0.808692,0.936123,0,0,0.000000
153,0.522281,48.160000,1.411707,0.000000,0.000000,0.678360,0.000000,0.678360,0.856480,1,16959,0,16959,25000,14371,15352,981,2588,3569,0.847397,0.936100,0,0,0.000000
154,0.636745,49.370000,1.391130,0.000000,0.000000,0.671760,0.000000,0.671760,0.816840,1,16794,0,16794,25000,13480,14324,844,3314,4158,0.802668,0.941078,0,0,0.000000
155,0.599176,49.180000,1.402784,0.000000,0.000000,0.665320,0.000000,0.665320,0.842520,1,16633,0,16633,25000,13690,14832,1142,2943,4085,0.823063,0.923004,0,0,0.000000
156,0.570754,49.470000,1.384819,0.000000,0.000000,0.678120,0.000000,0.678120,0.811120,1,16953,0,16953,25000,14150,15128,978,2803,3781,0.834661,0.935352,0,0,0.000000
157,0.798878,49.380000,1.386938,0.000000,0.000000,0.683720,0.000000,0.683720,0.766600,1,17093,0,17093,25000,12704,13596,892,4389,5281,0.743228,0.934392,0,0,0.000000
158,0.549716,49.700000,1.391626,0.000000,0.000000,0.696400,0.000000,0.696400,0.838720,1,17410,0,17410,25000,14636,15632,996,2774,3770,0.840666,0.936285,0,0,0.000000
159,0.670231,48.910000,1.409462,0.000000,0.000000,0.680120,0.000000,0.680120,0.811320,1,17003,0,17003,25000,13509,14344,835,3494,4329,0.794507,0.941788,0,0,0.000000
160,0.519046,49.850000,1.393113,0.000000,0.000000,0.666560,0.000000,0.666560,0.851800,1,16664,0,16664,25000,13951,14848,897,2713,3610,0.837194,0.939588,0,0,0.000000
161,0.513155,48.260000,1.415746,0.000000,0.000000,0.677040,0.000000,0.677040,0.828120,1,16926,0,16926,25000,14531,15604,1073,2395,3468,0.858502,0.931236,0,0,0.000000
162,0.561549,48.670000,1.396129,0.000000,0.000000,0.676320,0.000000,0.676320,0.834680,1,16908,0,16908,25000,13963,14924,961,2945,3906,0.825822,0.935607,0,0,0.000000
163,0.653319,50.020000,1.369033,0.000000,0.000000,0.716600,0.000000,0.716600,0.811640,1,17915,0,17915,25000,14438,15304,866,3477,4343,0.805917,0.943413,0,0,0.000000
164,0.650557,49.760000,1.377460,0.000000,0.000000,0.706200,0.000000,0.706200,0.815720,1,17655,0,17655,25000,14231,15168,937,3424,4361,0.806061,0.938225,0,0,0.000000
165,0.618241,48.260000,1.412258,0.000000,0.000000,0.678920,0.000000,0.678920,0.823360,1,16973,0,16973,25000,13743,14716,973,3230,4203,0.809698,0.933881,0,0,0.000000
166,0.564704,50.300000,1.386075,0.000000,0.000000,0.702600,0.000000,0.702600,0.834240,1,17565,0,17565,25000,14819,15860,1041,2746,3787,0.843666,0.934363,0,0,0.000000
167,0.517968,50.950000,1.379961,0.000000,0.000000,0.688520,0.000000,0.688520,0.846720,1,17213,0,17213,25000,14582,15580,998,2631,3629,0.847150,0.935944,0,0,0.000000
168,0.493228,49.670000,1.383539,0.000000,0.000000,0.675720,0.000000,0.675720,0.838080,1,16893,0,16893,25000,14726,15800,1074,2167,3241,0.871722,0.932025,0,0,0.000000
169,0.494290,47.490000,1.422721,0.000000,0.000000,0.691640,0.000000,0.691640,0.859240,1,17291,0,17291,25000,14984,15920,936,2307,3243,0.866578,0.941206,0,0,0.000000
170,0.546654,45.910000,1.449932,0.000000,0.000000,0.685240,0.000000,0.685240,0.842880,1,17131,0,17131,25000,14324,15156,832,2807,3639,0.836145,0.945104,0,0,0.000000
171,0.564190,48.710000,1.398938,0.000000,0.000000,0.682360,0.000000,0.682360,0.843760,1,17059,0,17059,25000,14289,15296,1007,2770,3777,0.837622,0.934166,0,0,0.000000
172,0.574664,49.830000,1.371230,0.000000,0.000000,0.707120,0.000000,0.707120,0.838840,1,17678,0,17678,25000,14611,15540,929,3067,3996,0.826508,0.940219,0,0,0.000000
173,0.512468,51.250000,1.357325,0.000000,0.000000,0.705520,0.000000,0.705520,0.854040,1,17638,0,17638,25000,15217,16228,1011,2421,3432,0.862740,0.937700,0,0,0.000000
174,0.580170,50.280000,1.373772,0.000000,0.000000,0.680480,0.000000,0.680480,0.814400,1,17012,0,17012,25000,13981,14868,887,3031,3918,0.821832,0.940342,0,0,0.000000
175,0.511229,51.390000,1.345966,0.000000,0.000000,0.683080,0.000000,0.683080,0.843480,1,17077,0,17077,25000,14661,15652,991,2416,3407,0.858523,0.936685,0,0,0.000000
176,0.516871,51.130000,1.345759,0.000000,0.000000,0.681600,0.000000,0.681600,0.832880,1,17040,0,17040,25000,14442,15392,950,2598,3548,0.847535,0.938280,0,0,0.000000
177,0.532784,49.990000,1.371610,0.000000,0.000000,0.682160,0.000000,0.682160,0.838880,1,17054,0,17054,25000,14375,15212,837,2679,3516,0.842911,0.944978,0,0,0.000000
178,0.457532,51.210000,1.348890,0.000000,0.000000,0.688120,0.000000,0.688120,0.859160,1,17203,0,17203,25000,15056,16024,968,2147,3115,0.875196,0.939591,0,0,0.000000
179,0.624295,50.810000,1.356880,0.000000,0.000000,0.687600,0.000000,0.687600,0.817800,1,17190,0,17190,25000,13783,14640,857,3407,4264,0.801803,0.941462,0,0,0.000000
180,0.451864,51.500000,1.352068,0.000000,0.000000,0.692920,0.000000,0.692920,0.853360,1,17323,0,17323,25000,15497,16656,1159,1826,2985,0.894591,0.930415,0,0,0.000000
181,0.593702,49.250000,1.396068,0.000000,0.000000,0.669720,0.000000,0.669720,0.806640,1,16743,0,16743,25000,13871,14876,1005,2872,3877,0.828466,0.932442,0,0,0.000000
182,0.624797,50.590000,1.353734,0.000000,0.000000,0.677400,0.000000,0.677400,0.820880,1,16935,0,16935,25000,13693,14516,823,3242,4065,0.808562,0.943304,0,0,0.000000
183,0.485649,49.690000,1.365239,0.000000,0.000000,0.684360,0.000000,0.684360,0.862320,1,17109,0,17109,25000,14787,15776,989,2322,3311,0.864282,0.937310,0,0,0.000000
184,0.527538,49.920000,1.371576,0.000000,0.000000,0.705680,0.000000,0.705680,0.851360,1,17642,0,17642,25000,14907,15952,1045,2735,3780,0.844972,0.934491,0,0,0.000000
185,0.571544,50.030000,1.377142,0.000000,0.000000,0.685320,0.000000,0.685320,0.833160,1,17133,0,17133,25000,14187,15168,981,2946,3927,0.828051,0.935324,0,0,0.000000
186,0.613932,48.980000,1.380280,0.000000,0.000000,0.666040,0.000000,0.666040,0.827040,1,16651,0,16651,25000,13622,14528,906,3029,3935,0.818089,0.937638,0,0,0.000000
187,0.599646,49.370000,1.395154,0.000000,0.000000,0.691200,0.000000,0.691200,0.832840,1,17280,0,17280,25000,14120,15008,888,3160,4048,0.817130,0.940832,0,0,0.000000
188,0.552657,48.390000,1.400480,0.000000,0.000000,0.662560,0.000000,0.662560,0.836800,1,16564,0,16564,25000,13510,14416,906,3054,3960,0.815624,0.937153,0,0,0.000000
189,0.591271,46.160000,1.457314,0.000000,0.000000,0.698560,0.000000,0.698560,0.835280,1,17464,0,17464,25000,14345,15196,851,3119,3970,0.821404,0.943998,0,0,0.000000
190,0.584972,49.620000,1.385726,0.000000,0.000000,0.705160,0.000000,0.705160,0.829480,1,17629,0,17629,25000,14508,15500,992,3121,4113,0.822962,0.936000,0,0,0.000000
191,0.539641,50.260000,1.371389,0.000000,0.000000,0.692920,0.000000,0.692920,0.862880,1,17323,0,17323,25000,14502,15520,1018,2821,3839,0.837153,0.934407,0,0,0.000000
192,0.416689,49.130000,1.407265,0.000000,0.000000,0.697960,0.000000,0.697960,0.878600,1,17449,0,17449,25000,15461,16612,1151,1988,3139,0.886068,0.930713,0,0,0.000000
193,0.651750,51.130000,1.354344,0.000000,0.000000,0.690040,0.000000,0.690040,0.804880,1,17251,0,17251,25000,13728,14676,948,3523,4471,0.795780,0.935405,0,0,0.000000
194,0.577175,48.510000,1.414780,0.000000,0.000000,0.673720,0.000000,0.673720,0.830160,1,16843,0,16843,25000,13776,14628,852,3067,3919,0.817907,0.941756,0,0,0.000000
195,0.624042,49.530000,1.390905,0.000000,0.000000,0.681960,0.000000,0.681960,0.817720,1,17049,0,17049,25000,13757,14524,767,3292,4059,0.806909,0.947191,0,0,0.000000
196,0.602330,48.630000,1.411494,0.000000,0.000000,0.689840,0.000000,0.689840,0.828480,1,17246,0,17246,25000,14065,14928,863,3181,4044,0.815551,0.942189,0,0,0.000000
197,0.658311,49.450000,1.393903,0.000000,0.000000,0.671800,0.000000,0.671800,0.811440,1,16795,0,16795,25000,13042,13848,806,3753,4559,0.776541,0.941797,0,0,0.000000
198,0.588735,49.120000,1.389098,0.000000,0.000000,0.674200,0.000000,0.674200,0.822680,1,16855,0,16855,25000,13619,14348,729,3236,3965,0.808009,0.949192,0,0,0.000000
199,0.568949,48.700000,1.408669,0.000000,0.000000,0.682960,0.000000,0.682960,0.826320,1,17074,0,17074,25000,14144,15028,884,2930,3814,0.828394,0.941176,0,0,0.000000
200,0.563071,48.070000,1.420894,0.000000,0.000000,0.696680,0.000000,0.696680,0.822000,1,17417,0,17417,25000,14503,15468,965,2914,3879,0.832692,0.937613,0,0,0.000000
201,0.535276,48.010000,1.420871,0.000000,0.000000,0.692200,0.000000,0.692200,0.841160,1,17305,0,17305,25000,14448,15384,936,2857,3793,0.834903,0.939158,0,0,0.000000
202,0.512572,49.720000,1.391195,0.000000,0.000000,0.702600,0.000000,0.702600,0.847640,1,17565,0,17565,25000,14873,15768,895,2692,3587,0.846741,0.943239,0,0,0.000000
203,0.619772,49.440000,1.387576,0.000000,0.000000,0.684640,0.000000,0.684640,0.827360,1,17116,0,17116,25000,13817,14580,763,3299,4062,0.807256,0.947668,0,0,0.000000
204,0.601244,49.760000,1.378657,0.000000,0.000000,0.686880,0.000000,0.686880,0.814760,1,17172,0,17172,25000,13789,14576,787,3383,4170,0.802993,0.946007,0,0,0.000000
205,0.688652,49.990000,1.374190,0.000000,0.000000,0.677040,0.000000,0.677040,0.779280,1,16926,0,16926,25000,13159,13972,813,3767,4580,0.777443,0.941812,0,0,0.000000
206,0.571509,50.370000,1.360511,0.000000,0.000000,0.685280,0.000000,0.685280,0.835200,1,17132,0,17132,25000,14020,14864,844,3112,3956,0.818352,0.943219,0,0,0.000000
207,0.654204,49.450000,1.390021,0.000000,0.000000,0.697080,0.000000,0.697080,0.817000,1,17427,0,17427,25000,13751,14564,813,3676,4489,0.789063,0.944177,0,0,0.000000
208,0.490765,50.710000,1.360656,0.000000,0.000000,0.694280,0.000000,0.694280,0.861440,1,17357,0,17357,25000,14903,15888,985,2454,3439,0.858616,0.938004,0,0,0.000000
209,0.594368,49.620000,1.384740,0.000000,0.000000,0.693000,0.000000,0.693000,0.816160,1,17325,0,17325,25000,14134,15040,906,3191,4097,0.815815,0.939761,0,0,0.000000
210,0.642809,49.530000,1.380528,0.000000,0.000000,0.699800,0.000000,0.699800,0.810480,1,17495,0,17495,25000,14121,14892,771,3374,4145,0.807145,0.948227,0,0,0.000000
211,0.627291,50.830000,1.370394,0.000000,0.000000,0.704120,0.000000,0.704120,0.814800,1,17603,0,17603,25000,14236,15032,796,3367,4163,0.808726,0.947046,0,0,0.000000
212,0.597485,48.850000,1.412282,0.000000,0.000000,0.683120,0.000000,0.683120,0.823000,1,17078,0,17078,25000,13686,14496,810,3392,4202,0.801382,0.944123,0,0,0.000000
213,0.537305,49.580000,1.390456,0.000000,0.000000,0.698920,0.000000,0.698920,0.857720,1,17473,0,17473,25000,14545,15512,967,2928,3895,0.832427,0.937661,0,0,0.000000
214,0.642559,48.820000,1.392769,0.000000,0.000000,0.695280,0.000000,0.695280,0.808440,1,17382,0,17382,25000,13745,14716,971,3637,4608,0.790761,0.934017,0,0,0.000000
215,0.516625,47.920000,1.404209,0.000000,0.000000,0.687560,0.000000,0.687560,0.839960,1,17189,0,17189,25000,14602,15384,782,2587,3369,0.849497,0.949168,0,0,0.000000
216,0.621472,48.490000,1.389877,0.000000,0.000000,0.691400,0.000000,0.691400,0.827160,1,17285,0,17285,25000,13893,14680,787,3392,4179,0.803760,0.946390,0,0,0.000000
217,0.577891,48.220000,1.405743,0.000000,0.000000,0.701040,0.000000,0.701040,0.835960,1,17526,0,17526,25000,14298,15176,878,3228,4106,0.815817,0.942145,0,0,0.000000
218,0.509446,50.340000,1.385369,0.000000,0.000000,0.704120,0.000000,0.704120,0.836080,1,17603,0,17603,25000,15069,16036,967,2534,3501,0.856047,0.939698,0,0,0.000000
219,0.514267,50.170000,1.357741,0.000000,0.000000,0.696800,0.000000,0.696800,0.823280,1,17420,0,17420,25000,14714,15604,890,2706,3596,0.844661,0.942963,0,0,0.000000
220,0.550571,50.840000,1.361508,0.000000,0.000000,0.679120,0.000000,0.679120,0.823640,1,16978,0,16978,25000,14143,14996,853,2835,3688,0.833019,0.943118,0,0,0.000000
221,0.517954,48.980000,1.379171,0.000000,0.000000,0.704400,0.000000,0.704400,0.853960,1,17610,0,17610,25000,14961,15896,935,2649,3584,0.849574,0.941180,0,0,0.000000
222,0.555578,49.240000,1.384729,0.000000,0.000000,0.695520,0.000000,0.695520,0.839880,1,17388,0,17388,25000,14403,15276,873,2985,3858,0.828330,0.942852,0,0,0.000000
223,0.476072,50.540000,1.378050,0.000000,0.000000,0.690840,0.000000,0.690840,0.861440,1,17271,0,17271,25000,14736,15608,872,2535,3407,0.853222,0.944131,0,0,0.000000
224,0.500923,49.820000,1.412615,0.000000,0.000000,0.700560,0.000000,0.700560,0.836600,1,17514,0,17514,25000,14831,15780,949,2683,3632,0.846808,0.939861,0,0,0.000000
225,0.495079,50.160000,1.381656,0.000000,0.000000,0.713120,0.000000,0.713120,0.858440,1,17828,0,17828,25000,15102,16064,962,2726,3688,0.847094,0.940115,0,0,0.000000
226,0.479237,50.330000,1.371949,0.000000,0.000000,0.696680,0.000000,0.696680,0.867880,1,17417,0,17417,25000,15113,16180,1067,2304,3371,0.867715,0.934054,0,0,0.000000
227,0.448016,50.640000,1.367074,0.000000,0.000000,0.698600,0.000000,0.698600,0.853680,1,17465,0,17465,25000,15078,16040,962,2387,3349,0.863327,0.940025,0,0,0.000000
228,0.519450,50.150000,1.366836,0.000000,0.000000,0.713840,0.000000,0.713840,0.855720,1,17846,0,17846,25000,14975,15896,921,2871,3792,0.839124,0.942061,0,0,0.000000
229,0.553415,49.650000,1.364568,0.000000,0.000000,0.692800,0.000000,0.692800,0.842240,1,17320,0,17320,25000,14099,14928,829,3221,4050,0.814030,0.944467,0,0,0.000000
230,0.519548,50.560000,1.357121,0.000000,0.000000,0.695200,0.000000,0.695200,0.845000,1,17380,0,17380,25000,14483,15392,909,2897,3806,0.833314,0.940943,0,0,0.000000
231,0.475390,50.930000,1.355081,0.000000,0.000000,0.695960,0.000000,0.695960,0.865040,1,17399,0,17399,25000,15001,15864,863,2398,3261,0.862176,0.945600,0,0,0.000000
232,0.577759,50.300000,1.377512,0.000000,0.000000,0.672360,0.000000,0.672360,0.850240,1,16809,0,16809,25000,13697,14544,847,3112,3959,0.814861,0.941763,0,0,0.000000
233,0.603803,51.310000,1.360545,0.000000,0.000000,0.695480,0.000000,0.695480,0.802400,1,17387,0,17387,25000,14121,14988,867,3266,4133,0.812159,0.942154,0,0,0.000000
234,0.539102,50.800000,1.344179,0.000000,0.000000,0.713240,0.000000,0.713240,0.823480,1,17831,0,17831,25000,14898,15728,830,2933,3763,0.835511,0.947228,0,0,0.000000
235,0.612061,50.670000,1.356122,0.000000,0.000000,0.674960,0.000000,0.674960,0.818280,1,16874,0,16874,25000,13224,14032,808,3650,4458,0.783691,0.942417,0,0,0.000000
236,0.621731,50.730000,1.351040,0.000000,0.000000,0.708680,0.000000,0.708680,0.820080,1,17717,0,17717,25000,14048,14960,912,3669,4581,0.792911,0.939037,0,0,0.000000
237,0.630399,49.470000,1.367732,0.000000,0.000000,0.666480,0.000000,0.666480,0.798040,1,16662,0,16662,25000,13020,13772,752,3642,4394,0.781419,0.945396,0,0,0.000000
238,0.585719,48.630000,1.394521,0.000000,0.000000,0.696120,0.000000,0.696120,0.822320,1,17403,0,17403,25000,14124,14900,776,3279,4055,0.811584,0.947919,0,0,0.000000
239,0.548883,50.090000,1.380185,0.000000,0.000000,0.691440,0.000000,0.691440,0.808480,1,17286,0,17286,25000,14255,15128,873,3031,3904,0.824656,0.942292,0,0,0.000000
240,0.586196,49.920000,1.369052,0.000000,0.000000,0.691520,0.000000,0.691520,0.825800,1,17288,0,17288,25000,14190,14932,742,3098,3840,0.820801,0.950308,0,0,0.000000
241,0.605244,49.130000,1.406138,0.000000,0.000000,0.666480,0.000000,0.666480,0.833240,1,16662,0,16662,25000,13105,13960,855,3557,4412,0.786520,0.938754,0,0,0.000000
242,0.521217,49.840000,1.385852,0.000000,0.000000,0.701840,0.000000,0.701840,0.842640,1,17546,0,17546,25000,14682,15468,786,2864,3650,0.836772,0.949185,0,0,0.000000
243,0.618576,49.030000,1.408831,0.000000,0.000000,0.666760,0.000000,0.666760,0.841400,1,16669,0,16669,25000,13036,13648,612,3633,4245,0.782051,0.955158,0,0,0.000000
244,0.520965,50.860000,1.354715,0.000000,0.000000,0.711560,0.000000,0.711560,0.849680,1,17789,0,17789,25000,14786,15736,950,3003,3953,0.831188,0.939629,0,0,0.000000
245,0.525430,50.420000,1.373678,0.000000,0.000000,0.706840,0.000000,0.706840,0.838600,1,17671,0,17671,25000,14913,15856,943,2758,3701,0.843925,0.940527,0,0,0.000000
246,0.640515,50.170000,1.372737,0.000000,0.000000,0.690120,0.000000,0.690120,0.826840,1,17253,0,17253,25000,13538,14296,758,3715,4473,0.784675,0.946978,0,0,0.000000
247,0.564118,51.540000,1.344527,0.000000,0.000000,0.710000,0.000000,0.710000,0.829240,1,17750,0,17750,25000,14566,15516,950,3184,4134,0.820620,0.938773,0,0,0.000000
248,0.513357,50.910000,1.356521,0.000000,0.000000,0.705680,0.000000,0.705680,0.851040,1,17642,0,17642,25000,14882,15856,974,2760,3734,0.843555,0.938572,0,0,0.000000
249,0.563057,50.460000,1.371571,0.000000,0.000000,0.699920,0.000000,0.699920,0.834520,1,17498,0,17498,25000,14286,15220,934,3212,4146,0.816436,0.938633,0,0,0.000000
250,0.561920,50.020000,1.369462,0.000000,0.000000,0.681000,0.000000,0.681000,0.832000,1,17025,0,17025,25000,13914,14796,882,3111,3993,0.817269,0.940389,0,0,0.000000
251,0.624472,49.830000,1.386091,0.000000,0.000000,0.689840,0.000000,0.689840,0.813280,1,17246,0,17246,25000,13554,14264,710,3692,4402,0.785921,0.950224,0,0,0.000000
252,0.569788,49.930000,1.369544,0.000000,0.000000,0.686600,0.000000,0.686600,0.832000,1,17165,0,17165,25000,13914,14680,766,3251,4017,0.810603,0.947820,0,0,0.000000
253,0.548352,51.060000,1.372676,0.000000,0.000000,0.708520,0.000000,0.708520,0.823040,1,17713,0,17713,25000,14551,15432,881,3162,4043,0.821487,0.942911,0,0,0.000000
254,0.567689,49.970000,1.387540,0.000000,0.000000,0.687120,0.000000,0.687120,0.816560,1,17178,0,17178,25000,13912,14752,840,3266,4106,0.809873,0.943059,0,0,0.000000
255,0.570486,50.210000,1.364958,0.000000,0.000000,0.700560,0.000000,0.700560,0.838280,1,17514,0,17514,25000,14144,14852,708,3370,4078,0.807583,0.952330,0,0,0.000000
256,0.527937,49.510000,1.384508,0.000000,0.000000,0.702200,0.000000,0.702200,0.828880,1,17555,0,17555,25000,14697,15580,883,2858,3741,0.837197,0.943325,0,0,0.000000
257,0.598063,49.440000,1.383554,0.000000,0.000000,0.683800,0.000000,0.683800,0.819560,1,17095,0,17095,25000,13528,14276,748,3567,4315,0.791342,0.947604,0,0,0.000000
258,0.559749,48.160000,1.415492,0.000000,0.000000,0.693040,0.000000,0.693040,0.835440,1,17326,0,17326,25000,14236,15100,864,3090,3954,0.821655,0.942781,0,0,0.000000
259,0.458644,48.960000,1.410643,0.000000,0.000000,0.683000,0.000000,0.683000,0.867560,1,17075,0,17075,25000,14669,15664,995,2406,3401,0.859092,0.936479,0,0,0.000000
260,0.550269,49.110000,1.388215,0.000000,0.000000,0.691080,0.000000,0.691080,0.835040,1,17277,0,17277,25000,14452,15240,788,2825,3613,0.836488,0.948294,0,0,0.000000
261,0.635076,49.160000,1.381240,0.000000,0.000000,0.688680,0.000000,0.688680,0.817800,1,17217,0,17217,25000,13459,14228,769,3758,4527,0.781727,0.945952,0,0,0.000000
262,0.519882,48.100000,1.427096,0.000000,0.000000,0.700320,0.000000,0.700320,0.851000,1,17508,0,17508,25000,14379,15128,749,3129,3878,0.821282,0.950489,0,0,0.000000
263,0.563997,47.520000,1.449270,0.000000,0.000000,0.698640,0.000000,0.698640,0.818320,1,17466,0,17466,25000,14460,15336,876,3006,3882,0.827894,0.942879,0,0,0.000000
264,0.536338,48.620000,1.424433,0.000000,0.000000,0.680880,0.000000,0.680880,0.847800,1,17022,0,17022,25000,13895,14780,885,3127,4012,0.816297,0.940122,0,0,0.000000
265,0.552901,48.180000,1.424494,0.000000,0.000000,0.679840,0.000000,0.679840,0.831160,1,16996,0,16996,25000,13692,14484,792,3304,4096,0.805601,0.945319,0,0,0.000000
266,0.559160,48.390000,1.415433,0.000000,0.000000,0.698440,0.000000,0.698440,0.837200,1,17461,0,17461,25000,14245,15128,883,3216,4099,0.815818,0.941631,0,0,0.000000
267,0.565956,50.080000,1.376358,0.000000,0.000000,0.714120,0.000000,0.714120,0.823800,1,17853,0,17853,25000,14685,15508,823,3168,3991,0.822551,0.946931,0,0,0.000000
268,0.464884,49.830000,1.367956,0.000000,0.000000,0.699320,0.000000,0.699320,0.844800,1,17483,0,17483,25000,15022,15892,870,2461,3331,0.859235,0.945255,0,0,0.000000
269,0.563660,48.780000,1.387296,0.000000,0.000000,0.684080,0.000000,0.684080,0.821360,1,17102,0,17102,25000,13920,14628,708,3182,3890,0.813940,0.951600,0,0,0.000000
270,0.474495,49.980000,1.369559,0.000000,0.000000,0.678720,0.000000,0.678720,0.867000,1,16968,0,16968,25000,14242,14996,754,2726,3480,0.839345,0.949720,0,0,0.000000
271,0.531662,50.170000,1.372684,0.000000,0.000000,0.707160,0.000000,0.707160,0.842520,1,17679,0,17679,25000,14426,15212,786,3253,4039,0.815996,0.948330,0,0,0.000000
272,0.560255,50.940000,1.356408,0.000000,0.000000,0.718240,0.000000,0.718240,0.842040,1,17956,0,17956,25000,14691,15340,649,3265,3914,0.818167,0.957692,0,0,0.000000
273,0.487438,48.710000,1.398965,0.000000,0.000000,0.708400,0.000000,0.708400,0.852600,1,17710,0,17710,25000,15085,15848,763,2625,3388,0.851779,0.951855,0,0,0.000000
274,0.481868,49.360000,1.401316,0.000000,0.000000,0.705040,0.000000,0.705040,0.861120,1,17626,0,17626,25000,15062,15928,866,2564,3430,0.854533,0.945630,0,0,0.000000
275,0.479139,49.320000,1.408618,0.000000,0.000000,0.703000,0.000000,0.703000,0.845280,1,17575,0,17575,25000,14985,15984,999,2590,3589,0.852632,0.937500,0,0,0.000000
276,0.493392,50.640000,1.358996,0.000000,0.000000,0.710200,0.000000,0.710200,0.840200,1,17755,0,17755,25000,14997,15864,867,2758,3625,0.844663,0.945348,0,0,0.000000
277,0.546489,49.500000,1.392203,0.000000,0.000000,0.692000,0.000000,0.692000,0.849880,1,17300,0,17300,25000,14085,14840,755,3215,3970,0.814162,0.949124,0,0,0.000000
278,0.543233,48.710000,1.394370,0.000000,0.000000,0.709200,0.000000,0.709200,0.833160,1,17730,0,17730,25000,14823,15720,897,2907,3804,0.836041,0.942939,0,0,0.000000
279,0.451142,50.070000,1.369343,0.000000,0.000000,0.710640,0.000000,0.710640,0.867520,1,17766,0,17766,25000,15246,16228,982,2520,3502,0.858156,0.939487,0,0,0.000000
280,0.538933,49.620000,1.378148,0.000000,0.000000,0.684760,0.000000,0.684760,0.824440,1,17119,0,17119,25000,13987,14776,789,3132,3921,0.817045,0.946603,0,0,0.000000
281,0.551440,50.070000,1.377014,0.000000,0.000000,0.691480,0.000000,0.691480,0.827240,1,17287,0,17287,25000,13963,14704,741,3324,4065,0.807717,0.949606,0,0,0.000000
282,0.584286,50.630000,1.357868,0.000000,0.000000,0.696520,0.000000,0.696520,0.825360,1,17413,0,17413,25000,13997,14640,643,3416,4059,0.803825,0.956079,0,0,0.000000
283,0.515241,50.700000,1.368780,0.000000,0.000000,0.711160,0.000000,0.711160,0.840680,1,17779,0,17779,25000,14751,15568,817,3028,3845,0.829687,0.947521,0,0,0.000000
284,0.554022,51.040000,1.378766,0.000000,0.000000,0.697360,0.000000,0.697360,0.833480,1,17434,0,17434,25000,14244,15036,792,3190,3982,0.817024,0.947326,0,0,0.000000
285,0.537769,51.440000,1.344185,0.000000,0.000000,0.690840,0.000000,0.690840,0.845640,1,17271,0,17271,25000,14058,14864,806,3213,4019,0.813966,0.945775,0,0,0.000000
286,0.488530,48.170000,1.405191,0.000000,0.000000,0.683080,0.000000,0.683080,0.860080,1,17077,0,17077,25000,14119,14924,805,2958,3763,0.826785,0.946060,0,0,0.000000
287,0.567418,48.970000,1.392836,0.000000,0.000000,0.690160,0.000000,0.690160,0.820880,1,17254,0,17254,25000,13701,14556,855,3553,4408,0.794077,0.941261,0,0,0.000000
288,0.552475,50.590000,1.359300,0.000000,0.000000,0.677320,0.000000,0.677320,0.829160,1,16933,0,16933,25000,13551,14348,797,3382,4179,0.800272,0.944452,0,0,0.000000
289,0.565319,49.050000,1.395786,0.000000,0.000000,0.682520,0.000000,0.682520,0.829600,1,17063,0,17063,25000,13944,14848,904,3119,4023,0.817207,0.939116,0,0,0.000000
290,0.553750,49.960000,1.384895,0.000000,0.000000,0.700720,0.000000,0.700720,0.831080,1,17518,0,17518,25000,14176,14960,784,3342,4126,0.809225,0.947594,0,0,0.000000
291,0.498229,49.750000,1.375600,0.000000,0.000000,0.716960,0.000000,0.716960,0.845680,1,17924,0,17924,25000,15032,15856,824,2892,3716,0.838652,0.948032,0,0,0.000000
292,0.552405,50.080000,1.365011,0.000000,0.000000,0.693440,0.000000,0.693440,0.833680,1,17336,0,17336,25000,14082,15056,974,3254,4228,0.812298,0.935308,0,0,0.000000
293,0.569487,49.750000,1.398929,0.000000,0.000000,0.686640,0.000000,0.686640,0.829360,1,17166,0,17166,25000,13620,14320,700,3546,4246,0.793429,0.951117,0,0,0.000000
294,0.581888,48.020000,1.422243,0.000000,0.000000,0.693480,0.000000,0.693480,0.811480,1,17337,0,17337,25000,13690,14436,746,3647,4393,0.789641,0.948324,0,0,0.000000
295,0.436034,49.010000,1.395967,0.000000,0.000000,0.700840,0.000000,0.700840,0.857720,1,17521,0,17521,25000,15066,16016,950,2455,3405,0.859882,0.940684,0,0,0.000000
296,0.584171,49.100000,1.390472,0.000000,0.000000,0.698360,0.000000,0.698360,0.815760,1,17459,0,17459,25000,14061,14744,683,3398,4081,0.805373,0.953676,0,0,0.000000
297,0.462675,49.980000,1.378148,0.000000,0.000000,0.692480,0.000000,0.692480,0.864480,1,17312,0,17312,25000,14924,15756,832,2388,3220,0.862061,0.947195,0,0,0.000000
298,0.538027,50.050000,1.371203,0.000000,0.000000,0.682280,0.000000,0.682280,0.837560,1,17057,0,17057,25000,13984,14784,800,3073,3873,0.819839,0.945887,0,0,0.000000
299,0.575154,49.650000,1.394376,0.000000,0.000000,0.707880,0.000000,0.707880,0.822320,1,17697,0,17697,25000,14345,15180,835,3352,4187,0.810589,0.944993,0,0,0.000000
300,0.557287,50.570000,1.369522,0.000000,0.000000,0.709800,0.000000,0.709800,0.832080,1,17745,0,17745,25000,14340,15092,752,3405,4157,0.808115,0.950172,0,0,0.000000
301,0.523038,49.600000,1.399328,0.000000,0.000000,0.697840,0.000000,0.697840,0.848320,1,17446,0,17446,25000,14329,15112,783,3117,3900,0.821334,0.948187,0,0,0.000000
302,0.449462,50.310000,1.368735,0.000000,0.000000,0.715320,0.000000,0.715320,0.863680,1,17883,0,17883,25000,15289,16212,923,2594,3517,0.854946,0.943067,0,0,0.000000
303,0.535672,49.980000,1.383373,0.000000,0.000000,0.698040,0.000000,0.698040,0.824040,1,17451,0,17451,25000,14108,14928,820,3343,4163,0.808435,0.945070,0,0,0.000000
304,0.454735,50.190000,1.372939,0.000000,0.000000,0.696240,0.000000,0.696240,0.858640,1,17406,0,17406,25000,14872,15692,820,2534,3354,0.854418,0.947744,0,0,0.000000
305,0.447044,49.040000,1.400640,0.000000,0.000000,0.711200,0.000000,0.711200,0.852680,1,17780,0,17780,25000,15318,16064,746,2462,3208,0.861530,0.953561,0,0,0.000000
306,0.469793,48.370000,1.401110,0.000000,0.000000,0.707400,0.000000,0.707400,0.833920,1,17685,0,17685,25000,15107,15912,805,2578,3383,0.854227,0.949409,0,0,0.000000
307,0.534049,50.690000,1.366766,0.000000,0.000000,0.683320,0.000000,0.683320,0.829760,1,17083,0,17083,25000,13895,14604,709,3188,3897,0.813382,0.951452,0,0,0.000000
308,0.526633,49.700000,1.386193,0.000000,0.000000,0.710560,0.000000,0.710560,0.839120,1,17764,0,17764,25000,14611,15436,825,3153,3978,0.822506,0.946554,0,0,0.000000
309,0.563895,49.720000,1.373922,0.000000,0.000000,0.704920,0.000000,0.704920,0.822840,1,17623,0,17623,25000,14360,15120,760,3263,4023,0.814844,0.949735,0,0,0.000000
310,0.504836,50.050000,1.371897,0.000000,0.000000,0.700440,0.000000,0.700440,0.846200,1,17511,0,17511,25000,14598,15468,870,2913,3783,0.833647,0.943755,0,0,0.000000
311,0.568315,49.670000,1.373725,0.000000,0.000000,0.702440,0.000000,0.702440,0.821560,1,17561,0,17561,25000,14252,15000,748,3309,4057,0.811571,0.950133,0,0,0.000000
312,0.487794,49.740000,1.389971,0.000000,0.000000,0.705040,0.000000,0.705040,0.847480,1,17626,0,17626,25000,14971,15752,781,2655,3436,0.849370,0.950419,0,0,0.000000
313,0.541599,49.490000,1.402185,0.000000,0.000000,0.660240,0.000000,0.660240,0.834120,1,16506,0,16506,25000,13128,13912,784,3378,4162,0.795347,0.943646,0,0,0.000000
314,0.470855,49.680000,1.388134,0.000000,0.000000,0.703760,0.000000,0.703760,0.854880,1,17594,0,17594,25000,14801,15572,771,2793,3564,0.841253,0.950488,0,0,0.000000
315,0.494895,50.510000,1.364742,0.000000,0.000000,0.703800,0.000000,0.703800,0.837000,1,17595,0,17595,25000,14800,15608,808,2795,3603,0.841148,0.948232,0,0,0.000000
316,0.516544,50.920000,1.349697,0.000000,0.000000,0.684080,0.000000,0.684080,0.843680,1,17102,0,17102,25000,14017,14680,663,3085,3748,0.819612,0.954837,0,0,0.000000
317,0.479480,50.140000,1.377950,0.000000,0.000000,0.697280,0.000000,0.697280,0.859800,1,17432,0,17432,25000,14561,15432,871,2871,3742,0.835303,0.943559,0,0,0.000000
318,0.581551,50.220000,1.391278,0.000000,0.000000,0.702200,0.000000,0.702200,0.817000,1,17555,0,17555,25000,13944,14704,760,3611,4371,0.794304,0.948313,0,0,0.000000
319,0.492995,49.550000,1.375379,0.000000,0.000000,0.702920,0.000000,0.702920,0.846160,1,17573,0,17573,25000,14911,15852,941,2662,3603,0.848518,0.940638,0,0,0.000000
320,0.549777,50.360000,1.366809,0.000000,0.000000,0.697120,0.000000,0.697120,0.829880,1,17428,0,17428,25000,14306,15152,846,3122,3968,0.820863,0.944166,0,0,0.000000
321,0.552163,49.330000,1.391420,0.000000,0.000000,0.688440,0.000000,0.688440,0.827360,1,17211,0,17211,25000,13793,14640,847,3418,4265,0.801406,0.942145,0,0,0.000000
322,0.580157,48.820000,1.398034,0.000000,0.000000,0.704960,0.000000,0.704960,0.823920,1,17624,0,17624,25000,14135,15020,885,3489,4374,0.802031,0.941079,0,0,0.000000
323,0.576961,48.460000,1.402350,0.000000,0.000000,0.676480,0.000000,0.676480,0.814120,1,16912,0,16912,25000,13356,14080,724,3556,4280,0.789735,0.948580,0,0,0.000000
324,0.512558,49.800000,1.396943,0.000000,0.000000,0.705880,0.000000,0.705880,0.836000,1,17647,0,17647,25000,14362,15248,886,3285,4171,0.813849,0.941894,0,0,0.000000
325,0.576798,48.700000,1.408599,0.000000,0.000000,0.695560,0.000000,0.695560,0.811440,1,17389,0,17389,25000,14121,14892,771,3268,4039,0.812065,0.948227,0,0,0.000000
326,0.492677,49.680000,1.393294,0.000000,0.000000,0.712440,0.000000,0.712440,0.852120,1,17811,0,17811,25000,14923,15740,817,2888,3705,0.837853,0.948094,0,0,0.000000
327,0.473742,48.800000,1.401322,0.000000,0.000000,0.695200,0.000000,0.695200,0.853560,1,17380,0,17380,25000,14613,15344,731,2767,3498,0.840794,0.952359,0,0,0.000000
328,0.549492,47.910000,1.417731,0.000000,0.000000,0.701840,0.000000,0.701840,0.826680,1,17546,0,17546,25000,14005,14804,799,3541,4340,0.798188,0.946028,0,0,0.000000
329,0.557096,49.580000,1.378096,0.000000,0.000000,0.684360,0.000000,0.684360,0.827800,1,17109,0,17109,25000,13762,14468,706,3347,4053,0.804372,0.951203,0,0,0.000000
330,0.487000,50.430000,1.367382,0.000000,0.000000,0.714280,0.000000,0.714280,0.836160,1,17857,0,17857,25000,15185,16076,891,2672,3563,0.850367,0.944576,0,0,0.000000
331,0.597416,48.530000,1.424899,0.000000,0.000000,0.697520,0.000000,0.697520,0.807880,1,17438,0,17438,25000,13543,14144,601,3895,4496,0.776637,0.957508,0,0,0.000000
332,0.524800,49.760000,1.386716,0.000000,0.000000,0.680920,0.000000,0.680920,0.836800,1,17023,0,17023,25000,13830,14624,794,3193,3987,0.812430,0.945706,0,0,0.000000
333,0.520146,48.570000,1.416450,0.000000,0.000000,0.703320,0.000000,0.703320,0.829520,1,17583,0,17583,25000,14347,15020,673,3236,3909,0.815959,0.955193,0,0,0.000000
334,0.515314,48.870000,1.413453,0.000000,0.000000,0.707400,0.000000,0.707400,0.844120,1,17685,0,17685,25000,14482,15304,822,3203,4025,0.818886,0.946289,0,0,0.000000
335,0.503796,48.460000,1.431468,0.000000,0.000000,0.699200,0.000000,0.699200,0.858320,1,17480,0,17480,25000,14250,15056,806,3230,4036,0.815217,0.946467,0,0,0.000000
336,0.536515,48.710000,1.414242,0.000000,0.000000,0.672120,0.000000,0.672120,0.819240,1,16803,0,16803,25000,13565,14224,659,3238,3897,0.807296,0.953670,0,0,0.000000
337,0.492880,49.760000,1.389439,0.000000,0.000000,0.706400,0.000000,0.706400,0.841600,1,17660,0,17660,25000,14794,15520,726,2866,3592,0.837712,0.953222,0,0,0.000000
338,0.562279,48.300000,1.416081,0.000000,0.000000,0.690480,0.000000,0.690480,0.826560,1,17262,0,17262,25000,13811,14552,741,3451,4192,0.800081,0.949079,0,0,0.000000
339,0.496157,49.630000,1.396798,0.000000,0.000000,0.685880,0.000000,0.685880,0.849240,1,17147,0,17147,25000,14272,15064,792,2875,3667,0.832332,0.947424,0,0,0.000000
340,0.594941,49.140000,1.399712,0.000000,0.000000,0.691640,0.000000,0.691640,0.822120,1,17291,0,17291,25000,13473,14108,635,3818,4453,0.779191,0.954990,0,0,0.000000
341,0.492316,49.690000,1.384173,0.000000,0.000000,0.694720,0.000000,0.694720,0.856760,1,17368,0,17368,25000,14179,15060,881,3189,4070,0.816386,0.941501,0,0,0.000000
342,0.538680,49.510000,1.387795,0.000000,0.000000,0.704080,0.000000,0.704080,0.828840,1,17602,0,17602,25000,14021,14768,747,3581,4328,0.796557,0.949418,0,0,0.000000
343,0.453968,48.670000,1.422465,0.000000,0.000000,0.715800,0.000000,0.715800,0.865160,1,17895,0,17895,25000,14966,15736,770,2929,3699,0.836323,0.951068,0,0,0.000000
344,0.532967,49.170000,1.404515,0.000000,0.000000,0.686040,0.000000,0.686040,0.836960,1,17151,0,17151,25000,13910,14680,770,3241,4011,0.811031,0.947548,0,0,0.000000
345,0.454624,48.630000,1.412500,0.000000,0.000000,0.723800,0.000000,0.723800,0.859080,1,18095,0,18095,25000,15255,16068,813,2840,3653,0.843051,0.949403,0,0,0.000000
346,0.491164,49.090000,1.405537,0.000000,0.000000,0.701000,0.000000,0.701000,0.847720,1,17525,0,17525,25000,14666,15392,726,2859,3585,0.836862,0.952833,0,0,0.000000
347,0.466011,49.440000,1.392659,0.000000,0.000000,0.710880,0.000000,0.710880,0.834480,1,17772,0,17772,25000,14992,15772,780,2780,3560,0.843574,0.950545,0,0,0.000000
348,0.605815,49.690000,1.386818,0.000000,0.000000,0.702600,0.000000,0.702600,0.802160,1,17565,0,17565,25000,13869,14680,811,3696,4507,0.789582,0.944755,0,0,0.000000
349,0.520840,50.590000,1.388886,0.000000,0.000000,0.708440,0.000000,0.708440,0.846920,1,17711,0,17711,25000,14491,15256,765,3220,3985,0.818192,0.949856,0,0,0.000000
350,0.544922,49.660000,1.384784,0.000000,0.000000,0.688920,0.000000,0.688920,0.831360,1,17223,0,17223,25000,13992,14740,748,3231,3979,0.812402,0.949254,0,0,0.000000
351,0.558219,49.270000,1.388055,0.000000,0.000000,0.693840,0.000000,0.693840,0.821040,1,17346,0,17346,25000,14039,14764,725,3307,4032,0.809351,0.950894,0,0,0.000000
352,0.506815,48.150000,1.443119,0.000000,0.000000,0.700360,0.000000,0.700360,0.838480,1,17509,0,17509,25000,14572,15348,776,2937,3713,0.832258,0.949440,0,0,0.000000
353,0.427731,49.840000,1.385224,0.000000,0.000000,0.705160,0.000000,0.705160,0.864120,1,17629,0,17629,25000,14977,15820,843,2652,3495,0.849566,0.946713,0,0,0.000000
354,0.623290,48.250000,1.410703,0.000000,0.000000,0.692320,0.000000,0.692320,0.794160,1,17308,0,17308,25000,13401,14080,679,3907,4586,0.774266,0.951776,0,0,0.000000
355,0.521857,49.220000,1.407753,0.000000,0.000000,0.709320,0.000000,0.709320,0.832920,1,17733,0,17733,25000,14645,15520,875,3088,3963,0.825861,0.943621,0,0,0.000000
356,0.453621,49.050000,1.431164,0.000000,0.000000,0.707520,0.000000,0.707520,0.857640,1,17688,0,17688,25000,14994,15788,794,2694,3488,0.847693,0.949709,0,0,0.000000
357,0.476976,47.640000,1.457207,0.000000,0.000000,0.712960,0.000000,0.712960,0.851640,1,17824,0,17824,25000,14725,15496,771,3099,3870,0.826133,0.950245,0,0,0.000000
358,0.497823,48.920000,1.402964,0.000000,0.000000,0.726320,0.000000,0.726320,0.852440,1,18158,0,18158,25000,15129,15888,759,3029,3788,0.833186,0.952228,0,0,0.000000
359,0.509540,50.160000,1.386117,0.000000,0.000000,0.687080,0.000000,0.687080,0.842200,1,17177,0,17177,25000,13952,14780,828,3225,4053,0.812249,0.943978,0,0,0.000000
360,0.576882,48.980000,1.405557,0.000000,0.000000,0.699280,0.000000,0.699280,0.820120,1,17482,0,17482,25000,13627,14344,717,3855,4572,0.779487,0.950014,0,0,0.000000
361,0.517132,48.290000,1.420759,0.000000,0.000000,0.687840,0.000000,0.687840,0.830120,1,17196,0,17196,25000,14009,14712,703,3187,3890,0.814666,0.952216,0,0,0.000000
362,0.486551,49.060000,1.398132,0.000000,0.000000,0.721040,0.000000,0.721040,0.836560,1,18026,0,18026,25000,14969,15836,867,3057,3924,0.830412,0.945251,0,0,0.000000
363,0.560018,49.330000,1.396716,0.000000,0.000000,0.698920,0.000000,0.698920,0.827400,1,17473,0,17473,25000,13876,14568,692,3597,4289,0.794140,0.952499,0,0,0.000000
364,0.465359,49.460000,1.390268,0.000000,0.000000,0.697160,0.000000,0.697160,0.848320,1,17429,0,17429,25000,14624,15492,868,2805,3673,0.839061,0.943971,0,0,0.000000
365,0.676453,49.130000,1.419811,0.000000,0.000000,0.679840,0.000000,0.679840,0.801360,1,16996,0,16996,25000,12557,13268,711,4439,5150,0.738821,0.946412,0,0,0.000000
366,0.529610,48.070000,1.429717,0.000000,0.000000,0.708640,0.000000,0.708640,0.841280,1,17716,0,17716,25000,14249,14980,731,3467,4198,0.804301,0.951202,0,0,0.000000
367,0.443434,49.110000,1.403063,0.000000,0.000000,0.700560,0.000000,0.700560,0.848520,1,17514,0,17514,25000,14912,15776,864,2602,3466,0.851433,0.945233,0,0,0.000000
368,0.465104,49.110000,1.391344,0.000000,0.000000,0.705040,0.000000,0.705040,0.864080,1,17626,0,17626,25000,14668,15484,816,2958,3774,0.832180,0.947300,0,0,0.000000
369,0.495673,49.360000,1.399822,0.000000,0.000000,0.704040,0.000000,0.704040,0.852400,1,17601,0,17601,25000,14542,15332,790,3059,3849,0.826203,0.948474,0,0,0.000000
370,0.490964,48.400000,1.422111,0.000000,0.000000,0.689920,0.000000,0.689920,0.858960,1,17248,0,17248,25000,14390,15200,810,2858,3668,0.834300,0.946711,0,0,0.000000
371,0.491215,49.630000,1.384766,0.000000,0.000000,0.713720,0.000000,0.713720,0.837960,1,17843,0,17843,25000,14928,15684,756,2915,3671,0.836631,0.951798,0,0,0.000000
372,0.554882,49.210000,1.395991,0.000000,0.000000,0.700000,0.000000,0.700000,0.832160,1,17500,0,17500,25000,13765,14480,715,3735,4450,0.786571,0.950622,0,0,0.000000
373,0.517097,49.130000,1.405300,0.000000,0.000000,0.706760,0.000000,0.706760,0.831160,1,17669,0,17669,25000,14379,15148,769,3290,4059,0.813798,0.949234,0,0,0.000000
374,0.489756,48.120000,1.415630,0.000000,0.000000,0.700680,0.000000,0.700680,0.863280,1,17517,0,17517,25000,14473,15288,815,3044,3859,0.826226,0.946690,0,0,0.000000
375,0.412942,47.820000,1.435314,0.000000,0.000000,0.711560,0.000000,0.711560,0.869600,1,17789,0,17789,25000,15791,16712,921,1998,2919,0.887683,0.944890,0,0,0.000000
376,0.494987,47.700000,1.443033,0.000000,0.000000,0.709840,0.000000,0.709840,0.835920,1,17746,0,17746,25000,14828,15536,708,2918,3626,0.835569,0.954428,0,0,0.000000
377,0.399830,49.260000,1.398318,0.000000,0.000000,0.691920,0.000000,0.691920,0.882000,1,17298,0,17298,25000,15051,15884,833,2247,3080,0.870101,0.947557,0,0,0.000000
378,0.473702,49.160000,1.415942,0.000000,0.000000,0.704800,0.000000,0.704800,0.844520,1,17620,0,17620,25000,14603,15412,809,3017,3826,0.828774,0.947508,0,0,0.000000
379,0.490094,49.090000,1.411805,0.000000,0.000000,0.696880,0.000000,0.696880,0.851280,1,17422,0,17422,25000,14313,15180,867,3109,3976,0.821547,0.942885,0,0,0.000000
380,0.551069,49.910000,1.386362,0.000000,0.000000,0.681520,0.000000,0.681520,0.829120,1,17038,0,17038,25000,13611,14352,741,3427,4168,0.798861,0.948370,0,0,0.000000
381,0.477369,50.920000,1.365956,0.000000,0.000000,0.698120,0.000000,0.698120,0.862840,1,17453,0,17453,25000,14438,15196,758,3015,3773,0.827250,0.950118,0,0,0.000000
382,0.503419,49.050000,1.416257,0.000000,0.000000,0.701320,0.000000,0.701320,0.830840,1,17533,0,17533,25000,14340,15012,672,3193,3865,0.817886,0.955236,0,0,0.000000
383,0.557649,48.940000,1.417821,0.000000,0.000000,0.694280,0.000000,0.694280,0.807720,1,17357,0,17357,25000,13842,14484,642,3515,4157,0.797488,0.955675,0,0,0.000000
384,0.592358,49.030000,1.418587,0.000000,0.000000,0.687440,0.000000,0.687440,0.805080,1,17186,0,17186,25000,13294,13992,698,3892,4590,0.773537,0.950114,0,0,0.000000
385,0.526055,49.470000,1.394921,0.000000,0.000000,0.682800,0.000000,0.682800,0.837200,1,17070,0,17070,25000,13699,14372,673,3371,4044,0.802519,0.953173,0,0,0.000000
386,0.450475,48.810000,1.414833,0.000000,0.000000,0.680000,0.000000,0.680000,0.850480,1,17000,0,17000,25000,14390,15120,730,2610,3340,0.846471,0.951720,0,0,0.000000
387,0.472847,48.800000,1.419391,0.000000,0.000000,0.703560,0.000000,0.703560,0.859520,1,17589,0,17589,25000,14476,15236,760,3113,3873,0.823014,0.950118,0,0,0.000000
388,0.371841,49.710000,1.421052,0.000000,0.000000,0.689000,0.000000,0.689000,0.879560,1,17225,0,17225,25000,15127,16060,933,2098,3031,0.878200,0.941905,0,0,0.000000
389,0.499683,49.530000,1.402492,0.000000,0.000000,0.685360,0.000000,0.685360,0.847200,1,17134,0,17134,25000,14052,14832,780,3082,3862,0.820124,0.947411,0,0,0.000000
390,0.491637,50.290000,1.385159,0.000000,0.000000,0.709680,0.000000,0.709680,0.842440,1,17742,0,17742,25000,14553,15304,751,3189,3940,0.820257,0.950928,0,0,0.000000
391,0.477955,49.810000,1.386448,0.000000,0.000000,0.690040,0.000000,0.690040,0.841120,1,17251,0,17251,25000,14321,15068,747,2930,3677,0.830155,0.950425,0,0,0.000000
392,0.492721,50.590000,1.367879,0.000000,0.000000,0.699120,0.000000,0.699120,0.853000,1,17478,0,17478,25000,14615,15476,861,2863,3724,0.836194,0.944365,0,0,0.000000
393,0.604594,50.080000,1.383296,0.000000,0.000000,0.692040,0.000000,0.692040,0.813360,1,17301,0,17301,25000,13506,14188,682,3795,4477,0.780649,0.951931,0,0,0.000000
394,0.426977,50.450000,1.384105,0.000000,0.000000,0.698760,0.000000,0.698760,0.854920,1,17469,0,17469,25000,14811,15628,817,2658,3475,0.847845,0.947722,0,0,0.000000
395,0.500195,49.420000,1.415364,0.000000,0.000000,0.691360,0.000000,0.691360,0.845240,1,17284,0,17284,25000,14077,14768,691,3207,3898,0.814453,0.953210,0,0,0.000000
396,0.439864,49.590000,1.401695,0.000000,0.000000,0.682680,0.000000,0.682680,0.861840,1,17067,0,17067,25000,14301,15152,851,2766,3617,0.837933,0.943836,0,0,0.000000
397,0.561943,48.580000,1.419682,0.000000,0.000000,0.686360,0.000000,0.686360,0.825640,1,17159,0,17159,25000,13571,14240,669,3588,4257,0.790897,0.953020,0,0,0.000000
398,0.517174,48.430000,1.422600,0.000000,0.000000,0.688960,0.000000,0.688960,0.847440,1,17224,0,17224,25000,13869,14560,691,3355,4046,0.805214,0.952541,0,0,0.000000
399,0.514516,49.900000,1.389595,0.000000,0.000000,0.704920,0.000000,0.704920,0.834240,1,17623,0,17623,25000,14250,14936,686,3373,4059,0.808602,0.954071,0,0,0.000000
400,0.515509,48.970000,1.424746,0.000000,0.000000,0.714920,0.000000,0.714920,0.818800,1,17873,0,17873,25000,14564,15244,680,3309,3989,0.814860,0.955392,0,0,0.000000
401,0.516675,49.630000,1.408826,0.000000,0.000000,0.704200,0.000000,0.704200,0.834200,1,17605,0,17605,25000,14130,14996,866,3475,4341,0.802613,0.942251,0,0,0.000000
402,0.498110,49.520000,1.411335,0.000000,0.000000,0.686200,0.000000,0.686200,0.843320,1,17155,0,17155,25000,13751,14580,829,3404,4233,0.801574,0.943141,0,0,0.000000
403,0.544915,48.730000,1.439362,0.000000,0.000000,0.712360,0.000000,0.712360,0.831920,1,17809,0,17809,25000,13987,14668,681,3822,4503,0.785389,0.953572,0,0,0.000000
404,0.490185,48.140000,1.445551,0.000000,0.000000,0.703520,0.000000,0.703520,0.854960,1,17588,0,17588,25000,14457,15352,895,3131,4026,0.821981,0.941701,0,0,0.000000
405,0.539351,49.040000,1.423767,0.000000,0.000000,0.697920,0.000000,0.697920,0.824040,1,17448,0,17448,25000,14067,14748,681,3381,4062,0.806224,0.953824,0,0,0.000000
406,0.501584,49.020000,1.421984,0.000000,0.000000,0.700080,0.000000,0.700080,0.835760,1,17502,0,17502,25000,14277,14964,687,3225,3912,0.815735,0.954090,0,0,0.000000
407,0.416291,49.590000,1.415652,0.000000,0.000000,0.689240,0.000000,0.689240,0.868960,1,17231,0,17231,25000,14659,15336,677,2572,3249,0.850734,0.955856,0,0,0.000000
408,0.553316,49.320000,1.406709,0.000000,0.000000,0.697200,0.000000,0.697200,0.829520,1,17430,0,17430,25000,13682,14272,590,3748,4338,0.784968,0.958660,0,0,0.000000
409,0.494338,48.900000,1.426369,0.000000,0.000000,0.709400,0.000000,0.709400,0.838760,1,17735,0,17735,25000,14617,15440,823,3118,3941,0.824189,0.946697,0,0,0.000000
410,0.428502,49.730000,1.404078,0.000000,0.000000,0.693120,0.000000,0.693120,0.847520,1,17328,0,17328,25000,14604,15420,816,2724,3540,0.842798,0.947082,0,0,0.000000
411,0.520723,49.320000,1.416825,0.000000,0.000000,0.671240,0.000000,0.671240,0.822640,1,16781,0,16781,25000,13418,14088,670,3363,4033,0.799595,0.952442,0,0,0.000000
412,0.430970,49.420000,1.419752,0.000000,0.000000,0.704520,0.000000,0.704520,0.855640,1,17613,0,17613,25000,14884,15624,740,2729,3469,0.845058,0.952637,0,0,0.000000
413,0.489891,49.460000,1.417055,0.000000,0.000000,0.687000,0.000000,0.687000,0.856400,1,17175,0,17175,25000,14006,14812,806,3169,3975,0.815488,0.945585,0,0,0.000000
414,0.521803,48.040000,1.442559,0.000000,0.000000,0.710960,0.000000,0.710960,0.830120,1,17774,0,17774,25000,14767,15612,845,3007,3852,0.830820,0.945875,0,0,0.000000
415,0.391745,48.960000,1.438008,0.000000,0.000000,0.701440,0.000000,0.701440,0.860920,1,17536,0,17536,25000,15169,16024,855,2367,3222,0.865021,0.946643,0,0,0.000000
416,0.467887,50.780000,1.386185,0.000000,0.000000,0.682040,0.000000,0.682040,0.850080,1,17051,0,17051,25000,14036,14860,824,3015,3839,0.823178,0.944549,0,0,0.000000
417,0.490183,50.200000,1.395692,0.000000,0.000000,0.707920,0.000000,0.707920,0.840080,1,17698,0,17698,25000,14547,15360,813,3151,3964,0.821957,0.947070,0,0,0.000000
418,0.558060,49.610000,1.408309,0.000000,0.000000,0.687960,0.000000,0.687960,0.812640,1,17199,0,17199,25000,13472,14152,680,3727,4407,0.783301,0.951950,0,0,0.000000
419,0.520938,49.540000,1.404008,0.000000,0.000000,0.717840,0.000000,0.717840,0.840360,1,17946,0,17946,25000,14612,15404,792,3334,4126,0.814220,0.948585,0,0,0.000000
420,0.425478,50.330000,1.396666,0.000000,0.000000,0.689840,0.000000,0.689840,0.863120,1,17246,0,17246,25000,14677,15440,763,2569,3332,0.851038,0.950583,0,0,0.000000
421,0.478029,50.740000,1.376001,0.000000,0.000000,0.707400,0.000000,0.707400,0.844200,1,17685,0,17685,25000,14436,15172,736,3249,3985,0.816285,0.951490,0,0,0.000000
422,0.610136,49.870000,1.395847,0.000000,0.000000,0.687160,0.000000,0.687160,0.803240,1,17179,0,17179,25000,13209,13908,699,3970,4669,0.768904,0.949741,0,0,0.000000
423,0.441937,47.640000,1.473757,0.000000,0.000000,0.677200,0.000000,0.677200,0.862840,1,16930,0,16930,25000,13952,14720,768,2978,3746,0.824099,0.947826,0,0,0.000000
424,0.419704,48.740000,1.461418,0.000000,0.000000,0.714680,0.000000,0.714680,0.867040,1,17867,0,17867,25000,15362,16100,738,2505,3243,0.859797,0.954161,0,0,0.000000
425,0.497631,50.710000,1.384455,0.000000,0.000000,0.678960,0.000000,0.678960,0.848280,1,16974,0,16974,25000,13427,14228,801,3547,4348,0.791033,0.943703,0,0,0.000000
426,0.560050,49.540000,1.410993,0.000000,0.000000,0.694240,0.000000,0.694240,0.820040,1,17356,0,17356,25000,13656,14428,772,3700,4472,0.786817,0.946493,0,0,0.000000
427,0.462061,49.060000,1.420716,0.000000,0.000000,0.697280,0.000000,0.697280,0.867880,1,17432,0,17432,25000,14600,15364,764,2832,3596,0.837540,0.950273,0,0,0.000000
428,0.536681,49.310000,1.414466,0.000000,0.000000,0.678880,0.000000,0.678880,0.828880,1,16972,0,16972,25000,13369,14128,759,3603,4362,0.787709,0.946277,0,0,0.000000
429,0.436562,48.300000,1.433827,0.000000,0.000000,0.697720,0.000000,0.697720,0.850440,1,17443,0,17443,25000,14826,15572,746,2617,3363,0.849968,0.952094,0,0,0.000000
430,0.465696,49.640000,1.419148,0.000000,0.000000,0.694720,0.000000,0.694720,0.840760,1,17368,0,17368,25000,14433,15256,823,2935,3758,0.831011,0.946054,0,0,0.000000
431,0.474574,49.880000,1.423373,0.000000,0.000000,0.692360,0.000000,0.692360,0.840560,1,17309,0,17309,25000,14091,14668,577,3218,3795,0.814085,0.960663,0,0,0.000000
432,0.539738,50.070000,1.400916,0.000000,0.000000,0.705400,0.000000,0.705400,0.843120,1,17635,0,17635,25000,14131,14972,841,3504,4345,0.801304,0.943828,0,0,0.000000
433,0.515780,48.760000,1.423624,0.000000,0.000000,0.692440,0.000000,0.692440,0.830000,1,17311,0,17311,25000,13939,14584,645,3372,4017,0.805211,0.955773,0,0,0.000000
434,0.522408,49.370000,1.409392,0.000000,0.000000,0.694840,0.000000,0.694840,0.836520,1,17371,0,17371,25000,13990,14708,718,3381,4099,0.805365,0.951183,0,0,0.000000
435,0.431247,49.460000,1.407375,0.000000,0.000000,0.704080,0.000000,0.704080,0.873240,1,17602,0,17602,25000,14785,15496,711,2817,3528,0.839961,0.954117,0,0,0.000000
436,0.426580,49.200000,1.421075,0.000000,0.000000,0.704320,0.000000,0.704320,0.870520,1,17608,0,17608,25000,14906,15760,854,2702,3556,0.846547,0.945812,0,0,0.000000
437,0.546800,49.300000,1.403272,0.000000,0.000000,0.705920,0.000000,0.705920,0.817440,1,17648,0,17648,25000,14653,15356,703,2995,3698,0.830292,0.954220,0,0,0.000000
438,0.412170,49.020000,1.438544,0.000000,0.000000,0.710760,0.000000,0.710760,0.860200,1,17769,0,17769,25000,15272,16136,864,2497,3361,0.859474,0.946455,0,0,0.000000
439,0.375662,49.730000,1.423231,0.000000,0.000000,0.700960,0.000000,0.700960,0.884160,1,17524,0,17524,25000,15389,16336,947,2135,3082,0.878167,0.942030,0,0,0.000000
440,0.392405,49.910000,1.410777,0.000000,0.000000,0.712560,0.000000,0.712560,0.868720,1,17814,0,17814,25000,15359,16288,929,2455,3384,0.862187,0.942964,0,0,0.000000
441,0.484538,49.610000,1.418683,0.000000,0.000000,0.704080,0.000000,0.704080,0.847560,1,17602,0,17602,25000,14179,14808,629,3423,4052,0.805533,0.957523,0,0,0.000000
442,0.450296,50.550000,1.381707,0.000000,0.000000,0.698200,0.000000,0.698200,0.829400,1,17455,0,17455,25000,14807,15720,913,2648,3561,0.848296,0.941921,0,0,0.000000
443,0.603619,49.410000,1.406441,0.000000,0.000000,0.693360,0.000000,0.693360,0.826080,1,17334,0,17334,25000,13386,14068,682,3948,4630,0.772240,0.951521,0,0,0.000000
444,0.500533,48.550000,1.426190,0.000000,0.000000,0.693000,0.000000,0.693000,0.853440,1,17325,0,17325,25000,14073,14756,683,3252,3935,0.812294,0.953714,0,0,0.000000
445,0.468454,49.190000,1.409828,0.000000,0.000000,0.670240,0.000000,0.670240,0.852640,1,16756,0,16756,25000,13625,14464,839,3131,3970,0.813142,0.941994,0,0,0.000000
446,0.369855,48.780000,1.422547,0.000000,0.000000,0.702320,0.000000,0.702320,0.891240,1,17558,0,17558,25000,15169,15900,731,2389,3120,0.863937,0.954025,0,0,0.000000
447,0.494251,49.940000,1.405067,0.000000,0.000000,0.703800,0.000000,0.703800,0.841760,1,17595,0,17595,25000,14420,15152,732,3175,3907,0.819551,0.951690,0,0,0.000000
448,0.535271,49.990000,1.403892,0.000000,0.000000,0.671800,0.000000,0.671800,0.841400,1,16795,0,16795,25000,13009,13616,607,3786,4393,0.774576,0.955420,0,0,0.000000
449,0.543937,50.020000,1.398810,0.000000,0.000000,0.690320,0.000000,0.690320,0.830440,1,17258,0,17258,25000,13818,14520,702,3440,4142,0.800672,0.951653,0,0,0.000000
450,0.458067,49.140000,1.420490,0.000000,0.000000,0.690480,0.000000,0.690480,0.848840,1,17262,0,17262,25000,14257,15152,895,3005,3900,0.825918,0.940932,0,0,0.000000
451,0.469010,49.590000,1.404249,0.000000,0.000000,0.674720,0.000000,0.674720,0.849120,1,16868,0,16868,25000,13612,14336,724,3256,3980,0.806972,0.949498,0,0,0.000000
452,0.405108,49.000000,1.439572,0.000000,0.000000,0.708680,0.000000,0.708680,0.872560,1,17717,0,17717,25000,15086,16032,946,2631,3577,0.851499,0.940993,0,0,0.000000
453,0.477555,48.130000,1.457674,0.000000,0.000000,0.684640,0.000000,0.684640,0.854720,1,17116,0,17116,25000,13728,14560,832,3388,4220,0.802057,0.942857,0,0,0.000000
454,0.535196,48.250000,1.451732,0.000000,0.000000,0.682080,0.000000,0.682080,0.826840,1,17052,0,17052,25000,14087,14860,773,2965,3738,0.826120,0.947981,0,0,0.000000
455,0.554598,47.840000,1.457580,0.000000,0.000000,0.687840,0.000000,0.687840,0.824440,1,17196,0,17196,25000,13274,13992,718,3922,4640,0.771924,0.948685,0,0,0.000000
456,0.518596,48.670000,1.420997,0.000000,0.000000,0.680480,0.000000,0.680480,0.844960,1,17012,0,17012,25000,13605,14248,643,3407,4050,0.799730,0.954871,0,0,0.000000
457,0.486551,48.600000,1.425888,0.000000,0.000000,0.694440,0.000000,0.694440,0.845040,1,17361,0,17361,25000,13915,14676,761,3446,4207,0.801509,0.948147,0,0,0.000000
458,0.452854,47.990000,1.460188,0.000000,0.000000,0.681160,0.000000,0.681160,0.861160,1,17029,0,17029,25000,14255,15104,849,2774,3623,0.837101,0.943790,0,0,0.000000
459,0.455985,49.260000,1.430541,0.000000,0.000000,0.678760,0.000000,0.678760,0.841640,1,16969,0,16969,25000,13999,14772,773,2970,3743,0.824975,0.947671,0,0,0.000000
460,0.511335,49.810000,1.396463,0.000000,0.000000,0.687360,0.000000,0.687360,0.828680,1,17184,0,17184,25000,14081,14720,639,3103,3742,0.819425,0.956590,0,0,0.000000
461,0.396718,50.420000,1.389706,0.000000,0.000000,0.684640,0.000000,0.684640,0.867000,1,17116,0,17116,25000,14598,15380,782,2518,3300,0.852886,0.949155,0,0,0.000000
462,0.539959,49.930000,1.409483,0.000000,0.000000,0.692800,0.000000,0.692800,0.813480,1,17320,0,17320,25000,13491,14152,661,3829,4490,0.778926,0.953293,0,0,0.000000
463,0.491445,48.400000,1.450378,0.000000,0.000000,0.685600,0.000000,0.685600,0.848760,1,17140,0,17140,25000,14006,14680,674,3134,3808,0.817153,0.954087,0,0,0.000000
464,0.415441,49.450000,1.422840,0.000000,0.000000,0.700160,0.000000,0.700160,0.865640,1,17504,0,17504,25000,14701,15524,823,2803,3626,0.839865,0.946985,0,0,0.000000
465,0.523571,49.970000,1.390435,0.000000,0.000000,0.707720,0.000000,0.707720,0.837240,1,17693,0,17693,25000,14413,15196,783,3280,4063,0.814616,0.948473,0,0,0.000000
466,0.439876,49.360000,1.430515,0.000000,0.000000,0.693640,0.000000,0.693640,0.859320,1,17341,0,17341,25000,14547,15428,881,2794,3675,0.838879,0.942896,0,0,0.000000
467,0.459093,49.030000,1.422260,0.000000,0.000000,0.711920,0.000000,0.711920,0.849320,1,17798,0,17798,25000,14827,15656,829,2971,3800,0.833071,0.947049,0,0,0.000000
468,0.472390,48.960000,1.432003,0.000000,0.000000,0.693440,0.000000,0.693440,0.844640,1,17336,0,17336,25000,14133,14788,655,3203,3858,0.815240,0.955707,0,0,0.000000
469,0.412444,49.630000,1.404371,0.000000,0.000000,0.710720,0.000000,0.710720,0.866520,1,17768,0,17768,25000,14975,15828,853,2793,3646,0.842807,0.946108,0,0,0.000000
470,0.401328,49.320000,1.416153,0.000000,0.000000,0.709480,0.000000,0.709480,0.869920,1,17737,0,17737,25000,15142,15808,666,2595,3261,0.853696,0.957869,0,0,0.000000
471,0.463577,49.210000,1.432283,0.000000,0.000000,0.711320,0.000000,0.711320,0.843920,1,17783,0,17783,25000,14901,15796,895,2882,3777,0.837935,0.943340,0,0,0.000000
472,0.562155,48.090000,1.453404,0.000000,0.000000,0.705960,0.000000,0.705960,0.817120,1,17649,0,17649,25000,13680,14508,828,3969,4797,0.775115,0.942928,0,0,0.000000
473,0.426601,48.560000,1.439174,0.000000,0.000000,0.717800,0.000000,0.717800,0.866800,1,17945,0,17945,25000,15112,15960,848,2833,3681,0.842129,0.946867,0,0,0.000000
474,0.516603,49.490000,1.420819,0.000000,0.000000,0.698280,0.000000,0.698280,0.836680,1,17457,0,17457,25000,13778,14476,698,3679,4377,0.789254,0.951782,0,0,0.000000
475,0.446822,49.750000,1.417999,0.000000,0.000000,0.722160,0.000000,0.722160,0.855240,1,18054,0,18054,25000,15120,15888,768,2934,3702,0.837488,0.951662,0,0,0.000000
476,0.415240,48.550000,1.433102,0.000000,0.000000,0.688680,0.000000,0.688680,0.866440,1,17217,0,17217,25000,14412,15264,852,2805,3657,0.837080,0.944182,0,0,0.000000
477,0.451788,49.810000,1.411386,0.000000,0.000000,0.686600,0.000000,0.686600,0.852320,1,17165,0,17165,25000,13995,14676,681,3170,3851,0.815322,0.953598,0,0,0.000000
478,0.471953,48.830000,1.453206,0.000000,0.000000,0.692800,0.000000,0.692800,0.845560,1,17320,0,17320,25000,14050,14848,798,3270,4068,0.811201,0.946255,0,0,0.000000
479,0.588748,48.650000,1.437730,0.000000,0.000000,0.717000,0.000000,0.717000,0.798560,1,17925,0,17925,25000,14108,14780,672,3817,4489,0.787057,0.954533,0,0,0.000000
480,0.625045,47.650000,1.461666,0.000000,0.000000,0.694760,0.000000,0.694760,0.789600,1,17369,0,17369,25000,12962,13668,706,4407,5113,0.746272,0.948347,0,0,0.000000
481,0.491123,48.340000,1.453854,0.000000,0.000000,0.700960,0.000000,0.700960,0.834280,1,17524,0,17524,25000,14313,15116,803,3211,4014,0.816766,0.946877,0,0,0.000000
482,0.520319,48.870000,1.441954,0.000000,0.000000,0.708720,0.000000,0.708720,0.832960,1,17718,0,17718,25000,13889,14608,719,3829,4548,0.783892,0.950780,0,0,0.000000
483,0.437926,49.390000,1.423824,0.000000,0.000000,0.690680,0.000000,0.690680,0.863920,1,17267,0,17267,25000,14173,14832,659,3094,3753,0.820814,0.955569,0,0,0.000000
484,0.429495,49.480000,1.412275,0.000000,0.000000,0.714560,0.000000,0.714560,0.856400,1,17864,0,17864,25000,15083,15880,797,2781,3578,0.844324,0.949811,0,0,0.000000
485,0.510815,49.590000,1.403409,0.000000,0.000000,0.690320,0.000000,0.690320,0.840160,1,17258,0,17258,25000,14032,14720,688,3226,3914,0.813072,0.953261,0,0,0.000000
486,0.422117,49.280000,1.427196,0.000000,0.000000,0.707600,0.000000,0.707600,0.865720,1,17690,0,17690,25000,14718,15596,878,2972,3850,0.831995,0.943704,0,0,0.000000
487,0.516906,49.290000,1.414870,0.000000,0.000000,0.675760,0.000000,0.675760,0.819960,1,16894,0,16894,25000,13547,14332,785,3347,4132,0.801882,0.945227,0,0,0.000000
488,0.421553,49.020000,1.426348,0.000000,0.000000,0.698760,0.000000,0.698760,0.861320,1,17469,0,17469,25000,14992,15768,776,2477,3253,0.858206,0.950786,0,0,0.000000
489,0.451394,49.310000,1.422540,0.000000,0.000000,0.713720,0.000000,0.713720,0.858200,1,17843,0,17843,25000,14828,15708,880,3015,3895,0.831026,0.943978,0,0,0.000000
490,0.446933,49.860000,1.422777,0.000000,0.000000,0.689120,0.000040,0.689160,0.858400,1,17228,1,17229,25000,14149,14952,803,3080,3883,0.821232,0.946295,1,0,1.000000
491,0.521931,48.940000,1.420452,0.000000,0.000000,0.708920,0.000000,0.708920,0.811400,1,17723,0,17723,25000,14078,14896,818,3645,4463,0.794335,0.945086,0,0,0.000000
492,0.496355,49.460000,1.434962,0.000000,0.000000,0.708440,0.000000,0.708440,0.839920,1,17711,0,17711,25000,14678,15528,850,3033,3883,0.828750,0.945260,0,0,0.000000
493,0.520680,48.640000,1.437112,0.000000,0.000000,0.687160,0.000000,0.687160,0.832480,1,17179,0,17179,25000,13849,14556,707,3330,4037,0.806159,0.951429,0,0,0.000000
494,0.452778,49.950000,1.393630,0.000000,0.000000,0.698240,0.000000,0.698240,0.841320,1,17456,0,17456,25000,14279,15032,753,3177,3930,0.818000,0.949907,0,0,0.000000
495,0.426071,48.690000,1.439545,0.000000,0.000000,0.688080,0.000000,0.688080,0.855320,1,17202,0,17202,25000,14450,15168,718,2752,3470,0.840019,0.952664,0,0,0.000000
496,0.512258,48.110000,1.438395,0.000000,0.000000,0.703000,0.000000,0.703000,0.826800,1,17575,0,17575,25000,13934,14648,714,3641,4355,0.792831,0.951256,0,0,0.000000
497,0.483866,48.240000,1.449654,0.000000,0.000000,0.704200,0.000000,0.704200,0.844360,1,17605,0,17605,25000,14425,15364,939,3180,4119,0.819369,0.938883,0,0,0.000000
498,0.386442,47.830000,1.465566,0.000000,0.000000,0.701960,0.000000,0.701960,0.878760,1,17549,0,17549,25000,15247,16068,821,2302,3123,0.868824,0.948905,0,0,0.000000
499,0.473515,49.250000,1.422387,0.000000,0.000000,0.694320,0.000000,0.694320,0.844400,1,17358,0,17358,25000,14062,14732,670,3296,3966,0.810116,0.954521,0,0,0.000000
