epoch,train_loss,global_test_acc,global_test_loss,personal_apa,personal_loss,core_clean_ratio,recover_ratio,train_ratio,agreement_ratio,recovery_trigger,core_count,recover_count,train_count,total_count,actual_train_clean_count,actual_round_clean_count,missed_clean_count,false_clean_count,total_wrong_count,actual_train_clean_ratio,clean_recall,recover_true_clean_count,recover_false_clean_count,recover_precision
0,1.579433,19.930000,2.261942,0.000000,0.000000,1.000000,0.000000,1.000000,0.000000,0,5000,0,5000,5000,3216,3216,0,1784,1784,0.643200,1.000000,0,0,0.000000
1,1.622528,21.850000,2.178927,0.000000,0.000000,1.000000,0.000000,1.000000,0.000000,0,5000,0,5000,5000,2980,2980,0,2020,2020,0.596000,1.000000,0,0,0.000000
2,1.444677,15.700000,2.233482,0.000000,0.000000,1.000000,0.000000,1.000000,0.000000,0,5000,0,5000,5000,3112,3112,0,1888,1888,0.622400,1.000000,0,0,0.000000
3,1.574788,24.040000,2.131331,0.000000,0.000000,1.000000,0.000000,1.000000,0.000000,0,5000,0,5000,5000,3096,3096,0,1904,1904,0.619200,1.000000,0,0,0.000000
4,1.657805,25.200000,2.135125,0.000000,0.000000,1.000000,0.000000,1.000000,0.000000,0,5000,0,5000,5000,2924,2924,0,2076,2076,0.584800,1.000000,0,0,0.000000
5,1.896236,25.910000,2.135291,0.000000,0.000000,1.000000,0.000000,1.000000,0.000000,0,5000,0,5000,5000,2272,2272,0,2728,2728,0.454400,1.000000,0,0,0.000000
6,1.584949,26.170000,2.102382,0.000000,0.000000,1.000000,0.000000,1.000000,0.000000,0,5000,0,5000,5000,3012,3012,0,1988,1988,0.602400,1.000000,0,0,0.000000
7,1.407943,24.590000,2.122404,0.000000,0.000000,1.000000,0.000000,1.000000,0.000000,0,5000,0,5000,5000,3164,3164,0,1836,1836,0.632800,1.000000,0,0,0.000000
8,1.132968,28.890000,2.065019,0.000000,0.000000,1.000000,0.000000,1.000000,0.000000,0,5000,0,5000,5000,3772,3772,0,1228,1228,0.754400,1.000000,0,0,0.000000
9,1.541392,24.450000,2.071146,0.000000,0.000000,1.000000,0.000000,1.000000,0.000000,0,5000,0,5000,5000,2752,2752,0,2248,2248,0.550400,1.000000,0,0,0.000000
10,1.588334,19.980000,2.157493,0.000000,0.000000,1.000000,0.000000,1.000000,0.000000,0,5000,0,5000,5000,2888,2888,0,2112,2112,0.577600,1.000000,0,0,0.000000
11,1.558152,24.940000,2.084034,0.000000,0.000000,1.000000,0.000000,1.000000,0.000000,0,5000,0,5000,5000,2940,2940,0,2060,2060,0.588000,1.000000,0,0,0.000000
12,1.685622,29.390000,2.048053,0.000000,0.000000,1.000000,0.000000,1.000000,0.000000,0,5000,0,5000,5000,2736,2736,0,2264,2264,0.547200,1.000000,0,0,0.000000
13,1.473707,27.980000,2.038756,0.000000,0.000000,1.000000,0.000000,1.000000,0.000000,0,5000,0,5000,5000,3148,3148,0,1852,1852,0.629600,1.000000,0,0,0.000000
14,1.308277,26.230000,2.058628,0.000000,0.000000,1.000000,0.000000,1.000000,0.000000,0,5000,0,5000,5000,3492,3492,0,1508,1508,0.698400,1.000000,0,0,0.000000
15,1.472112,21.900000,2.052762,0.000000,0.000000,1.000000,0.000000,1.000000,0.000000,0,5000,0,5000,5000,3160,3160,0,1840,1840,0.632000,1.000000,0,0,0.000000
16,1.288693,32.310000,2.023941,0.000000,0.000000,1.000000,0.000000,1.000000,0.000000,0,5000,0,5000,5000,3508,3508,0,1492,1492,0.701600,1.000000,0,0,0.000000
17,1.638880,31.950000,2.018901,0.000000,0.000000,1.000000,0.000000,1.000000,0.000000,0,5000,0,5000,5000,2780,2780,0,2220,2220,0.556000,1.000000,0,0,0.000000
18,1.667000,25.080000,2.072234,0.000000,0.000000,1.000000,0.000000,1.000000,0.000000,0,5000,0,5000,5000,2632,2632,0,2368,2368,0.526400,1.000000,0,0,0.000000
19,1.664281,29.050000,2.044371,0.000000,0.000000,1.000000,0.000000,1.000000,0.000000,0,5000,0,5000,5000,2716,2716,0,2284,2284,0.543200,1.000000,0,0,0.000000
20,1.385473,32.910000,2.008644,0.000000,0.000000,1.000000,0.000000,1.000000,0.000000,0,5000,0,5000,5000,3272,3272,0,1728,1728,0.654400,1.000000,0,0,0.000000
21,1.513961,31.740000,2.008977,0.000000,0.000000,1.000000,0.000000,1.000000,0.000000,0,5000,0,5000,5000,3172,3172,0,1828,1828,0.634400,1.000000,0,0,0.000000
22,1.479344,28.820000,2.017692,0.000000,0.000000,1.000000,0.000000,1.000000,0.000000,0,5000,0,5000,5000,3028,3028,0,1972,1972,0.605600,1.000000,0,0,0.000000
23,1.502838,27.440000,2.063302,0.000000,0.000000,1.000000,0.000000,1.000000,0.000000,0,5000,0,5000,5000,3004,3004,0,1996,1996,0.600800,1.000000,0,0,0.000000
24,1.501100,25.260000,2.054590,0.000000,0.000000,1.000000,0.000000,1.000000,0.000000,0,5000,0,5000,5000,3028,3028,0,1972,1972,0.605600,1.000000,0,0,0.000000
25,1.348634,32.640000,1.967901,0.000000,0.000000,1.000000,0.000000,1.000000,0.000000,0,5000,0,5000,5000,3364,3364,0,1636,1636,0.672800,1.000000,0,0,0.000000
26,1.488004,30.170000,2.009067,0.000000,0.000000,1.000000,0.000000,1.000000,0.000000,0,5000,0,5000,5000,3208,3208,0,1792,1792,0.641600,1.000000,0,0,0.000000
27,1.364135,30.030000,2.003405,0.000000,0.000000,1.000000,0.000000,1.000000,0.000000,0,5000,0,5000,5000,3324,3324,0,1676,1676,0.664800,1.000000,0,0,0.000000
28,1.529825,33.270000,1.985880,0.000000,0.000000,1.000000,0.000000,1.000000,0.000000,0,5000,0,5000,5000,2968,2968,0,2032,2032,0.593600,1.000000,0,0,0.000000
29,1.404957,28.500000,2.024027,0.000000,0.000000,1.000000,0.000000,1.000000,0.000000,0,5000,0,5000,5000,3264,3264,0,1736,1736,0.652800,1.000000,0,0,0.000000
30,1.258880,24.430000,2.030635,0.000000,0.000000,1.000000,0.000000,1.000000,0.000000,0,5000,0,5000,5000,3504,3504,0,1496,1496,0.700800,1.000000,0,0,0.000000
31,1.467525,30.190000,2.004698,0.000000,0.000000,1.000000,0.000000,1.000000,0.000000,0,5000,0,5000,5000,3148,3148,0,1852,1852,0.629600,1.000000,0,0,0.000000
32,1.660119,31.720000,1.993059,0.000000,0.000000,1.000000,0.000000,1.000000,0.000000,0,5000,0,5000,5000,2788,2788,0,2212,2212,0.557600,1.000000,0,0,0.000000
33,1.682316,29.130000,2.037734,0.000000,0.000000,1.000000,0.000000,1.000000,0.000000,0,5000,0,5000,5000,2796,2796,0,2204,2204,0.559200,1.000000,0,0,0.000000
34,1.265098,32.090000,2.004912,0.000000,0.000000,1.000000,0.000000,1.000000,0.000000,0,5000,0,5000,5000,3496,3496,0,1504,1504,0.699200,1.000000,0,0,0.000000
35,1.552252,29.470000,2.028558,0.000000,0.000000,1.000000,0.000000,1.000000,0.000000,0,5000,0,5000,5000,2908,2908,0,2092,2092,0.581600,1.000000,0,0,0.000000
36,1.294097,20.680000,2.090563,0.000000,0.000000,1.000000,0.000000,1.000000,0.000000,0,5000,0,5000,5000,3428,3428,0,1572,1572,0.685600,1.000000,0,0,0.000000
37,1.427200,29.760000,1.987827,0.000000,0.000000,1.000000,0.000000,1.000000,0.000000,0,5000,0,5000,5000,3196,3196,0,1804,1804,0.639200,1.000000,0,0,0.000000
38,1.862549,30.390000,2.037297,0.000000,0.000000,1.000000,0.000000,1.000000,0.000000,0,5000,0,5000,5000,2148,2148,0,2852,2852,0.429600,1.000000,0,0,0.000000
39,1.492004,27.920000,2.064475,0.000000,0.000000,1.000000,0.000000,1.000000,0.000000,0,5000,0,5000,5000,3172,3172,0,1828,1828,0.634400,1.000000,0,0,0.000000
40,1.380497,27.730000,2.021595,0.000000,0.000000,1.000000,0.000000,1.000000,0.000000,0,5000,0,5000,5000,3196,3196,0,1804,1804,0.639200,1.000000,0,0,0.000000
41,1.438417,26.610000,2.020269,0.000000,0.000000,1.000000,0.000000,1.000000,0.000000,0,5000,0,5000,5000,3036,3036,0,1964,1964,0.607200,1.000000,0,0,0.000000
42,1.467102,31.940000,2.011196,0.000000,0.000000,1.000000,0.000000,1.000000,0.000000,0,5000,0,5000,5000,3112,3112,0,1888,1888,0.622400,1.000000,0,0,0.000000
43,1.394991,29.520000,2.006600,0.000000,0.000000,1.000000,0.000000,1.000000,0.000000,0,5000,0,5000,5000,3152,3152,0,1848,1848,0.630400,1.000000,0,0,0.000000
44,1.535180,32.540000,1.989344,0.000000,0.000000,1.000000,0.000000,1.000000,0.000000,0,5000,0,5000,5000,2976,2976,0,2024,2024,0.595200,1.000000,0,0,0.000000
45,1.392553,29.130000,1.988763,0.000000,0.000000,1.000000,0.000000,1.000000,0.000000,0,5000,0,5000,5000,3204,3204,0,1796,1796,0.640800,1.000000,0,0,0.000000
46,1.468583,28.030000,2.001428,0.000000,0.000000,1.000000,0.000000,1.000000,0.000000,0,5000,0,5000,5000,2872,2872,0,2128,2128,0.574400,1.000000,0,0,0.000000
47,1.273879,30.520000,1.990256,0.000000,0.000000,1.000000,0.000000,1.000000,0.000000,0,5000,0,5000,5000,3396,3396,0,1604,1604,0.679200,1.000000,0,0,0.000000
48,1.506502,29.750000,1.998473,0.000000,0.000000,1.000000,0.000000,1.000000,0.000000,0,5000,0,5000,5000,2756,2756,0,2244,2244,0.551200,1.000000,0,0,0.000000
49,1.759444,28.490000,2.048834,0.000000,0.000000,1.000000,0.000000,1.000000,0.000000,0,5000,0,5000,5000,2452,2452,0,2548,2548,0.490400,1.000000,0,0,0.000000
50,1.463426,25.840000,2.047514,0.000000,0.000000,1.000000,0.000000,1.000000,0.000000,0,5000,0,5000,5000,2912,2912,0,2088,2088,0.582400,1.000000,0,0,0.000000
51,1.646126,29.380000,2.062195,0.000000,0.000000,1.000000,0.000000,1.000000,0.000000,0,5000,0,5000,5000,2612,2612,0,2388,2388,0.522400,1.000000,0,0,0.000000
52,1.365573,28.770000,2.057601,0.000000,0.000000,1.000000,0.000000,1.000000,0.000000,0,5000,0,5000,5000,3136,3136,0,1864,1864,0.627200,1.000000,0,0,0.000000
53,1.426835,30.220000,2.013412,0.000000,0.000000,1.000000,0.000000,1.000000,0.000000,0,5000,0,5000,5000,2952,2952,0,2048,2048,0.590400,1.000000,0,0,0.000000
54,1.648089,26.080000,2.042631,0.000000,0.000000,1.000000,0.000000,1.000000,0.000000,0,5000,0,5000,5000,2556,2556,0,2444,2444,0.511200,1.000000,0,0,0.000000
55,1.151891,27.300000,1.993080,0.000000,0.000000,1.000000,0.000000,1.000000,0.000000,0,5000,0,5000,5000,3536,3536,0,1464,1464,0.707200,1.000000,0,0,0.000000
56,1.416445,31.490000,1.999947,0.000000,0.000000,1.000000,0.000000,1.000000,0.000000,0,5000,0,5000,5000,3120,3120,0,1880,1880,0.624000,1.000000,0,0,0.000000
57,1.356658,30.270000,2.012845,0.000000,0.000000,1.000000,0.000000,1.000000,0.000000,0,5000,0,5000,5000,3276,3276,0,1724,1724,0.655200,1.000000,0,0,0.000000
58,1.461829,33.010000,1.966120,0.000000,0.000000,1.000000,0.000000,1.000000,0.000000,0,5000,0,5000,5000,3048,3048,0,1952,1952,0.609600,1.000000,0,0,0.000000
59,1.198963,28.630000,2.000700,0.000000,0.000000,1.000000,0.000000,1.000000,0.000000,0,5000,0,5000,5000,3620,3620,0,1380,1380,0.724000,1.000000,0,0,0.000000
60,1.558334,31.820000,2.008162,0.000000,0.000000,1.000000,0.000000,1.000000,0.000000,0,5000,0,5000,5000,2920,2920,0,2080,2080,0.584000,1.000000,0,0,0.000000
61,1.236542,30.740000,1.991284,0.000000,0.000000,1.000000,0.000000,1.000000,0.000000,0,5000,0,5000,5000,3400,3400,0,1600,1600,0.680000,1.000000,0,0,0.000000
62,1.526573,31.650000,1.991244,0.000000,0.000000,1.000000,0.000000,1.000000,0.000000,0,5000,0,5000,5000,2884,2884,0,2116,2116,0.576800,1.000000,0,0,0.000000
63,1.429073,32.360000,1.954661,0.000000,0.000000,1.000000,0.000000,1.000000,0.000000,0,5000,0,5000,5000,3140,3140,0,1860,1860,0.628000,1.000000,0,0,0.000000
64,1.168681,31.100000,1.934573,0.000000,0.000000,1.000000,0.000000,1.000000,0.000000,0,5000,0,5000,5000,3464,3464,0,1536,1536,0.692800,1.000000,0,0,0.000000
65,1.619213,30.830000,2.005255,0.000000,0.000000,1.000000,0.000000,1.000000,0.000000,0,5000,0,5000,5000,2692,2692,0,2308,2308,0.538400,1.000000,0,0,0.000000
66,1.633771,32.360000,1.984788,0.000000,0.000000,1.000000,0.000000,1.000000,0.000000,0,5000,0,5000,5000,2648,2648,0,2352,2352,0.529600,1.000000,0,0,0.000000
67,1.450232,33.370000,1.965988,0.000000,0.000000,1.000000,0.000000,1.000000,0.000000,0,5000,0,5000,5000,3004,3004,0,1996,1996,0.600800,1.000000,0,0,0.000000
68,1.310940,32.860000,1.954507,0.000000,0.000000,1.000000,0.000000,1.000000,0.000000,0,5000,0,5000,5000,3332,3332,0,1668,1668,0.666400,1.000000,0,0,0.000000
69,1.608096,29.910000,2.008758,0.000000,0.000000,1.000000,0.000000,1.000000,0.000000,0,5000,0,5000,5000,2700,2700,0,2300,2300,0.540000,1.000000,0,0,0.000000
70,1.333516,34.880000,1.933668,0.000000,0.000000,1.000000,0.000000,1.000000,0.000000,0,5000,0,5000,5000,3208,3208,0,1792,1792,0.641600,1.000000,0,0,0.000000
71,1.551298,27.210000,2.006452,0.000000,0.000000,1.000000,0.000000,1.000000,0.000000,0,5000,0,5000,5000,2824,2824,0,2176,2176,0.564800,1.000000,0,0,0.000000
72,1.620582,27.880000,2.032885,0.000000,0.000000,1.000000,0.000000,1.000000,0.000000,0,5000,0,5000,5000,2612,2612,0,2388,2388,0.522400,1.000000,0,0,0.000000
73,1.456308,31.060000,1.983984,0.000000,0.000000,1.000000,0.000000,1.000000,0.000000,0,5000,0,5000,5000,3000,3000,0,2000,2000,0.600000,1.000000,0,0,0.000000
74,1.442625,26.460000,2.020651,0.000000,0.000000,1.000000,0.000000,1.000000,0.000000,0,5000,0,5000,5000,2980,2980,0,2020,2020,0.596000,1.000000,0,0,0.000000
75,1.184331,35.750000,1.915461,0.000000,0.000000,1.000000,0.000000,1.000000,0.000000,0,5000,0,5000,5000,3596,3596,0,1404,1404,0.719200,1.000000,0,0,0.000000
76,1.708491,28.890000,2.017592,0.000000,0.000000,1.000000,0.000000,1.000000,0.000000,0,5000,0,5000,5000,2544,2544,0,2456,2456,0.508800,1.000000,0,0,0.000000
77,1.112287,30.670000,1.982638,0.000000,0.000000,1.000000,0.000000,1.000000,0.000000,0,5000,0,5000,5000,3592,3592,0,1408,1408,0.718400,1.000000,0,0,0.000000
78,1.726007,29.890000,1.998471,0.000000,0.000000,1.000000,0.000000,1.000000,0.000000,0,5000,0,5000,5000,2380,2380,0,2620,2620,0.476000,1.000000,0,0,0.000000
79,1.235681,36.790000,1.912821,0.000000,0.000000,1.000000,0.000000,1.000000,0.000000,0,5000,0,5000,5000,3336,3336,0,1664,1664,0.667200,1.000000,0,0,0.000000
80,1.929651,26.890000,2.066822,0.000000,0.000000,1.000000,0.000000,1.000000,0.000000,0,5000,0,5000,5000,1824,1824,0,3176,3176,0.364800,1.000000,0,0,0.000000
81,1.592394,30.690000,2.039044,0.000000,0.000000,1.000000,0.000000,1.000000,0.000000,0,5000,0,5000,5000,2576,2576,0,2424,2424,0.515200,1.000000,0,0,0.000000
82,1.325549,31.970000,1.966842,0.000000,0.000000,1.000000,0.000000,1.000000,0.000000,0,5000,0,5000,5000,3364,3364,0,1636,1636,0.672800,1.000000,0,0,0.000000
83,1.638069,28.720000,2.045607,0.000000,0.000000,1.000000,0.000000,1.000000,0.000000,0,5000,0,5000,5000,2552,2552,0,2448,2448,0.510400,1.000000,0,0,0.000000
84,1.333676,26.990000,2.067024,0.000000,0.000000,1.000000,0.000000,1.000000,0.000000,0,5000,0,5000,5000,3192,3192,0,1808,1808,0.638400,1.000000,0,0,0.000000
85,1.333630,28.790000,2.012849,0.000000,0.000000,1.000000,0.000000,1.000000,0.000000,0,5000,0,5000,5000,3024,3024,0,1976,1976,0.604800,1.000000,0,0,0.000000
86,1.676815,27.410000,2.042339,0.000000,0.000000,1.000000,0.000000,1.000000,0.000000,0,5000,0,5000,5000,2456,2456,0,2544,2544,0.491200,1.000000,0,0,0.000000
87,1.340745,25.390000,2.047767,0.000000,0.000000,1.000000,0.000000,1.000000,0.000000,0,5000,0,5000,5000,3204,3204,0,1796,1796,0.640800,1.000000,0,0,0.000000
88,1.362770,28.060000,2.003362,0.000000,0.000000,1.000000,0.000000,1.000000,0.000000,0,5000,0,5000,5000,3096,3096,0,1904,1904,0.619200,1.000000,0,0,0.000000
89,1.550811,28.690000,2.037385,0.000000,0.000000,1.000000,0.000000,1.000000,0.000000,0,5000,0,5000,5000,2840,2840,0,2160,2160,0.568000,1.000000,0,0,0.000000
90,1.102380,31.720000,2.005959,0.000000,0.000000,1.000000,0.000000,1.000000,0.000000,0,5000,0,5000,5000,3548,3548,0,1452,1452,0.709600,1.000000,0,0,0.000000
91,1.400884,30.430000,2.011351,0.000000,0.000000,1.000000,0.000000,1.000000,0.000000,0,5000,0,5000,5000,2784,2784,0,2216,2216,0.556800,1.000000,0,0,0.000000
92,1.466044,25.080000,2.102644,0.000000,0.000000,1.000000,0.000000,1.000000,0.000000,0,5000,0,5000,5000,2812,2812,0,2188,2188,0.562400,1.000000,0,0,0.000000
93,1.105229,29.430000,2.027607,0.000000,0.000000,1.000000,0.000000,1.000000,0.000000,0,5000,0,5000,5000,3648,3648,0,1352,1352,0.729600,1.000000,0,0,0.000000
94,1.558713,28.380000,2.039745,0.000000,0.000000,1.000000,0.000000,1.000000,0.000000,0,5000,0,5000,5000,2692,2692,0,2308,2308,0.538400,1.000000,0,0,0.000000
95,0.845332,31.000000,1.957753,0.000000,0.000000,1.000000,0.000000,1.000000,0.000000,0,5000,0,5000,5000,4060,4060,0,940,940,0.812000,1.000000,0,0,0.000000
96,1.029413,30.110000,1.971949,0.000000,0.000000,1.000000,0.000000,1.000000,0.000000,0,5000,0,5000,5000,3888,3888,0,1112,1112,0.777600,1.000000,0,0,0.000000
97,1.809547,31.090000,1.993818,0.000000,0.000000,1.000000,0.000000,1.000000,0.000000,0,5000,0,5000,5000,2108,2108,0,2892,2892,0.421600,1.000000,0,0,0.000000
98,1.245982,28.880000,2.005866,0.000000,0.000000,1.000000,0.000000,1.000000,0.000000,0,5000,0,5000,5000,3424,3424,0,1576,1576,0.684800,1.000000,0,0,0.000000
99,1.079753,30.780000,1.955634,0.000000,0.000000,1.000000,0.000000,1.000000,0.000000,0,5000,0,5000,5000,3648,3648,0,1352,1352,0.729600,1.000000,0,0,0.000000
100,0.438221,35.880000,1.881757,0.000000,0.000000,0.636400,0.000000,0.636400,0.906600,1,3182,0,3182,5000,2948,3124,176,234,410,0.926461,0.943662,0,0,0.000000
101,0.441113,40.030000,1.749843,0.000000,0.000000,0.652200,0.000000,0.652200,0.904600,1,3261,0,3261,5000,2918,3064,146,343,489,0.894818,0.952350,0,0,0.000000
102,0.623126,35.920000,1.767103,0.000000,0.000000,0.632000,0.000000,0.632000,0.832800,1,3160,0,3160,5000,2841,2940,99,319,418,0.899051,0.966327,0,0,0.000000
103,0.478291,29.770000,1.975793,0.000000,0.000000,0.712600,0.000000,0.712600,0.850400,1,3563,0,3563,5000,3277,3400,123,286,409,0.919731,0.963824,0,0,0.000000
104,0.463007,39.770000,1.697968,0.000000,0.000000,0.590800,0.000000,0.590800,0.854800,1,2954,0,2954,5000,2745,2920,175,209,384,0.929248,0.940068,0,0,0.000000
105,0.480792,35.730000,1.819572,0.000000,0.000000,0.588800,0.000000,0.588800,0.842800,1,2944,0,2944,5000,2580,2696,116,364,480,0.876359,0.956973,0,0,0.000000
106,0.532634,35.770000,1.790030,0.000000,0.000000,0.572800,0.000000,0.572800,0.833600,1,2864,0,2864,5000,2447,2564,117,417,534,0.854399,0.954368,0,0,0.000000
107,0.549176,27.870000,1.950766,0.000000,0.000000,0.497400,0.000000,0.497400,0.854400,1,2487,0,2487,5000,2220,2288,68,267,335,0.892642,0.970280,0,0,0.000000
108,0.363423,32.600000,1.820488,0.000000,0.000000,0.718600,0.000000,0.718600,0.885800,1,3593,0,3593,5000,3348,3532,184,245,429,0.931812,0.947905,0,0,0.000000
109,0.491418,37.220000,1.718313,0.000000,0.000000,0.607800,0.000000,0.607800,0.881800,1,3039,0,3039,5000,2699,2808,109,340,449,0.888121,0.961182,0,0,0.000000
110,0.607793,39.280000,1.709135,0.000000,0.000000,0.644800,0.000000,0.644800,0.844400,1,3224,0,3224,5000,2785,2876,91,439,530,0.863834,0.968359,0,0,0.000000
111,0.452226,37.460000,1.692179,0.000000,0.000000,0.648400,0.000000,0.648400,0.899400,1,3242,0,3242,5000,2858,2964,106,384,490,0.881555,0.964238,0,0,0.000000
112,0.315424,46.430000,1.581385,0.000000,0.000000,0.600400,0.000000,0.600400,0.908600,1,3002,0,3002,5000,2886,2976,90,116,206,0.961359,0.969758,0,0,0.000000
113,0.248602,41.330000,1.586429,0.000000,0.000000,0.637600,0.000000,0.637600,0.952000,1,3188,0,3188,5000,3122,3292,170,66,236,0.979297,0.948360,0,0,0.000000
114,0.452484,32.610000,1.921800,0.000000,0.000000,0.539000,0.000000,0.539000,0.815400,1,2695,0,2695,5000,2496,2604,108,199,307,0.926160,0.958525,0,0,0.000000
115,0.244634,46.650000,1.515294,0.000000,0.000000,0.679000,0.000000,0.679000,0.938200,1,3395,0,3395,5000,3341,3516,175,54,229,0.984094,0.950228,0,0,0.000000
116,0.272202,45.040000,1.549513,0.000000,0.000000,0.608400,0.000000,0.608400,0.902800,1,3042,0,3042,5000,2964,3068,104,78,182,0.974359,0.966102,0,0,0.000000
117,0.431601,37.030000,1.753132,0.000000,0.000000,0.566200,0.000000,0.566200,0.870800,1,2831,0,2831,5000,2552,2656,104,279,383,0.901448,0.960843,0,0,0.000000
118,0.356735,38.770000,1.791885,0.000000,0.000000,0.636000,0.000000,0.636000,0.903000,1,3180,0,3180,5000,3022,3120,98,158,256,0.950314,0.968590,0,0,0.000000
119,0.435140,42.580000,1.584469,0.000000,0.000000,0.625000,0.000000,0.625000,0.871400,1,3125,0,3125,5000,2813,2920,107,312,419,0.900160,0.963356,0,0,0.000000
120,0.215621,35.570000,1.764543,0.000000,0.000000,0.669200,0.000000,0.669200,0.912800,1,3346,0,3346,5000,3287,3444,157,59,216,0.982367,0.954413,0,0,0.000000
121,0.393409,47.020000,1.512305,0.000000,0.000000,0.536000,0.000000,0.536000,0.888200,1,2680,0,2680,5000,2404,2500,96,276,372,0.897015,0.961600,0,0,0.000000
122,0.362505,35.200000,1.740983,0.000000,0.000000,0.597400,0.000000,0.597400,0.880800,1,2987,0,2987,5000,2824,2916,92,163,255,0.945430,0.968450,0,0,0.000000
123,0.485021,34.650000,1.764894,0.000000,0.000000,0.594800,0.000000,0.594800,0.835000,1,2974,0,2974,5000,2710,2796,86,264,350,0.911231,0.969242,0,0,0.000000
124,0.283112,43.560000,1.560522,0.000000,0.000000,0.538400,0.000000,0.538400,0.894400,1,2692,0,2692,5000,2603,2712,109,89,198,0.966939,0.959808,0,0,0.000000
125,0.270085,30.210000,1.949439,0.000000,0.000000,0.555200,0.000000,0.555200,0.924800,1,2776,0,2776,5000,2702,2836,134,74,208,0.973343,0.952750,0,0,0.000000
126,0.463953,39.400000,1.668787,0.000000,0.000000,0.598000,0.000000,0.598000,0.868800,1,2990,0,2990,5000,2696,2824,128,294,422,0.901672,0.954674,0,0,0.000000
127,0.259381,50.010000,1.402792,0.000000,0.000000,0.608400,0.000000,0.608400,0.919600,1,3042,0,3042,5000,2967,3088,121,75,196,0.975345,0.960816,0,0,0.000000
128,0.280580,45.550000,1.519404,0.000000,0.000000,0.718400,0.000000,0.718400,0.892600,1,3592,0,3592,5000,3537,3700,163,55,218,0.984688,0.955946,0,0,0.000000
129,0.188385,44.920000,1.491539,0.000000,0.000000,0.672600,0.000000,0.672600,0.939200,1,3363,0,3363,5000,3332,3492,160,31,191,0.990782,0.954181,0,0,0.000000
130,0.323986,41.290000,1.645995,0.000000,0.000000,0.504400,0.000000,0.504400,0.830000,1,2522,0,2522,5000,2426,2508,82,96,178,0.961935,0.967305,0,0,0.000000
131,0.414098,45.690000,1.537274,0.000000,0.000000,0.611200,0.000000,0.611200,0.881200,1,3056,0,3056,5000,2734,2824,90,322,412,0.894634,0.968130,0,0,0.000000
132,0.268218,48.600000,1.460989,0.000000,0.000000,0.621600,0.000000,0.621600,0.870000,1,3108,0,3108,5000,3023,3156,133,85,218,0.972651,0.957858,0,0,0.000000
133,0.342491,50.380000,1.401544,0.000000,0.000000,0.502000,0.000000,0.502000,0.901600,1,2510,0,2510,5000,2385,2504,119,125,244,0.950199,0.952476,0,0,0.000000
134,0.295309,49.570000,1.448550,0.000000,0.000000,0.513200,0.000000,0.513200,0.927200,1,2566,0,2566,5000,2439,2532,93,127,220,0.950507,0.963270,0,0,0.000000
135,0.220514,41.390000,1.633700,0.000000,0.000000,0.600400,0.000000,0.600400,0.938200,1,3002,0,3002,5000,2949,3020,71,53,124,0.982345,0.976490,0,0,0.000000
136,0.222737,41.670000,1.650446,0.000000,0.000000,0.584000,0.000000,0.584000,0.935400,1,2920,0,2920,5000,2853,2980,127,67,194,0.977055,0.957383,0,0,0.000000
137,0.288766,50.150000,1.451912,0.000000,0.000000,0.545000,0.000000,0.545000,0.888000,1,2725,0,2725,5000,2630,2772,142,95,237,0.965138,0.948773,0,0,0.000000
138,0.422764,49.050000,1.407080,0.000000,0.000000,0.648800,0.000000,0.648800,0.852200,1,3244,0,3244,5000,3033,3176,143,211,354,0.934957,0.954975,0,0,0.000000
139,0.311995,43.050000,1.587390,0.000000,0.000000,0.557200,0.000000,0.557200,0.903400,1,2786,0,2786,5000,2642,2804,162,144,306,0.948313,0.942225,0,0,0.000000
140,0.214448,48.870000,1.477938,0.000000,0.000000,0.674400,0.000000,0.674400,0.874200,1,3372,0,3372,5000,3291,3392,101,81,182,0.975979,0.970224,0,0,0.000000
141,0.424493,45.970000,1.490002,0.000000,0.000000,0.512200,0.000000,0.512200,0.875400,1,2561,0,2561,5000,2199,2248,49,362,411,0.858649,0.978203,0,0,0.000000
142,0.174457,52.260000,1.352374,0.000000,0.000000,0.696600,0.000000,0.696600,0.950600,1,3483,0,3483,5000,3449,3548,99,34,133,0.990238,0.972097,0,0,0.000000
143,0.220615,41.590000,1.588925,0.000000,0.000000,0.529600,0.000000,0.529600,0.936800,1,2648,0,2648,5000,2580,2676,96,68,164,0.974320,0.964126,0,0,0.000000
144,0.215269,46.380000,1.500657,0.000000,0.000000,0.694800,0.000000,0.694800,0.943400,1,3474,0,3474,5000,3412,3532,120,62,182,0.982153,0.966025,0,0,0.000000
145,0.209290,38.010000,1.631713,0.000000,0.000000,0.537200,0.000000,0.537200,0.955600,1,2686,0,2686,5000,2634,2936,302,52,354,0.980640,0.897139,0,0,0.000000
146,0.220102,41.990000,1.543518,0.000000,0.000000,0.617000,0.000000,0.617000,0.920600,1,3085,0,3085,5000,3013,3092,79,72,151,0.976661,0.974450,0,0,0.000000
147,0.296985,47.440000,1.422371,0.000000,0.000000,0.604000,0.000000,0.604000,0.903400,1,3020,0,3020,5000,2930,3200,270,90,360,0.970199,0.915625,0,0,0.000000
148,0.188751,50.110000,1.385245,0.000000,0.000000,0.664200,0.000000,0.664200,0.954200,1,3321,0,3321,5000,3290,3480,190,31,221,0.990665,0.945402,0,0,0.000000
149,0.236628,44.590000,1.630314,0.000000,0.000000,0.713600,0.000000,0.713600,0.931400,1,3568,0,3568,5000,3494,3596,102,74,176,0.979260,0.971635,0,0,0.000000
150,0.335820,49.120000,1.400281,0.000000,0.000000,0.563600,0.000000,0.563600,0.906600,1,2818,0,2818,5000,2672,2768,96,146,242,0.948190,0.965318,0,0,0.000000
151,0.190760,48.760000,1.428868,0.000000,0.000000,0.565000,0.000000,0.565000,0.949200,1,2825,0,2825,5000,2761,2892,131,64,195,0.977345,0.954703,0,0,0.000000
152,0.283625,50.360000,1.371509,0.000000,0.000000,0.622400,0.000000,0.622400,0.909600,1,3112,0,3112,5000,2946,3076,130,166,296,0.946658,0.957737,0,0,0.000000
153,0.270923,47.530000,1.478233,0.000000,0.000000,0.600600,0.000000,0.600600,0.929400,1,3003,0,3003,5000,2879,2948,69,124,193,0.958708,0.976594,0,0,0.000000
154,0.241005,42.380000,1.606788,0.000000,0.000000,0.594600,0.000000,0.594600,0.911400,1,2973,0,2973,5000,2915,3056,141,58,199,0.980491,0.953861,0,0,0.000000
155,0.224117,51.800000,1.410732,0.000000,0.000000,0.671200,0.000000,0.671200,0.933000,1,3356,0,3356,5000,3297,3508,211,59,270,0.982420,0.939852,0,0,0.000000
156,0.292824,49.860000,1.410910,0.000000,0.000000,0.640000,0.000000,0.640000,0.918400,1,3200,0,3200,5000,3053,3144,91,147,238,0.954062,0.971056,0,0,0.000000
157,0.243541,53.410000,1.335387,0.000000,0.000000,0.638000,0.000000,0.638000,0.922600,1,3190,0,3190,5000,3098,3216,118,92,210,0.971160,0.963308,0,0,0.000000
158,0.229523,51.890000,1.388542,0.000000,0.000000,0.549800,0.000000,0.549800,0.898600,1,2749,0,2749,5000,2677,2776,99,72,171,0.973809,0.964337,0,0,0.000000
159,0.284176,52.300000,1.364963,0.000000,0.000000,0.532600,0.000000,0.532600,0.889800,1,2663,0,2663,5000,2556,2700,144,107,251,0.959820,0.946667,0,0,0.000000
160,0.206172,44.530000,1.552460,0.000000,0.000000,0.545400,0.000000,0.545400,0.909600,1,2727,0,2727,5000,2680,2764,84,47,131,0.982765,0.969609,0,0,0.000000
161,0.279995,43.060000,1.515951,0.000000,0.000000,0.512800,0.000000,0.512800,0.899400,1,2564,0,2564,5000,2456,2560,104,108,212,0.957878,0.959375,0,0,0.000000
162,0.180204,43.140000,1.619394,0.000000,0.000000,0.571800,0.000000,0.571800,0.950600,1,2859,0,2859,5000,2790,2900,110,69,179,0.975866,0.962069,0,0,0.000000
163,0.177269,36.210000,1.954738,0.000000,0.000000,0.614800,0.000000,0.614800,0.950000,1,3074,0,3074,5000,3031,3148,117,43,160,0.986012,0.962834,0,0,0.000000
164,0.311397,52.280000,1.378451,0.000000,0.000000,0.618400,0.000000,0.618400,0.896000,1,3092,0,3092,5000,2936,3080,144,156,300,0.949547,0.953247,0,0,0.000000
165,0.353273,50.650000,1.370867,0.000000,0.000000,0.740600,0.000000,0.740600,0.878000,1,3703,0,3703,5000,3414,3512,98,289,387,0.921955,0.972096,0,0,0.000000
166,0.164642,50.190000,1.404080,0.000000,0.000000,0.783400,0.000000,0.783400,0.943200,1,3917,0,3917,5000,3883,4004,121,34,155,0.991320,0.969780,0,0,0.000000
167,0.190447,47.220000,1.429753,0.000000,0.000000,0.711400,0.000000,0.711400,0.915600,1,3557,0,3557,5000,3517,3668,151,40,191,0.988755,0.958833,0,0,0.000000
168,0.205385,42.520000,1.661513,0.000000,0.000000,0.647000,0.000000,0.647000,0.928400,1,3235,0,3235,5000,3163,3308,145,72,217,0.977743,0.956167,0,0,0.000000
169,0.168433,32.850000,2.119309,0.000000,0.000000,0.621200,0.000000,0.621200,0.897400,1,3106,0,3106,5000,3055,3156,101,51,152,0.983580,0.967997,0,0,0.000000
170,0.260769,48.690000,1.404003,0.000000,0.000000,0.610000,0.000000,0.610000,0.929400,1,3050,0,3050,5000,2998,3100,102,52,154,0.982951,0.967097,0,0,0.000000
171,0.229763,50.310000,1.407818,0.000000,0.000000,0.652400,0.000000,0.652400,0.927400,1,3262,0,3262,5000,3224,3316,92,38,130,0.988351,0.972256,0,0,0.000000
172,0.159557,47.520000,1.444792,0.000000,0.000000,0.652800,0.000000,0.652800,0.951400,1,3264,0,3264,5000,3220,3348,128,44,172,0.986520,0.961768,0,0,0.000000
173,0.190071,49.870000,1.394063,0.000000,0.000000,0.649200,0.000000,0.649200,0.918000,1,3246,0,3246,5000,3191,3236,45,55,100,0.983056,0.986094,0,0,0.000000
174,0.235057,54.230000,1.279224,0.000000,0.000000,0.512000,0.000000,0.512000,0.915800,1,2560,0,2560,5000,2474,2564,90,86,176,0.966406,0.964899,0,0,0.000000
175,0.290754,42.740000,1.571094,0.000000,0.000000,0.692600,0.000000,0.692600,0.890000,1,3463,0,3463,5000,3278,3388,110,185,295,0.946578,0.967532,0,0,0.000000
176,0.240117,50.700000,1.351778,0.000000,0.000000,0.643200,0.000000,0.643200,0.901000,1,3216,0,3216,5000,3156,3300,144,60,204,0.981343,0.956364,0,0,0.000000
177,0.190539,47.350000,1.499872,0.000000,0.000000,0.615600,0.000000,0.615600,0.940800,1,3078,0,3078,5000,3004,3088,84,74,158,0.975958,0.972798,0,0,0.000000
178,0.371141,55.230000,1.273416,0.000000,0.000000,0.557800,0.000000,0.557800,0.866800,1,2789,0,2789,5000,2579,2664,85,210,295,0.924704,0.968093,0,0,0.000000
179,0.242043,54.190000,1.283708,0.000000,0.000000,0.569400,0.000000,0.569400,0.916800,1,2847,0,2847,5000,2772,2940,168,75,243,0.973656,0.942857,0,0,0.000000
180,0.310795,49.180000,1.425348,0.000000,0.000000,0.549000,0.000000,0.549000,0.906400,1,2745,0,2745,5000,2484,2556,72,261,333,0.904918,0.971831,0,0,0.000000
181,0.186656,46.070000,1.419526,0.000000,0.000000,0.599600,0.000000,0.599600,0.948000,1,2998,0,2998,5000,2969,3048,79,29,108,0.990327,0.974081,0,0,0.000000
182,0.323759,49.940000,1.444975,0.000000,0.000000,0.587000,0.000000,0.587000,0.903400,1,2935,0,2935,5000,2768,2912,144,167,311,0.943101,0.950549,0,0,0.000000
183,0.286184,52.880000,1.304501,0.000000,0.000000,0.605000,0.000000,0.605000,0.885800,1,3025,0,3025,5000,2937,3080,143,88,231,0.970909,0.953571,0,0,0.000000
184,0.203306,49.010000,1.404559,0.000000,0.000000,0.720000,0.000000,0.720000,0.932400,1,3600,0,3600,5000,3538,3648,110,62,172,0.982778,0.969846,0,0,0.000000
185,0.214818,50.190000,1.376138,0.000000,0.000000,0.660800,0.000000,0.660800,0.908600,1,3304,0,3304,5000,3238,3380,142,66,208,0.980024,0.957988,0,0,0.000000
186,0.290950,54.350000,1.278898,0.000000,0.000000,0.530800,0.000000,0.530800,0.916000,1,2654,0,2654,5000,2501,2616,115,153,268,0.942351,0.956040,0,0,0.000000
187,0.179856,51.660000,1.383845,0.000000,0.000000,0.460400,0.000000,0.460400,0.957000,1,2302,0,2302,5000,2259,2324,65,43,108,0.981321,0.972031,0,0,0.000000
188,0.190084,44.630000,1.557032,0.000000,0.000000,0.627400,0.000000,0.627400,0.907600,1,3137,0,3137,5000,3086,3216,130,51,181,0.983742,0.959577,0,0,0.000000
189,0.209060,54.630000,1.258336,0.000000,0.000000,0.598400,0.000000,0.598400,0.924000,1,2992,0,2992,5000,2914,3164,250,78,328,0.973930,0.920986,0,0,0.000000
190,0.386886,56.550000,1.230997,0.000000,0.000000,0.652800,0.000000,0.652800,0.890000,1,3264,0,3264,5000,2987,3088,101,277,378,0.915135,0.967293,0,0,0.000000
191,0.240232,38.020000,1.966193,0.000000,0.000000,0.679200,0.000000,0.679200,0.894200,1,3396,0,3396,5000,3345,3528,183,51,234,0.984982,0.948129,0,0,0.000000
192,0.238600,54.240000,1.276093,0.000000,0.000000,0.547000,0.000000,0.547000,0.942200,1,2735,0,2735,5000,2649,2756,107,86,193,0.968556,0.961176,0,0,0.000000
193,0.170192,49.020000,1.418501,0.000000,0.000000,0.655800,0.000000,0.655800,0.945200,1,3279,0,3279,5000,3236,3360,124,43,167,0.986886,0.963095,0,0,0.000000
194,0.133765,46.610000,1.527799,0.000000,0.000000,0.666000,0.000000,0.666000,0.953600,1,3330,0,3330,5000,3294,3416,122,36,158,0.989189,0.964286,0,0,0.000000
195,0.197500,54.990000,1.235131,0.000000,0.000000,0.603600,0.000000,0.603600,0.937000,1,3018,0,3018,5000,2943,3076,133,75,208,0.975149,0.956762,0,0,0.000000
196,0.257351,48.810000,1.440817,0.000000,0.000000,0.578000,0.000000,0.578000,0.886600,1,2890,0,2890,5000,2802,2952,150,88,238,0.969550,0.949187,0,0,0.000000
197,0.161716,46.270000,1.480431,0.000000,0.000000,0.665800,0.000000,0.665800,0.939400,1,3329,0,3329,5000,3299,3436,137,30,167,0.990988,0.960128,0,0,0.000000
198,0.277352,58.270000,1.158775,0.000000,0.000000,0.571600,0.000000,0.571600,0.891000,1,2858,0,2858,5000,2740,2980,240,118,358,0.958712,0.919463,0,0,0.000000
199,0.328637,52.780000,1.299116,0.000000,0.000000,0.641000,0.000000,0.641000,0.898000,1,3205,0,3205,5000,2924,3184,260,281,541,0.912324,0.918342,0,0,0.000000
200,0.165628,55.720000,1.263820,0.000000,0.000000,0.644200,0.000000,0.644200,0.960600,1,3221,0,3221,5000,3173,3260,87,48,135,0.985098,0.973313,0,0,0.000000
201,0.193296,54.880000,1.289816,0.000000,0.000000,0.487800,0.000000,0.487800,0.951000,1,2439,0,2439,5000,2376,2476,100,63,163,0.974170,0.959612,0,0,0.000000
202,0.231696,53.880000,1.294061,0.000000,0.000000,0.605600,0.000000,0.605600,0.932600,1,3028,0,3028,5000,2959,3080,121,69,190,0.977213,0.960714,0,0,0.000000
203,0.162126,47.040000,1.426803,0.000000,0.000000,0.605000,0.000000,0.605000,0.943600,1,3025,0,3025,5000,2986,3088,102,39,141,0.987107,0.966969,0,0,0.000000
204,0.168749,55.760000,1.236686,0.000000,0.000000,0.611800,0.000000,0.611800,0.959400,1,3059,0,3059,5000,3019,3076,57,40,97,0.986924,0.981469,0,0,0.000000
205,0.316810,50.810000,1.326494,0.000000,0.000000,0.489000,0.000000,0.489000,0.900000,1,2445,0,2445,5000,2168,2372,204,277,481,0.886708,0.913997,0,0,0.000000
206,0.196481,51.040000,1.411093,0.000000,0.000000,0.545600,0.000000,0.545600,0.950400,1,2728,0,2728,5000,2661,2728,67,67,134,0.975440,0.975440,0,0,0.000000
207,0.139745,55.540000,1.242665,0.000000,0.000000,0.609000,0.000000,0.609000,0.961200,1,3045,0,3045,5000,3001,3232,231,44,275,0.985550,0.928527,0,0,0.000000
208,0.335773,54.380000,1.288118,0.000000,0.000000,0.522800,0.000000,0.522800,0.916000,1,2614,0,2614,5000,2368,2436,68,246,314,0.905891,0.972085,0,0,0.000000
209,0.176583,52.700000,1.344256,0.000000,0.000000,0.694800,0.000000,0.694800,0.945400,1,3474,0,3474,5000,3429,3520,91,45,136,0.987047,0.974148,0,0,0.000000
210,0.310017,56.630000,1.224079,0.000000,0.000000,0.606600,0.000000,0.606600,0.915200,1,3033,0,3033,5000,2760,2880,120,273,393,0.909990,0.958333,0,0,0.000000
211,0.211541,55.740000,1.279005,0.000000,0.000000,0.535200,0.000000,0.535200,0.906400,1,2676,0,2676,5000,2591,2732,141,85,226,0.968236,0.948389,0,0,0.000000
212,0.260119,49.730000,1.412320,0.000000,0.000000,0.599400,0.000000,0.599400,0.867200,1,2997,0,2997,5000,2931,3036,105,66,171,0.977978,0.965415,0,0,0.000000
213,0.183974,48.250000,1.488282,0.000000,0.000000,0.545800,0.000000,0.545800,0.951000,1,2729,0,2729,5000,2666,2720,54,63,117,0.976915,0.980147,0,0,0.000000
214,0.189958,49.600000,1.403449,0.000000,0.000000,0.705000,0.000000,0.705000,0.933400,1,3525,0,3525,5000,3496,3720,224,29,253,0.991773,0.939785,0,0,0.000000
215,0.206280,54.860000,1.259127,0.000000,0.000000,0.653200,0.000000,0.653200,0.914200,1,3266,0,3266,5000,3219,3352,133,47,180,0.985609,0.960322,0,0,0.000000
216,0.234485,55.100000,1.247184,0.000000,0.000000,0.603000,0.000000,0.603000,0.909800,1,3015,0,3015,5000,2894,2992,98,121,219,0.959867,0.967246,0,0,0.000000
217,0.211792,51.280000,1.388944,0.000000,0.000000,0.677000,0.000000,0.677000,0.896400,1,3385,0,3385,5000,3299,3420,121,86,207,0.974594,0.964620,0,0,0.000000
218,0.225636,47.570000,1.545344,0.000000,0.000000,0.672000,0.000000,0.672000,0.935600,1,3360,0,3360,5000,3305,3532,227,55,282,0.983631,0.935730,0,0,0.000000
219,0.221697,42.850000,1.698905,0.000000,0.000000,0.583000,0.000000,0.583000,0.935800,1,2915,0,2915,5000,2835,2952,117,80,197,0.972556,0.960366,0,0,0.000000
220,0.319617,47.750000,1.456226,0.000000,0.000000,0.538800,0.000000,0.538800,0.927000,1,2694,0,2694,5000,2624,2752,128,70,198,0.974016,0.953488,0,0,0.000000
221,0.231879,49.270000,1.461345,0.000000,0.000000,0.579000,0.000000,0.579000,0.935600,1,2895,0,2895,5000,2817,2888,71,78,149,0.973057,0.975416,0,0,0.000000
222,0.141071,55.120000,1.276627,0.000000,0.000000,0.640400,0.000000,0.640400,0.945600,1,3202,0,3202,5000,3172,3260,88,30,118,0.990631,0.973006,0,0,0.000000
223,0.214873,51.690000,1.360447,0.000000,0.000000,0.504400,0.000000,0.504400,0.934600,1,2522,0,2522,5000,2439,2568,129,83,212,0.967090,0.949766,0,0,0.000000
224,0.305400,37.870000,1.874502,0.000000,0.000000,0.630600,0.000000,0.630600,0.911200,1,3153,0,3153,5000,2885,3000,115,268,383,0.915002,0.961667,0,0,0.000000
225,0.271750,54.050000,1.324349,0.000000,0.000000,0.501000,0.000000,0.501000,0.914400,1,2505,0,2505,5000,2404,2624,220,101,321,0.959681,0.916159,0,0,0.000000
226,0.145772,51.590000,1.354070,0.000000,0.000000,0.588400,0.000000,0.588400,0.962400,1,2942,0,2942,5000,2904,3160,256,38,294,0.987084,0.918987,0,0,0.000000
227,0.137602,51.400000,1.302173,0.000000,0.000000,0.627200,0.000000,0.627200,0.965000,1,3136,0,3136,5000,3113,3188,75,23,98,0.992666,0.976474,0,0,0.000000
228,0.197176,55.870000,1.269040,0.000000,0.000000,0.670000,0.000000,0.670000,0.931600,1,3350,0,3350,5000,3302,3380,78,48,126,0.985672,0.976923,0,0,0.000000
229,0.170784,53.450000,1.291670,0.000000,0.000000,0.685000,0.000000,0.685000,0.940600,1,3425,0,3425,5000,3394,3536,142,31,173,0.990949,0.959842,0,0,0.000000
230,0.333273,50.950000,1.445617,0.000000,0.000000,0.501600,0.000000,0.501600,0.910000,1,2508,0,2508,5000,2215,2272,57,293,350,0.883174,0.974912,0,0,0.000000
231,0.195038,56.840000,1.213595,0.000000,0.000000,0.503400,0.000000,0.503400,0.945000,1,2517,0,2517,5000,2460,2552,92,57,149,0.977354,0.963950,0,0,0.000000
232,0.205555,52.850000,1.318629,0.000000,0.000000,0.683600,0.000000,0.683600,0.901000,1,3418,0,3418,5000,3345,3428,83,73,156,0.978642,0.975788,0,0,0.000000
233,0.159375,55.010000,1.293601,0.000000,0.000000,0.580800,0.000000,0.580800,0.954200,1,2904,0,2904,5000,2847,2980,133,57,190,0.980372,0.955369,0,0,0.000000
234,0.127972,54.550000,1.263039,0.000000,0.000000,0.567200,0.000000,0.567200,0.967600,1,2836,0,2836,5000,2809,2876,67,27,94,0.990480,0.976704,0,0,0.000000
235,0.178619,51.030000,1.357395,0.000000,0.000000,0.686800,0.000000,0.686800,0.933200,1,3434,0,3434,5000,3386,3520,134,48,182,0.986022,0.961932,0,0,0.000000
236,0.223734,55.090000,1.274323,0.000000,0.000000,0.528000,0.000000,0.528000,0.925200,1,2640,0,2640,5000,2545,2656,111,95,206,0.964015,0.958208,0,0,0.000000
237,0.202764,53.020000,1.331356,0.000000,0.000000,0.548400,0.000000,0.548400,0.939400,1,2742,0,2742,5000,2680,2844,164,62,226,0.977389,0.942335,0,0,0.000000
238,0.292493,55.350000,1.319913,0.000000,0.000000,0.605600,0.000000,0.605600,0.922000,1,3028,0,3028,5000,2760,2836,76,268,344,0.911493,0.973202,0,0,0.000000
239,0.268766,59.900000,1.144691,0.000000,0.000000,0.567000,0.000000,0.567000,0.875600,1,2835,0,2835,5000,2745,2840,95,90,185,0.968254,0.966549,0,0,0.000000
240,0.142624,57.270000,1.258726,0.000000,0.000000,0.582600,0.000000,0.582600,0.965800,1,2913,0,2913,5000,2845,3072,227,68,295,0.976656,0.926107,0,0,0.000000
241,0.149811,53.830000,1.303822,0.000000,0.000000,0.507600,0.000000,0.507600,0.964800,1,2538,0,2538,5000,2491,2568,77,47,124,0.981481,0.970016,0,0,0.000000
242,0.130147,59.810000,1.170921,0.000000,0.000000,0.708600,0.000000,0.708600,0.964600,1,3543,0,3543,5000,3528,3604,76,15,91,0.995766,0.978912,0,0,0.000000
243,0.191160,53.010000,1.285797,0.000000,0.000000,0.448000,0.000000,0.448000,0.937400,1,2240,0,2240,5000,2170,2396,226,70,296,0.968750,0.905676,0,0,0.000000
244,0.347074,52.890000,1.319219,0.000000,0.000000,0.670200,0.000000,0.670200,0.852800,1,3351,0,3351,5000,3082,3164,82,269,351,0.919725,0.974083,0,0,0.000000
245,0.199562,53.680000,1.307797,0.000000,0.000000,0.629400,0.000000,0.629400,0.855200,1,3147,0,3147,5000,3082,3216,134,65,199,0.979345,0.958333,0,0,0.000000
246,0.127492,54.180000,1.285976,0.000000,0.000000,0.586400,0.000000,0.586400,0.955000,1,2932,0,2932,5000,2893,2960,67,39,106,0.986698,0.977365,0,0,0.000000
247,0.221624,55.650000,1.255303,0.000000,0.000000,0.556400,0.000000,0.556400,0.905000,1,2782,0,2782,5000,2727,2868,141,55,196,0.980230,0.950837,0,0,0.000000
248,0.098430,50.930000,1.353929,0.000000,0.000000,0.495000,0.000000,0.495000,0.953600,1,2475,0,2475,5000,2456,2496,40,19,59,0.992323,0.983974,0,0,0.000000
249,0.180846,50.350000,1.449051,0.000000,0.000000,0.578400,0.000000,0.578400,0.938000,1,2892,0,2892,5000,2828,3096,268,64,332,0.977870,0.913437,0,0,0.000000
250,0.245108,52.500000,1.334027,0.000000,0.000000,0.593400,0.000000,0.593400,0.902200,1,2967,0,2967,5000,2912,3068,156,55,211,0.981463,0.949153,0,0,0.000000
251,0.515263,56.960000,1.223008,0.000000,0.000000,0.484600,0.000000,0.484600,0.853000,1,2423,0,2423,5000,1952,2008,56,471,527,0.805613,0.972112,0,0,0.000000
252,0.282405,53.460000,1.376940,0.000000,0.000000,0.690800,0.000000,0.690800,0.916400,1,3454,0,3454,5000,3185,3268,83,269,352,0.922119,0.974602,0,0,0.000000
253,0.303491,51.050000,1.384250,0.000000,0.000000,0.598000,0.000000,0.598000,0.911000,1,2990,0,2990,5000,2750,2836,86,240,326,0.919732,0.969676,0,0,0.000000
254,0.177959,53.670000,1.298570,0.000000,0.000000,0.625800,0.000000,0.625800,0.947800,1,3129,0,3129,5000,3077,3164,87,52,139,0.983381,0.972503,0,0,0.000000
255,0.221473,56.590000,1.185072,0.000000,0.000000,0.518600,0.000000,0.518600,0.922400,1,2593,0,2593,5000,2520,2608,88,73,161,0.971847,0.966258,0,0,0.000000
256,0.296715,54.590000,1.280431,0.000000,0.000000,0.569400,0.000000,0.569400,0.910800,1,2847,0,2847,5000,2567,2676,109,280,389,0.901651,0.959268,0,0,0.000000
257,0.148870,46.480000,1.585557,0.000000,0.000000,0.612800,0.000000,0.612800,0.950600,1,3064,0,3064,5000,3028,3104,76,36,112,0.988251,0.975515,0,0,0.000000
258,0.158338,51.390000,1.366023,0.000000,0.000000,0.582800,0.000000,0.582800,0.960400,1,2914,0,2914,5000,2868,2972,104,46,150,0.984214,0.965007,0,0,0.000000
259,0.161089,56.760000,1.210062,0.000000,0.000000,0.515200,0.000000,0.515200,0.958600,1,2576,0,2576,5000,2519,2644,125,57,182,0.977873,0.952723,0,0,0.000000
260,0.368687,52.310000,1.344987,0.000000,0.000000,0.668400,0.000000,0.668400,0.875200,1,3342,0,3342,5000,3042,3140,98,300,398,0.910233,0.968790,0,0,0.000000
261,0.163956,46.390000,1.608701,0.000000,0.000000,0.534000,0.000000,0.534000,0.960000,1,2670,0,2670,5000,2608,2808,200,62,262,0.976779,0.928775,0,0,0.000000
262,0.418642,52.370000,1.315385,0.000000,0.000000,0.562200,0.000000,0.562200,0.831800,1,2811,0,2811,5000,2494,2584,90,317,407,0.887229,0.965170,0,0,0.000000
263,0.214491,48.290000,1.491871,0.000000,0.000000,0.717200,0.000000,0.717200,0.950000,1,3586,0,3586,5000,3529,3656,127,57,184,0.984105,0.965263,0,0,0.000000
264,0.510792,53.460000,1.289524,0.000000,0.000000,0.593200,0.000000,0.593200,0.838400,1,2966,0,2966,5000,2681,2784,103,285,388,0.903911,0.963003,0,0,0.000000
265,0.161214,47.980000,1.525740,0.000000,0.000000,0.743000,0.000000,0.743000,0.931600,1,3715,0,3715,5000,3691,3828,137,24,161,0.993540,0.964211,0,0,0.000000
266,0.155690,49.970000,1.456252,0.000000,0.000000,0.643400,0.000000,0.643400,0.928600,1,3217,0,3217,5000,3181,3244,63,36,99,0.988809,0.980580,0,0,0.000000
267,0.458209,56.140000,1.228956,0.000000,0.000000,0.557000,0.000000,0.557000,0.872200,1,2785,0,2785,5000,2291,2360,69,494,563,0.822621,0.970763,0,0,0.000000
268,0.159437,52.550000,1.339144,0.000000,0.000000,0.549600,0.000000,0.549600,0.934600,1,2748,0,2748,5000,2700,2800,100,48,148,0.982533,0.964286,0,0,0.000000
269,0.176803,53.940000,1.252134,0.000000,0.000000,0.652800,0.000000,0.652800,0.945600,1,3264,0,3264,5000,3215,3320,105,49,154,0.984988,0.968373,0,0,0.000000
270,0.330442,54.510000,1.242496,0.000000,0.000000,0.630200,0.000000,0.630200,0.891000,1,3151,0,3151,5000,2868,2956,88,283,371,0.910187,0.970230,0,0,0.000000
271,0.142321,55.010000,1.269086,0.000000,0.000000,0.621400,0.000000,0.621400,0.956800,1,3107,0,3107,5000,3059,3200,141,48,189,0.984551,0.955937,0,0,0.000000
272,0.142648,54.470000,1.283847,0.000000,0.000000,0.568400,0.000000,0.568400,0.913600,1,2842,0,2842,5000,2795,2892,97,47,144,0.983462,0.966459,0,0,0.000000
273,0.189170,53.240000,1.359949,0.000000,0.000000,0.585800,0.000000,0.585800,0.918400,1,2929,0,2929,5000,2858,2952,94,71,165,0.975760,0.968157,0,0,0.000000
274,0.124736,52.670000,1.387707,0.000000,0.000000,0.631000,0.000000,0.631000,0.964200,1,3155,0,3155,5000,3130,3224,94,25,119,0.992076,0.970844,0,0,0.000000
275,0.312488,51.000000,1.443488,0.000000,0.000000,0.677000,0.000000,0.677000,0.898200,1,3385,0,3385,5000,3092,3220,128,293,421,0.913442,0.960248,0,0,0.000000
276,0.321229,51.960000,1.370081,0.000000,0.000000,0.543600,0.000000,0.543600,0.919400,1,2718,0,2718,5000,2419,2628,209,299,508,0.889993,0.920472,0,0,0.000000
277,0.157008,55.270000,1.251843,0.000000,0.000000,0.723000,0.000000,0.723000,0.957400,1,3615,0,3615,5000,3585,3712,127,30,157,0.991701,0.965787,0,0,0.000000
278,0.165411,54.540000,1.343088,0.000000,0.000000,0.725200,0.000000,0.725200,0.944000,1,3626,0,3626,5000,3578,3692,114,48,162,0.986762,0.969122,0,0,0.000000
279,0.223932,55.750000,1.341745,0.000000,0.000000,0.588800,0.000000,0.588800,0.924800,1,2944,0,2944,5000,2841,2904,63,103,166,0.965014,0.978306,0,0,0.000000
280,0.183513,54.700000,1.236729,0.000000,0.000000,0.561000,0.000000,0.561000,0.952000,1,2805,0,2805,5000,2748,2820,72,57,129,0.979679,0.974468,0,0,0.000000
281,0.165598,57.430000,1.221927,0.000000,0.000000,0.542600,0.000000,0.542600,0.945000,1,2713,0,2713,5000,2643,2720,77,70,147,0.974198,0.971691,0,0,0.000000
282,0.148827,57.510000,1.198607,0.000000,0.000000,0.480800,0.000000,0.480800,0.968000,1,2404,0,2404,5000,2330,2624,294,74,368,0.969218,0.887957,0,0,0.000000
283,0.236328,55.530000,1.238187,0.000000,0.000000,0.565600,0.000000,0.565600,0.911000,1,2828,0,2828,5000,2736,2816,80,92,172,0.967468,0.971591,0,0,0.000000
284,0.110703,55.900000,1.293743,0.000000,0.000000,0.668000,0.000000,0.668000,0.965200,1,3340,0,3340,5000,3311,3376,65,29,94,0.991317,0.980746,0,0,0.000000
285,0.172723,57.850000,1.196119,0.000000,0.000000,0.533200,0.000000,0.533200,0.911800,1,2666,0,2666,5000,2619,2872,253,47,300,0.982371,0.911908,0,0,0.000000
286,0.203390,57.320000,1.223169,0.000000,0.000000,0.583200,0.000000,0.583200,0.948000,1,2916,0,2916,5000,2833,2932,99,83,182,0.971536,0.966235,0,0,0.000000
287,0.160777,56.860000,1.211314,0.000000,0.000000,0.657800,0.000000,0.657800,0.913400,1,3289,0,3289,5000,3248,3340,92,41,133,0.987534,0.972455,0,0,0.000000
288,0.147309,59.180000,1.178059,0.000000,0.000000,0.651800,0.000000,0.651800,0.937800,1,3259,0,3259,5000,3206,3288,82,53,135,0.983737,0.975061,0,0,0.000000
289,0.268881,49.300000,1.384295,0.000000,0.000000,0.460000,0.000000,0.460000,0.938000,1,2300,0,2300,5000,2199,2340,141,101,242,0.956087,0.939744,0,0,0.000000
290,0.132990,59.180000,1.177314,0.000000,0.000000,0.660000,0.000000,0.660000,0.961200,1,3300,0,3300,5000,3255,3400,145,45,190,0.986364,0.957353,0,0,0.000000
291,0.464043,55.560000,1.258846,0.000000,0.000000,0.495200,0.000000,0.495200,0.859000,1,2476,0,2476,5000,1923,2040,117,553,670,0.776656,0.942647,0,0,0.000000
292,0.169987,54.420000,1.233264,0.000000,0.000000,0.593400,0.000000,0.593400,0.958200,1,2967,0,2967,5000,2920,3028,108,47,155,0.984159,0.964333,0,0,0.000000
293,0.166399,54.100000,1.344456,0.000000,0.000000,0.557400,0.000000,0.557400,0.940000,1,2787,0,2787,5000,2730,2824,94,57,151,0.979548,0.966714,0,0,0.000000
294,0.247952,49.260000,1.414681,0.000000,0.000000,0.691200,0.000000,0.691200,0.929200,1,3456,0,3456,5000,3358,3440,82,98,180,0.971644,0.976163,0,0,0.000000
295,0.170320,56.760000,1.226299,0.000000,0.000000,0.609200,0.000000,0.609200,0.948800,1,3046,0,3046,5000,2994,3108,114,52,166,0.982928,0.963320,0,0,0.000000
296,0.174339,51.470000,1.340063,0.000000,0.000000,0.705800,0.000000,0.705800,0.936200,1,3529,0,3529,5000,3475,3576,101,54,155,0.984698,0.971756,0,0,0.000000
297,0.129182,56.280000,1.241499,0.000000,0.000000,0.669800,0.000000,0.669800,0.965800,1,3349,0,3349,5000,3325,3416,91,24,115,0.992834,0.973361,0,0,0.000000
298,0.130433,53.640000,1.345783,0.000000,0.000000,0.526200,0.000000,0.526200,0.962400,1,2631,0,2631,5000,2575,2688,113,56,169,0.978715,0.957961,0,0,0.000000
299,0.116428,52.000000,1.416696,0.000000,0.000000,0.470000,0.000000,0.470000,0.973000,1,2350,0,2350,5000,2323,2540,217,27,244,0.988511,0.914567,0,0,0.000000
300,0.198923,55.430000,1.231209,0.000000,0.000000,0.634800,0.000000,0.634800,0.927000,1,3174,0,3174,5000,3103,3232,129,71,200,0.977631,0.960087,0,0,0.000000
301,0.151331,48.410000,1.453897,0.000000,0.000000,0.648200,0.000000,0.648200,0.945200,1,3241,0,3241,5000,3176,3260,84,65,149,0.979944,0.974233,0,0,0.000000
302,0.173270,58.160000,1.157095,0.000000,0.000000,0.672600,0.000000,0.672600,0.939000,1,3363,0,3363,5000,3315,3460,145,48,193,0.985727,0.958092,0,0,0.000000
303,0.132944,58.130000,1.208046,0.000000,0.000000,0.693600,0.000000,0.693600,0.940000,1,3468,0,3468,5000,3426,3540,114,42,156,0.987889,0.967797,0,0,0.000000
304,0.164197,57.350000,1.214603,0.000000,0.000000,0.488000,0.000000,0.488000,0.944200,1,2440,0,2440,5000,2379,2476,97,61,158,0.975000,0.960824,0,0,0.000000
305,0.246386,60.120000,1.147745,0.000000,0.000000,0.413200,0.000000,0.413200,0.933400,1,2066,0,2066,5000,1983,2052,69,83,152,0.959826,0.966374,0,0,0.000000
306,0.349118,47.930000,1.450783,0.000000,0.000000,0.665200,0.000000,0.665200,0.868400,1,3326,0,3326,5000,3092,3172,80,234,314,0.929645,0.974779,0,0,0.000000
307,0.144794,54.320000,1.279745,0.000000,0.000000,0.696600,0.000000,0.696600,0.925800,1,3483,0,3483,5000,3452,3508,56,31,87,0.991100,0.984036,0,0,0.000000
308,0.294454,56.050000,1.242178,0.000000,0.000000,0.711400,0.000000,0.711400,0.914200,1,3557,0,3557,5000,3299,3420,121,258,379,0.927467,0.964620,0,0,0.000000
309,0.124012,57.400000,1.190036,0.000000,0.000000,0.662400,0.000000,0.662400,0.970200,1,3312,0,3312,5000,3269,3332,63,43,106,0.987017,0.981092,0,0,0.000000
310,0.290247,61.460000,1.095598,0.000000,0.000000,0.626200,0.000000,0.626200,0.914200,1,3131,0,3131,5000,2851,2960,109,280,389,0.910572,0.963176,0,0,0.000000
311,0.259771,54.510000,1.332922,0.000000,0.000000,0.592800,0.000000,0.592800,0.911600,1,2964,0,2964,5000,2739,2784,45,225,270,0.924089,0.983836,0,0,0.000000
312,0.120531,50.190000,1.451946,0.000000,0.000000,0.705000,0.000000,0.705000,0.960600,1,3525,0,3525,5000,3503,3576,73,22,95,0.993759,0.979586,0,0,0.000000
313,0.248498,55.100000,1.289301,0.000000,0.000000,0.490000,0.000000,0.490000,0.918800,1,2450,0,2450,5000,2318,2484,166,132,298,0.946122,0.933172,0,0,0.000000
314,0.108022,55.620000,1.267198,0.000000,0.000000,0.546400,0.000000,0.546400,0.975400,1,2732,0,2732,5000,2700,2772,72,32,104,0.988287,0.974026,0,0,0.000000
315,0.292635,48.340000,1.388061,0.000000,0.000000,0.563000,0.000000,0.563000,0.907400,1,2815,0,2815,5000,2524,2724,200,291,491,0.896625,0.926579,0,0,0.000000
316,0.168918,57.260000,1.223472,0.000000,0.000000,0.548200,0.000000,0.548200,0.932000,1,2741,0,2741,5000,2687,2780,93,54,147,0.980299,0.966547,0,0,0.000000
317,0.129704,57.800000,1.226436,0.000000,0.000000,0.608200,0.000000,0.608200,0.957000,1,3041,0,3041,5000,3008,3104,96,33,129,0.989148,0.969072,0,0,0.000000
318,0.442304,57.890000,1.203074,0.000000,0.000000,0.610200,0.000000,0.610200,0.841200,1,3051,0,3051,5000,2539,2636,97,512,609,0.832186,0.963202,0,0,0.000000
319,0.157577,54.400000,1.279766,0.000000,0.000000,0.552600,0.000000,0.552600,0.951200,1,2763,0,2763,5000,2704,2784,80,59,139,0.978646,0.971264,0,0,0.000000
320,0.145407,52.970000,1.362425,0.000000,0.000000,0.453800,0.000000,0.453800,0.961600,1,2269,0,2269,5000,2214,2292,78,55,133,0.975760,0.965969,0,0,0.000000
321,0.137892,56.140000,1.213319,0.000000,0.000000,0.639800,0.000000,0.639800,0.966600,1,3199,0,3199,5000,3171,3236,65,28,93,0.991247,0.979913,0,0,0.000000
322,0.183348,60.480000,1.144128,0.000000,0.000000,0.730800,0.000000,0.730800,0.926000,1,3654,0,3654,5000,3583,3680,97,71,168,0.980569,0.973641,0,0,0.000000
323,0.174902,60.800000,1.132941,0.000000,0.000000,0.571400,0.000000,0.571400,0.932800,1,2857,0,2857,5000,2784,2852,68,73,141,0.974449,0.976157,0,0,0.000000
324,0.139819,51.860000,1.395035,0.000000,0.000000,0.667000,0.000000,0.667000,0.958400,1,3335,0,3335,5000,3292,3396,104,43,147,0.987106,0.969376,0,0,0.000000
325,0.160594,55.840000,1.315008,0.000000,0.000000,0.653800,0.000000,0.653800,0.949000,1,3269,0,3269,5000,3201,3344,143,68,211,0.979199,0.957237,0,0,0.000000
326,0.278652,54.620000,1.300182,0.000000,0.000000,0.605000,0.000000,0.605000,0.864400,1,3025,0,3025,5000,2755,2840,85,270,355,0.910744,0.970070,0,0,0.000000
327,0.212573,54.530000,1.271278,0.000000,0.000000,0.670800,0.000000,0.670800,0.914000,1,3354,0,3354,5000,3310,3432,122,44,166,0.986881,0.964452,0,0,0.000000
328,0.207694,55.990000,1.290494,0.000000,0.000000,0.456600,0.000000,0.456600,0.939000,1,2283,0,2283,5000,2188,2436,248,95,343,0.958388,0.898194,0,0,0.000000
329,0.221846,54.880000,1.372534,0.000000,0.000000,0.572800,0.000000,0.572800,0.928400,1,2864,0,2864,5000,2764,2916,152,100,252,0.965084,0.947874,0,0,0.000000
330,0.116028,58.490000,1.200430,0.000000,0.000000,0.589600,0.000000,0.589600,0.968400,1,2948,0,2948,5000,2916,3176,260,32,292,0.989145,0.918136,0,0,0.000000
331,0.189682,57.810000,1.202457,0.000000,0.000000,0.538400,0.000000,0.538400,0.941600,1,2692,0,2692,5000,2632,2732,100,60,160,0.977712,0.963397,0,0,0.000000
332,0.134560,57.380000,1.249280,0.000000,0.000000,0.570800,0.000000,0.570800,0.948200,1,2854,0,2854,5000,2811,2912,101,43,144,0.984933,0.965316,0,0,0.000000
333,0.203032,60.000000,1.136396,0.000000,0.000000,0.611000,0.000000,0.611000,0.905800,1,3055,0,3055,5000,2992,3328,336,63,399,0.979378,0.899038,0,0,0.000000
334,0.130293,45.850000,1.670336,0.000000,0.000000,0.500000,0.000000,0.500000,0.952000,1,2500,0,2500,5000,2455,2676,221,45,266,0.982000,0.917414,0,0,0.000000
335,0.123474,53.360000,1.342477,0.000000,0.000000,0.636800,0.000000,0.636800,0.965600,1,3184,0,3184,5000,3147,3248,101,37,138,0.988379,0.968904,0,0,0.000000
336,0.370091,59.680000,1.185111,0.000000,0.000000,0.599200,0.000000,0.599200,0.892600,1,2996,0,2996,5000,2652,2732,80,344,424,0.885180,0.970717,0,0,0.000000
337,0.231780,57.160000,1.238368,0.000000,0.000000,0.549200,0.000000,0.549200,0.936000,1,2746,0,2746,5000,2690,3140,450,56,506,0.979607,0.856688,0,0,0.000000
338,0.274004,51.590000,1.438621,0.000000,0.000000,0.680600,0.000000,0.680600,0.895800,1,3403,0,3403,5000,3340,3424,84,63,147,0.981487,0.975467,0,0,0.000000
339,0.143347,51.110000,1.367314,0.000000,0.000000,0.617600,0.000000,0.617600,0.964000,1,3088,0,3088,5000,3043,3340,297,45,342,0.985427,0.911078,0,0,0.000000
340,0.352530,50.000000,1.446420,0.000000,0.000000,0.590200,0.000000,0.590200,0.865800,1,2951,0,2951,5000,2693,2916,223,258,481,0.912572,0.923525,0,0,0.000000
341,0.160026,59.130000,1.184307,0.000000,0.000000,0.544600,0.000000,0.544600,0.953000,1,2723,0,2723,5000,2660,2764,104,63,167,0.976864,0.962373,0,0,0.000000
342,0.400994,58.690000,1.218612,0.000000,0.000000,0.466600,0.000000,0.466600,0.880200,1,2333,0,2333,5000,1982,2044,62,351,413,0.849550,0.969667,0,0,0.000000
343,0.094382,56.960000,1.237990,0.000000,0.000000,0.618400,0.000000,0.618400,0.974800,1,3092,0,3092,5000,3055,3276,221,37,258,0.988034,0.932540,0,0,0.000000
344,0.119449,53.360000,1.336532,0.000000,0.000000,0.724800,0.000000,0.724800,0.966000,1,3624,0,3624,5000,3591,3680,89,33,122,0.990894,0.975815,0,0,0.000000
345,0.174283,59.310000,1.177064,0.000000,0.000000,0.598400,0.000000,0.598400,0.953600,1,2992,0,2992,5000,2933,3220,287,59,346,0.980281,0.910870,0,0,0.000000
346,0.154046,59.630000,1.152384,0.000000,0.000000,0.676000,0.000000,0.676000,0.948200,1,3380,0,3380,5000,3345,3420,75,35,110,0.989645,0.978070,0,0,0.000000
347,0.092797,56.650000,1.258922,0.000000,0.000000,0.716600,0.000000,0.716600,0.979200,1,3583,0,3583,5000,3551,3780,229,32,261,0.991069,0.939418,0,0,0.000000
348,0.204859,60.120000,1.142040,0.000000,0.000000,0.555200,0.000000,0.555200,0.930800,1,2776,0,2776,5000,2688,2996,308,88,396,0.968300,0.897196,0,0,0.000000
349,0.145312,59.400000,1.185031,0.000000,0.000000,0.602800,0.000000,0.602800,0.911600,1,3014,0,3014,5000,2948,3012,64,66,130,0.978102,0.978752,0,0,0.000000
350,0.202884,50.710000,1.447298,0.000000,0.000000,0.558800,0.000000,0.558800,0.933600,1,2794,0,2794,5000,2716,2792,76,78,154,0.972083,0.972779,0,0,0.000000
351,0.179879,59.840000,1.160144,0.000000,0.000000,0.622800,0.000000,0.622800,0.938800,1,3114,0,3114,5000,3038,3344,306,76,382,0.975594,0.908493,0,0,0.000000
352,0.168649,59.790000,1.163347,0.000000,0.000000,0.537000,0.000000,0.537000,0.944600,1,2685,0,2685,5000,2611,2736,125,74,199,0.972439,0.954313,0,0,0.000000
353,0.178596,52.380000,1.376212,0.000000,0.000000,0.670600,0.000000,0.670600,0.937800,1,3353,0,3353,5000,3286,3380,94,67,161,0.980018,0.972189,0,0,0.000000
354,0.152654,57.940000,1.229645,0.000000,0.000000,0.560400,0.000000,0.560400,0.947000,1,2802,0,2802,5000,2731,2956,225,71,296,0.974661,0.923884,0,0,0.000000
355,0.323263,57.160000,1.221629,0.000000,0.000000,0.591400,0.000000,0.591400,0.896200,1,2957,0,2957,5000,2665,2756,91,292,383,0.901251,0.966981,0,0,0.000000
356,0.302316,53.150000,1.363025,0.000000,0.000000,0.619400,0.000000,0.619400,0.906600,1,3097,0,3097,5000,2864,2932,68,233,301,0.924766,0.976808,0,0,0.000000
357,0.172170,56.550000,1.242610,0.000000,0.000000,0.612200,0.000000,0.612200,0.936000,1,3061,0,3061,5000,2990,3100,110,71,181,0.976805,0.964516,0,0,0.000000
358,0.379436,56.540000,1.241319,0.000000,0.000000,0.674400,0.000000,0.674400,0.867000,1,3372,0,3372,5000,3079,3124,45,293,338,0.913108,0.985595,0,0,0.000000
359,0.205465,49.290000,1.481813,0.000000,0.000000,0.611600,0.000000,0.611600,0.935800,1,3058,0,3058,5000,2956,3040,84,102,186,0.966645,0.972368,0,0,0.000000
360,0.197244,55.800000,1.318556,0.000000,0.000000,0.689400,0.000000,0.689400,0.938200,1,3447,0,3447,5000,3375,3440,65,72,137,0.979112,0.981105,0,0,0.000000
361,0.153677,54.180000,1.411954,0.000000,0.000000,0.631000,0.000000,0.631000,0.926600,1,3155,0,3155,5000,3098,3156,58,57,115,0.981933,0.981622,0,0,0.000000
362,0.153601,54.770000,1.320620,0.000000,0.000000,0.560800,0.000000,0.560800,0.959000,1,2804,0,2804,5000,2731,2784,53,73,126,0.973966,0.980963,0,0,0.000000
363,0.140559,57.100000,1.201809,0.000000,0.000000,0.614400,0.000000,0.614400,0.959200,1,3072,0,3072,5000,3016,3232,216,56,272,0.981771,0.933168,0,0,0.000000
364,0.137660,55.920000,1.299513,0.000000,0.000000,0.512800,0.000000,0.512800,0.937800,1,2564,0,2564,5000,2522,2580,58,42,100,0.983619,0.977519,0,0,0.000000
365,0.148157,56.910000,1.230014,0.000000,0.000000,0.642200,0.000000,0.642200,0.947400,1,3211,0,3211,5000,3185,3252,67,26,93,0.991903,0.979397,0,0,0.000000
366,0.425700,52.410000,1.366712,0.000000,0.000000,0.664400,0.000000,0.664400,0.855400,1,3322,0,3322,5000,2838,2896,58,484,542,0.854305,0.979972,0,0,0.000000
367,0.139102,54.700000,1.266939,0.000000,0.000000,0.635200,0.000000,0.635200,0.952600,1,3176,0,3176,5000,3124,3344,220,52,272,0.983627,0.934211,0,0,0.000000
368,0.106137,56.840000,1.218333,0.000000,0.000000,0.645000,0.000000,0.645000,0.958600,1,3225,0,3225,5000,3187,3468,281,38,319,0.988217,0.918973,0,0,0.000000
369,0.271500,56.320000,1.246392,0.000000,0.000000,0.685800,0.000000,0.685800,0.913600,1,3429,0,3429,5000,3176,3236,60,253,313,0.926218,0.981459,0,0,0.000000
370,0.299858,52.360000,1.371703,0.000000,0.000000,0.486200,0.000000,0.486200,0.923600,1,2431,0,2431,5000,2284,2488,204,147,351,0.939531,0.918006,0,0,0.000000
371,0.137628,44.930000,1.568863,0.000000,0.000000,0.606400,0.000000,0.606400,0.948000,1,3032,0,3032,5000,2994,3184,190,38,228,0.987467,0.940327,0,0,0.000000
372,0.261052,58.310000,1.198921,0.000000,0.000000,0.495600,0.000000,0.495600,0.924400,1,2478,0,2478,5000,2387,2972,585,91,676,0.963277,0.803163,0,0,0.000000
373,0.209331,57.610000,1.226085,0.000000,0.000000,0.601400,0.000000,0.601400,0.916000,1,3007,0,3007,5000,2912,2996,84,95,179,0.968407,0.971963,0,0,0.000000
374,0.165894,53.370000,1.356806,0.000000,0.000000,0.599200,0.000000,0.599200,0.938200,1,2996,0,2996,5000,2921,3200,279,75,354,0.974967,0.912812,0,0,0.000000
375,0.155206,61.860000,1.110490,0.000000,0.000000,0.517800,0.000000,0.517800,0.893000,1,2589,0,2589,5000,2517,2780,263,72,335,0.972190,0.905396,0,0,0.000000
376,0.172741,48.140000,1.490688,0.000000,0.000000,0.601400,0.000000,0.601400,0.928600,1,3007,0,3007,5000,2966,3032,66,41,107,0.986365,0.978232,0,0,0.000000
377,0.168164,56.300000,1.291991,0.000000,0.000000,0.646800,0.000000,0.646800,0.948200,1,3234,0,3234,5000,3191,3284,93,43,136,0.986704,0.971681,0,0,0.000000
378,0.112032,58.910000,1.198212,0.000000,0.000000,0.569800,0.000000,0.569800,0.970000,1,2849,0,2849,5000,2808,3032,224,41,265,0.985609,0.926121,0,0,0.000000
379,0.128506,60.130000,1.161003,0.000000,0.000000,0.643400,0.000000,0.643400,0.955400,1,3217,0,3217,5000,3160,3384,224,57,281,0.982282,0.933806,0,0,0.000000
380,0.145729,57.890000,1.214504,0.000000,0.000000,0.549000,0.000000,0.549000,0.964800,1,2745,0,2745,5000,2689,2748,59,56,115,0.979599,0.978530,0,0,0.000000
381,0.151874,48.510000,1.427906,0.000000,0.000000,0.659200,0.000000,0.659200,0.954600,1,3296,0,3296,5000,3245,3304,59,51,110,0.984527,0.982143,0,0,0.000000
382,0.155569,55.090000,1.292514,0.000000,0.000000,0.621800,0.000000,0.621800,0.962800,1,3109,0,3109,5000,3050,3256,206,59,265,0.981023,0.936732,0,0,0.000000
383,0.199191,49.900000,1.461399,0.000000,0.000000,0.564800,0.000000,0.564800,0.916000,1,2824,0,2824,5000,2728,2816,88,96,184,0.966006,0.968750,0,0,0.000000
384,0.146879,59.020000,1.181013,0.000000,0.000000,0.636200,0.000000,0.636200,0.939400,1,3181,0,3181,5000,3136,3212,76,45,121,0.985854,0.976339,0,0,0.000000
385,0.166142,56.090000,1.280640,0.000000,0.000000,0.606400,0.000000,0.606400,0.945000,1,3032,0,3032,5000,2963,3056,93,69,162,0.977243,0.969568,0,0,0.000000
386,0.128547,55.470000,1.320460,0.000000,0.000000,0.600400,0.000000,0.600400,0.932200,1,3002,0,3002,5000,2955,3008,53,47,100,0.984344,0.982380,0,0,0.000000
387,0.171913,53.220000,1.397231,0.000000,0.000000,0.695000,0.000000,0.695000,0.909600,1,3475,0,3475,5000,3455,3640,185,20,205,0.994245,0.949176,0,0,0.000000
388,0.141526,48.310000,1.496379,0.000000,0.000000,0.558600,0.000000,0.558600,0.951600,1,2793,0,2793,5000,2742,2832,90,51,141,0.981740,0.968220,0,0,0.000000
389,0.156171,59.190000,1.171808,0.000000,0.000000,0.610600,0.000000,0.610600,0.966200,1,3053,0,3053,5000,2989,3188,199,64,263,0.979037,0.937578,0,0,0.000000
390,0.197073,58.740000,1.234842,0.000000,0.000000,0.590200,0.000000,0.590200,0.933600,1,2951,0,2951,5000,2861,2940,79,90,169,0.969502,0.973129,0,0,0.000000
391,0.218774,58.450000,1.197824,0.000000,0.000000,0.561000,0.000000,0.561000,0.922000,1,2805,0,2805,5000,2700,2820,120,105,225,0.962567,0.957447,0,0,0.000000
392,0.147686,59.010000,1.158661,0.000000,0.000000,0.515400,0.000000,0.515400,0.956400,1,2577,0,2577,5000,2509,2788,279,68,347,0.973613,0.899928,0,0,0.000000
393,0.305456,57.770000,1.227645,0.000000,0.000000,0.584000,0.000000,0.584000,0.881600,1,2920,0,2920,5000,2623,2860,237,297,534,0.898288,0.917133,0,0,0.000000
394,0.192920,52.950000,1.401014,0.000000,0.000000,0.585000,0.000000,0.585000,0.947400,1,2925,0,2925,5000,2838,2888,50,87,137,0.970256,0.982687,0,0,0.000000
395,0.168508,55.420000,1.333884,0.000000,0.000000,0.530200,0.000000,0.530200,0.930800,1,2651,0,2651,5000,2562,2640,78,89,167,0.966428,0.970455,0,0,0.000000
396,0.193396,58.570000,1.184320,0.000000,0.000000,0.538400,0.000000,0.538400,0.951400,1,2692,0,2692,5000,2587,2632,45,105,150,0.960996,0.982903,0,0,0.000000
397,0.284788,56.000000,1.252042,0.000000,0.000000,0.724000,0.000000,0.724000,0.909000,1,3620,0,3620,5000,3358,3460,102,262,364,0.927624,0.970520,0,0,0.000000
398,0.247307,55.950000,1.238926,0.000000,0.000000,0.572000,0.000000,0.572000,0.927200,1,2860,0,2860,5000,2708,2936,228,152,380,0.946853,0.922343,0,0,0.000000
399,0.285394,55.960000,1.304759,0.000000,0.000000,0.706000,0.000000,0.706000,0.894800,1,3530,0,3530,5000,3273,3344,71,257,328,0.927195,0.978768,0,0,0.000000
400,0.125076,52.280000,1.406560,0.000000,0.000000,0.522400,0.000000,0.522400,0.961000,1,2612,0,2612,5000,2561,2772,211,51,262,0.980475,0.923882,0,0,0.000000
401,0.141304,56.560000,1.294622,0.000000,0.000000,0.590600,0.000000,0.590600,0.954600,1,2953,0,2953,5000,2904,2984,80,49,129,0.983407,0.973190,0,0,0.000000
402,0.121610,60.030000,1.182256,0.000000,0.000000,0.540200,0.000000,0.540200,0.961200,1,2701,0,2701,5000,2667,2964,297,34,331,0.987412,0.899798,0,0,0.000000
403,0.096809,56.040000,1.346988,0.000000,0.000000,0.700200,0.000000,0.700200,0.967000,1,3501,0,3501,5000,3474,3704,230,27,257,0.992288,0.937905,0,0,0.000000
404,0.125304,61.520000,1.118806,0.000000,0.000000,0.665200,0.000000,0.665200,0.968200,1,3326,0,3326,5000,3273,3380,107,53,160,0.984065,0.968343,0,0,0.000000
405,0.140589,55.390000,1.283822,0.000000,0.000000,0.508800,0.000000,0.508800,0.950600,1,2544,0,2544,5000,2464,2556,92,80,172,0.968553,0.964006,0,0,0.000000
406,0.256287,59.320000,1.160289,0.000000,0.000000,0.675200,0.000000,0.675200,0.918800,1,3376,0,3376,5000,3117,3200,83,259,342,0.923282,0.974062,0,0,0.000000
407,0.200050,56.250000,1.262819,0.000000,0.000000,0.488000,0.000000,0.488000,0.931200,1,2440,0,2440,5000,2321,2656,335,119,454,0.951230,0.873870,0,0,0.000000
408,0.132095,60.940000,1.122409,0.000000,0.000000,0.638800,0.000000,0.638800,0.968600,1,3194,0,3194,5000,3149,3232,83,45,128,0.985911,0.974319,0,0,0.000000
409,0.193772,58.270000,1.210655,0.000000,0.000000,0.477800,0.000000,0.477800,0.960400,1,2389,0,2389,5000,2287,2340,53,102,155,0.957304,0.977350,0,0,0.000000
410,0.130404,60.230000,1.182387,0.000000,0.000000,0.567000,0.000000,0.567000,0.961200,1,2835,0,2835,5000,2788,3076,288,47,335,0.983422,0.906372,0,0,0.000000
411,0.275640,53.430000,1.380689,0.000000,0.000000,0.458200,0.000000,0.458200,0.932600,1,2291,0,2291,5000,2006,2072,66,285,351,0.875600,0.968147,0,0,0.000000
412,0.334127,60.240000,1.132553,0.000000,0.000000,0.467000,0.000000,0.467000,0.874000,1,2335,0,2335,5000,2046,2088,42,289,331,0.876231,0.979885,0,0,0.000000
413,0.242584,56.330000,1.247389,0.000000,0.000000,0.669400,0.000000,0.669400,0.921200,1,3347,0,3347,5000,3096,3176,80,251,331,0.925007,0.974811,0,0,0.000000
414,0.141301,58.460000,1.193771,0.000000,0.000000,0.627800,0.000000,0.627800,0.961800,1,3139,0,3139,5000,3101,3196,95,38,133,0.987894,0.970275,0,0,0.000000
415,0.158208,52.870000,1.399193,0.000000,0.000000,0.548800,0.000000,0.548800,0.959400,1,2744,0,2744,5000,2688,2744,56,56,112,0.979592,0.979592,0,0,0.000000
416,0.182416,57.560000,1.248066,0.000000,0.000000,0.649600,0.000000,0.649600,0.908200,1,3248,0,3248,5000,3202,3452,250,46,296,0.985837,0.927578,0,0,0.000000
417,0.113209,57.120000,1.222650,0.000000,0.000000,0.672800,0.000000,0.672800,0.947800,1,3364,0,3364,5000,3337,3556,219,27,246,0.991974,0.938414,0,0,0.000000
418,0.175942,50.480000,1.467401,0.000000,0.000000,0.628000,0.000000,0.628000,0.959200,1,3140,0,3140,5000,3075,3188,113,65,178,0.979299,0.964555,0,0,0.000000
419,0.205827,56.270000,1.271078,0.000000,0.000000,0.501800,0.000000,0.501800,0.943400,1,2509,0,2509,5000,2401,2464,63,108,171,0.956955,0.974432,0,0,0.000000
420,0.306635,54.690000,1.295784,0.000000,0.000000,0.578200,0.000000,0.578200,0.885800,1,2891,0,2891,5000,2612,2708,96,279,375,0.903494,0.964549,0,0,0.000000
421,0.147958,53.940000,1.314249,0.000000,0.000000,0.608200,0.000000,0.608200,0.964400,1,3041,0,3041,5000,2989,3060,71,52,123,0.982900,0.976797,0,0,0.000000
422,0.130458,55.220000,1.308580,0.000000,0.000000,0.545200,0.000000,0.545200,0.963400,1,2726,0,2726,5000,2678,2764,86,48,134,0.982392,0.968886,0,0,0.000000
423,0.168142,58.450000,1.199380,0.000000,0.000000,0.563000,0.000000,0.563000,0.946400,1,2815,0,2815,5000,2743,2820,77,72,149,0.974423,0.972695,0,0,0.000000
424,0.475336,56.550000,1.243899,0.000000,0.000000,0.468600,0.000000,0.468600,0.871000,1,2343,0,2343,5000,1774,1832,58,569,627,0.757149,0.968341,0,0,0.000000
425,0.252940,49.180000,1.569464,0.000000,0.000000,0.613600,0.000000,0.613600,0.935000,1,3068,0,3068,5000,3008,3120,112,60,172,0.980443,0.964103,0,0,0.000000
426,0.316394,57.190000,1.225970,0.000000,0.000000,0.620800,0.000000,0.620800,0.892800,1,3104,0,3104,5000,2812,2916,104,292,396,0.905928,0.964335,0,0,0.000000
427,0.186914,56.990000,1.236210,0.000000,0.000000,0.572400,0.000000,0.572400,0.922600,1,2862,0,2862,5000,2780,2856,76,82,158,0.971349,0.973389,0,0,0.000000
428,0.227990,53.110000,1.467127,0.000000,0.000000,0.657000,0.000000,0.657000,0.930200,1,3285,0,3285,5000,3038,3276,238,247,485,0.924810,0.927350,0,0,0.000000
429,0.353349,59.430000,1.185376,0.000000,0.000000,0.666200,0.000000,0.666200,0.863400,1,3331,0,3331,5000,3025,3136,111,306,417,0.908136,0.964605,0,0,0.000000
430,0.101715,55.970000,1.297362,0.000000,0.000000,0.613600,0.000000,0.613600,0.979600,1,3068,0,3068,5000,3043,3076,33,25,58,0.991851,0.989272,0,0,0.000000
431,0.135110,57.580000,1.232935,0.000000,0.000000,0.695200,0.000000,0.695200,0.944200,1,3476,0,3476,5000,3436,3512,76,40,116,0.988493,0.978360,0,0,0.000000
432,0.128849,58.590000,1.212607,0.000000,0.000000,0.512000,0.000000,0.512000,0.958400,1,2560,0,2560,5000,2499,2596,97,61,158,0.976172,0.962635,0,0,0.000000
433,0.108067,46.640000,1.549365,0.000000,0.000000,0.724000,0.000000,0.724000,0.971200,1,3620,0,3620,5000,3592,3652,60,28,88,0.992265,0.983571,0,0,0.000000
434,0.134129,59.420000,1.221869,0.000000,0.000000,0.717000,0.000000,0.717000,0.957600,1,3585,0,3585,5000,3524,3576,52,61,113,0.982985,0.985459,0,0,0.000000
435,0.136043,56.350000,1.330217,0.000000,0.000000,0.566200,0.000000,0.566200,0.956800,1,2831,0,2831,5000,2756,2992,236,75,311,0.973508,0.921123,0,0,0.000000
436,0.123696,60.870000,1.118716,0.000000,0.000000,0.604400,0.000000,0.604400,0.972000,1,3022,0,3022,5000,2981,3216,235,41,276,0.986433,0.926928,0,0,0.000000
437,0.182629,60.480000,1.117818,0.000000,0.000000,0.541600,0.000000,0.541600,0.909200,1,2708,0,2708,5000,2643,2860,217,65,282,0.975997,0.924126,0,0,0.000000
438,0.288107,58.120000,1.194517,0.000000,0.000000,0.709800,0.000000,0.709800,0.899400,1,3549,0,3549,5000,3238,3300,62,311,373,0.912370,0.981212,0,0,0.000000
439,0.138120,56.320000,1.279275,0.000000,0.000000,0.590400,0.000000,0.590400,0.956200,1,2952,0,2952,5000,2905,2952,47,47,94,0.984079,0.984079,0,0,0.000000
440,0.136748,54.320000,1.347949,0.000000,0.000000,0.515000,0.000000,0.515000,0.967400,1,2575,0,2575,5000,2521,2568,47,54,101,0.979029,0.981698,0,0,0.000000
441,0.179671,53.800000,1.352470,0.000000,0.000000,0.583400,0.000000,0.583400,0.934000,1,2917,0,2917,5000,2856,2912,56,61,117,0.979088,0.980769,0,0,0.000000
442,0.150268,59.530000,1.205519,0.000000,0.000000,0.623400,0.000000,0.623400,0.951800,1,3117,0,3117,5000,3069,3136,67,48,115,0.984601,0.978635,0,0,0.000000
443,0.128522,49.560000,1.479114,0.000000,0.000000,0.643000,0.000000,0.643000,0.952000,1,3215,0,3215,5000,3179,3216,37,36,73,0.988802,0.988495,0,0,0.000000
444,0.268379,59.040000,1.165325,0.000000,0.000000,0.684000,0.000000,0.684000,0.916600,1,3420,0,3420,5000,3147,3228,81,273,354,0.920175,0.974907,0,0,0.000000
445,0.276813,54.800000,1.293805,0.000000,0.000000,0.569600,0.000000,0.569600,0.912800,1,2848,0,2848,5000,2572,2652,80,276,356,0.903090,0.969834,0,0,0.000000
446,0.148769,54.720000,1.345656,0.000000,0.000000,0.627000,0.000000,0.627000,0.950800,1,3135,0,3135,5000,3079,3164,85,56,141,0.982137,0.973135,0,0,0.000000
447,0.184264,60.130000,1.179847,0.000000,0.000000,0.544000,0.000000,0.544000,0.942000,1,2720,0,2720,5000,2644,2700,56,76,132,0.972059,0.979259,0,0,0.000000
448,0.205839,55.180000,1.348429,0.000000,0.000000,0.620600,0.000000,0.620600,0.943200,1,3103,0,3103,5000,2967,3032,65,136,201,0.956171,0.978562,0,0,0.000000
449,0.209771,60.760000,1.132589,0.000000,0.000000,0.397000,0.000000,0.397000,0.932200,1,1985,0,1985,5000,1890,1940,50,95,145,0.952141,0.974227,0,0,0.000000
450,0.165170,59.510000,1.170737,0.000000,0.000000,0.598600,0.000000,0.598600,0.938200,1,2993,0,2993,5000,2925,2988,63,68,131,0.977280,0.978916,0,0,0.000000
451,0.258996,58.720000,1.195308,0.000000,0.000000,0.623600,0.000000,0.623600,0.925600,1,3118,0,3118,5000,2840,3068,228,278,506,0.910840,0.925684,0,0,0.000000
452,0.173204,60.920000,1.139187,0.000000,0.000000,0.585800,0.000000,0.585800,0.936200,1,2929,0,2929,5000,2856,2908,52,73,125,0.975077,0.982118,0,0,0.000000
453,0.189000,56.070000,1.243158,0.000000,0.000000,0.558400,0.000000,0.558400,0.961600,1,2792,0,2792,5000,2759,2816,57,33,90,0.988181,0.979759,0,0,0.000000
454,0.133115,54.630000,1.309788,0.000000,0.000000,0.646400,0.000000,0.646400,0.961200,1,3232,0,3232,5000,3176,3532,356,56,412,0.982673,0.899207,0,0,0.000000
455,0.148921,49.810000,1.477909,0.000000,0.000000,0.631000,0.000000,0.631000,0.940000,1,3155,0,3155,5000,3094,3176,82,61,143,0.980666,0.974181,0,0,0.000000
456,0.203581,58.040000,1.217775,0.000000,0.000000,0.532200,0.000000,0.532200,0.962600,1,2661,0,2661,5000,2556,2612,56,105,161,0.960541,0.978560,0,0,0.000000
457,0.105288,57.030000,1.226184,0.000000,0.000000,0.663600,0.000000,0.663600,0.972000,1,3318,0,3318,5000,3286,3360,74,32,106,0.990356,0.977976,0,0,0.000000
458,0.145217,53.560000,1.345300,0.000000,0.000000,0.570000,0.000000,0.570000,0.947800,1,2850,0,2850,5000,2779,3004,225,71,296,0.975088,0.925100,0,0,0.000000
459,0.142296,59.460000,1.149741,0.000000,0.000000,0.604600,0.000000,0.604600,0.953800,1,3023,0,3023,5000,2972,3188,216,51,267,0.983129,0.932246,0,0,0.000000
460,0.171515,59.860000,1.148630,0.000000,0.000000,0.634600,0.000000,0.634600,0.954600,1,3173,0,3173,5000,3071,3128,57,102,159,0.967854,0.981777,0,0,0.000000
461,0.164201,56.900000,1.220117,0.000000,0.000000,0.639400,0.000000,0.639400,0.915800,1,3197,0,3197,5000,3127,3276,149,70,219,0.978104,0.954518,0,0,0.000000
462,0.102734,56.150000,1.272832,0.000000,0.000000,0.738200,0.000000,0.738200,0.969600,1,3691,0,3691,5000,3668,3720,52,23,75,0.993769,0.986022,0,0,0.000000
463,0.247686,61.220000,1.108959,0.000000,0.000000,0.695200,0.000000,0.695200,0.909200,1,3476,0,3476,5000,3200,3436,236,276,512,0.920598,0.931315,0,0,0.000000
464,0.167151,57.090000,1.199217,0.000000,0.000000,0.588400,0.000000,0.588400,0.951400,1,2942,0,2942,5000,2898,2960,62,44,106,0.985044,0.979054,0,0,0.000000
465,0.165005,58.440000,1.234729,0.000000,0.000000,0.526400,0.000000,0.526400,0.952800,1,2632,0,2632,5000,2547,2608,61,85,146,0.967705,0.976610,0,0,0.000000
466,0.225611,61.420000,1.112340,0.000000,0.000000,0.663800,0.000000,0.663800,0.946200,1,3319,0,3319,5000,3210,3268,58,109,167,0.967159,0.982252,0,0,0.000000
467,0.138811,60.250000,1.143164,0.000000,0.000000,0.451800,0.000000,0.451800,0.961600,1,2259,0,2259,5000,2189,2240,51,70,121,0.969013,0.977232,0,0,0.000000
468,0.156573,60.530000,1.121112,0.000000,0.000000,0.541600,0.000000,0.541600,0.952600,1,2708,0,2708,5000,2636,2860,224,72,296,0.973412,0.921678,0,0,0.000000
469,0.155535,54.170000,1.339861,0.000000,0.000000,0.616800,0.000000,0.616800,0.958000,1,3084,0,3084,5000,3015,3088,73,69,142,0.977626,0.976360,0,0,0.000000
470,0.283910,57.180000,1.212874,0.000000,0.000000,0.618200,0.000000,0.618200,0.912600,1,3091,0,3091,5000,2778,3016,238,313,551,0.898738,0.921088,0,0,0.000000
471,0.214710,58.930000,1.187222,0.000000,0.000000,0.564800,0.000000,0.564800,0.931000,1,2824,0,2824,5000,2707,2792,85,117,202,0.958569,0.969556,0,0,0.000000
472,0.307248,50.880000,1.413306,0.000000,0.000000,0.684600,0.000000,0.684600,0.861800,1,3423,0,3423,5000,3130,3204,74,293,367,0.914403,0.976904,0,0,0.000000
473,0.433978,51.880000,1.429623,0.000000,0.000000,0.579000,0.000000,0.579000,0.847400,1,2895,0,2895,5000,2597,2696,99,298,397,0.897064,0.963279,0,0,0.000000
474,0.265472,54.170000,1.401507,0.000000,0.000000,0.573400,0.000000,0.573400,0.920000,1,2867,0,2867,5000,2579,2608,29,288,317,0.899547,0.988880,0,0,0.000000
475,0.183139,54.590000,1.370521,0.000000,0.000000,0.556200,0.000000,0.556200,0.943000,1,2781,0,2781,5000,2697,2756,59,84,143,0.969795,0.978592,0,0,0.000000
476,0.160113,62.110000,1.096821,0.000000,0.000000,0.696800,0.000000,0.696800,0.957200,1,3484,0,3484,5000,3429,3512,83,55,138,0.984214,0.976367,0,0,0.000000
477,0.108860,60.230000,1.130375,0.000000,0.000000,0.680200,0.000000,0.680200,0.966400,1,3401,0,3401,5000,3360,3436,76,41,117,0.987945,0.977881,0,0,0.000000
478,0.177246,52.760000,1.371453,0.000000,0.000000,0.570600,0.000000,0.570600,0.922800,1,2853,0,2853,5000,2789,2888,99,64,163,0.977567,0.965720,0,0,0.000000
479,0.298575,58.790000,1.171886,0.000000,0.000000,0.676800,0.000000,0.676800,0.901200,1,3384,0,3384,5000,3092,3152,60,292,352,0.913712,0.980964,0,0,0.000000
480,0.160625,53.980000,1.323102,0.000000,0.000000,0.704200,0.000000,0.704200,0.933600,1,3521,0,3521,5000,3458,3536,78,63,141,0.982107,0.977941,0,0,0.000000
481,0.175919,57.180000,1.208594,0.000000,0.000000,0.511000,0.000000,0.511000,0.952200,1,2555,0,2555,5000,2473,2536,63,82,145,0.967906,0.975158,0,0,0.000000
482,0.098109,58.880000,1.158004,0.000000,0.000000,0.689600,0.000000,0.689600,0.965000,1,3448,0,3448,5000,3430,3484,54,18,72,0.994780,0.984501,0,0,0.000000
483,0.376790,56.970000,1.244275,0.000000,0.000000,0.720400,0.000000,0.720400,0.840000,1,3602,0,3602,5000,3275,3364,89,327,416,0.909217,0.973543,0,0,0.000000
484,0.145242,61.040000,1.105757,0.000000,0.000000,0.704200,0.000000,0.704200,0.941200,1,3521,0,3521,5000,3483,3544,61,38,99,0.989208,0.982788,0,0,0.000000
485,0.159234,55.920000,1.271536,0.000000,0.000000,0.490000,0.000000,0.490000,0.951200,1,2450,0,2450,5000,2351,2588,237,99,336,0.959592,0.908423,0,0,0.000000
486,0.143750,56.280000,1.243797,0.000000,0.000000,0.564800,0.000000,0.564800,0.948800,1,2824,0,2824,5000,2760,2824,64,64,128,0.977337,0.977337,0,0,0.000000
487,0.291196,57.320000,1.204300,0.000000,0.000000,0.664600,0.000000,0.664600,0.940200,1,3323,0,3323,5000,3116,3144,28,207,235,0.937707,0.991094,0,0,0.000000
488,0.200839,51.860000,1.379041,0.000000,0.000000,0.600400,0.000000,0.600400,0.942600,1,3002,0,3002,5000,2957,3200,243,45,288,0.985010,0.924062,0,0,0.000000
489,0.145933,58.820000,1.156409,0.000000,0.000000,0.607400,0.000000,0.607400,0.948600,1,3037,0,3037,5000,2973,3108,135,64,199,0.978927,0.956564,0,0,0.000000
490,0.244200,60.020000,1.164252,0.000000,0.000000,0.649400,0.000000,0.649400,0.921800,1,3247,0,3247,5000,2993,3048,55,254,309,0.921774,0.981955,0,0,0.000000
491,0.299920,57.310000,1.279660,0.000000,0.000000,0.473800,0.000000,0.473800,0.885200,1,2369,0,2369,5000,2026,2252,226,343,569,0.855213,0.899645,0,0,0.000000
492,0.162514,59.350000,1.192872,0.000000,0.000000,0.658000,0.000000,0.658000,0.943200,1,3290,0,3290,5000,3200,3352,152,90,242,0.972644,0.954654,0,0,0.000000
493,0.132926,53.860000,1.306012,0.000000,0.000000,0.680800,0.000000,0.680800,0.965600,1,3404,0,3404,5000,3366,3472,106,38,144,0.988837,0.969470,0,0,0.000000
494,0.136812,57.520000,1.186501,0.000000,0.000000,0.544400,0.000000,0.544400,0.953800,1,2722,0,2722,5000,2658,2724,66,64,130,0.976488,0.975771,0,0,0.000000
495,0.284005,58.610000,1.198240,0.000000,0.000000,0.603000,0.000000,0.603000,0.914000,1,3015,0,3015,5000,2745,2804,59,270,329,0.910448,0.978959,0,0,0.000000
496,0.495158,58.300000,1.218457,0.000000,0.000000,0.587200,0.000000,0.587200,0.835600,1,2936,0,2936,5000,2408,2464,56,528,584,0.820163,0.977273,0,0,0.000000
497,0.122840,56.600000,1.233902,0.000000,0.000000,0.624800,0.000000,0.624800,0.964200,1,3124,0,3124,5000,3078,3144,66,46,112,0.985275,0.979008,0,0,0.000000
498,0.420336,54.790000,1.273265,0.000000,0.000000,0.715600,0.000000,0.715600,0.894800,1,3578,0,3578,5000,3044,3120,76,534,610,0.850755,0.975641,0,0,0.000000
499,0.309218,59.810000,1.158952,0.000000,0.000000,0.424600,0.000000,0.424600,0.917200,1,2123,0,2123,5000,1823,1892,69,300,369,0.858691,0.963531,0,0,0.000000
