epoch,train_loss,global_test_acc,global_test_loss,personal_apa,personal_loss,core_clean_ratio,recover_ratio,train_ratio,agreement_ratio,recovery_trigger,core_count,recover_count,new_recover_count,recover_pool_count,train_count,total_count,actual_train_clean_count,actual_round_clean_count,missed_clean_count,false_clean_count,total_wrong_count,actual_train_clean_ratio,clean_recall,recover_true_clean_count,recover_false_clean_count,recover_precision,new_recover_true_clean_count,new_recover_false_clean_count,new_recover_precision,recover_pool_true_clean_count,recover_pool_false_clean_count,recover_pool_precision
0,1.562205,20.370000,2.220458,0.000000,0.000000,1.000000,0.000000,1.000000,0.000000,0,25000,0,0,0,25000,25000,15368,15368,0,9632,9632,0.614720,1.000000,0,0,0.000000,0,0,0.000000,0,0,0.000000
1,1.648938,24.050000,2.156857,0.000000,0.000000,1.000000,0.000000,1.000000,0.000000,0,25000,0,0,0,25000,25000,14536,14536,0,10464,10464,0.581440,1.000000,0,0,0.000000,0,0,0.000000,0,0,0.000000
2,1.644325,26.390000,2.127541,0.000000,0.000000,1.000000,0.000000,1.000000,0.000000,0,25000,0,0,0,25000,25000,14336,14336,0,10664,10664,0.573440,1.000000,0,0,0.000000,0,0,0.000000,0,0,0.000000
3,1.650604,26.140000,2.110729,0.000000,0.000000,1.000000,0.000000,1.000000,0.000000,0,25000,0,0,0,25000,25000,14136,14136,0,10864,10864,0.565440,1.000000,0,0,0.000000,0,0,0.000000,0,0,0.000000
4,1.507709,29.600000,2.081728,0.000000,0.000000,1.000000,0.000000,1.000000,0.000000,0,25000,0,0,0,25000,25000,15684,15684,0,9316,9316,0.627360,1.000000,0,0,0.000000,0,0,0.000000,0,0,0.000000
5,1.521486,30.870000,2.060947,0.000000,0.000000,1.000000,0.000000,1.000000,0.000000,0,25000,0,0,0,25000,25000,15264,15264,0,9736,9736,0.610560,1.000000,0,0,0.000000,0,0,0.000000,0,0,0.000000
6,1.557411,31.790000,2.051327,0.000000,0.000000,1.000000,0.000000,1.000000,0.000000,0,25000,0,0,0,25000,25000,15084,15084,0,9916,9916,0.603360,1.000000,0,0,0.000000,0,0,0.000000,0,0,0.000000
7,1.586826,30.270000,2.062276,0.000000,0.000000,1.000000,0.000000,1.000000,0.000000,0,25000,0,0,0,25000,25000,14776,14776,0,10224,10224,0.591040,1.000000,0,0,0.000000,0,0,0.000000,0,0,0.000000
8,1.452989,32.060000,2.035120,0.000000,0.000000,1.000000,0.000000,1.000000,0.000000,0,25000,0,0,0,25000,25000,16124,16124,0,8876,8876,0.644960,1.000000,0,0,0.000000,0,0,0.000000,0,0,0.000000
9,1.580149,36.110000,2.017758,0.000000,0.000000,1.000000,0.000000,1.000000,0.000000,0,25000,0,0,0,25000,25000,14788,14788,0,10212,10212,0.591520,1.000000,0,0,0.000000,0,0,0.000000,0,0,0.000000
10,1.536045,34.320000,2.020036,0.000000,0.000000,1.000000,0.000000,1.000000,0.000000,0,25000,0,0,0,25000,25000,15144,15144,0,9856,9856,0.605760,1.000000,0,0,0.000000,0,0,0.000000,0,0,0.000000
11,1.506717,35.300000,2.000594,0.000000,0.000000,1.000000,0.000000,1.000000,0.000000,0,25000,0,0,0,25000,25000,15068,15068,0,9932,9932,0.602720,1.000000,0,0,0.000000,0,0,0.000000,0,0,0.000000
12,1.447104,36.630000,1.992341,0.000000,0.000000,1.000000,0.000000,1.000000,0.000000,0,25000,0,0,0,25000,25000,15948,15948,0,9052,9052,0.637920,1.000000,0,0,0.000000,0,0,0.000000,0,0,0.000000
13,1.407062,36.940000,1.987000,0.000000,0.000000,1.000000,0.000000,1.000000,0.000000,0,25000,0,0,0,25000,25000,15984,15984,0,9016,9016,0.639360,1.000000,0,0,0.000000,0,0,0.000000,0,0,0.000000
14,1.556122,35.140000,1.999376,0.000000,0.000000,1.000000,0.000000,1.000000,0.000000,0,25000,0,0,0,25000,25000,14752,14752,0,10248,10248,0.590080,1.000000,0,0,0.000000,0,0,0.000000,0,0,0.000000
15,1.540987,35.130000,2.008904,0.000000,0.000000,1.000000,0.000000,1.000000,0.000000,0,25000,0,0,0,25000,25000,14976,14976,0,10024,10024,0.599040,1.000000,0,0,0.000000,0,0,0.000000,0,0,0.000000
16,1.589586,35.820000,2.006039,0.000000,0.000000,1.000000,0.000000,1.000000,0.000000,0,25000,0,0,0,25000,25000,14508,14508,0,10492,10492,0.580320,1.000000,0,0,0.000000,0,0,0.000000,0,0,0.000000
17,1.557472,36.530000,2.002956,0.000000,0.000000,1.000000,0.000000,1.000000,0.000000,0,25000,0,0,0,25000,25000,14772,14772,0,10228,10228,0.590880,1.000000,0,0,0.000000,0,0,0.000000,0,0,0.000000
18,1.547438,37.690000,1.992564,0.000000,0.000000,1.000000,0.000000,1.000000,0.000000,0,25000,0,0,0,25000,25000,14644,14644,0,10356,10356,0.585760,1.000000,0,0,0.000000,0,0,0.000000,0,0,0.000000
19,1.490058,37.110000,1.989909,0.000000,0.000000,1.000000,0.000000,1.000000,0.000000,0,25000,0,0,0,25000,25000,15372,15372,0,9628,9628,0.614880,1.000000,0,0,0.000000,0,0,0.000000,0,0,0.000000
20,1.605274,36.710000,2.002852,0.000000,0.000000,1.000000,0.000000,1.000000,0.000000,0,25000,0,0,0,25000,25000,13976,13976,0,11024,11024,0.559040,1.000000,0,0,0.000000,0,0,0.000000,0,0,0.000000
21,1.444999,35.680000,1.990897,0.000000,0.000000,1.000000,0.000000,1.000000,0.000000,0,25000,0,0,0,25000,25000,15836,15836,0,9164,9164,0.633440,1.000000,0,0,0.000000,0,0,0.000000,0,0,0.000000
22,1.501512,36.770000,1.991316,0.000000,0.000000,1.000000,0.000000,1.000000,0.000000,0,25000,0,0,0,25000,25000,15064,15064,0,9936,9936,0.602560,1.000000,0,0,0.000000,0,0,0.000000,0,0,0.000000
23,1.453471,36.920000,1.983542,0.000000,0.000000,1.000000,0.000000,1.000000,0.000000,0,25000,0,0,0,25000,25000,15352,15352,0,9648,9648,0.614080,1.000000,0,0,0.000000,0,0,0.000000,0,0,0.000000
24,1.501348,37.110000,1.966887,0.000000,0.000000,1.000000,0.000000,1.000000,0.000000,0,25000,0,0,0,25000,25000,14924,14924,0,10076,10076,0.596960,1.000000,0,0,0.000000,0,0,0.000000,0,0,0.000000
25,1.504407,38.550000,1.960744,0.000000,0.000000,1.000000,0.000000,1.000000,0.000000,0,25000,0,0,0,25000,25000,15236,15236,0,9764,9764,0.609440,1.000000,0,0,0.000000,0,0,0.000000,0,0,0.000000
26,1.537906,38.080000,1.963099,0.000000,0.000000,1.000000,0.000000,1.000000,0.000000,0,25000,0,0,0,25000,25000,14680,14680,0,10320,10320,0.587200,1.000000,0,0,0.000000,0,0,0.000000,0,0,0.000000
27,1.458099,35.430000,1.984288,0.000000,0.000000,1.000000,0.000000,1.000000,0.000000,0,25000,0,0,0,25000,25000,15732,15732,0,9268,9268,0.629280,1.000000,0,0,0.000000,0,0,0.000000,0,0,0.000000
28,1.461195,39.220000,1.961367,0.000000,0.000000,1.000000,0.000000,1.000000,0.000000,0,25000,0,0,0,25000,25000,15304,15304,0,9696,9696,0.612160,1.000000,0,0,0.000000,0,0,0.000000,0,0,0.000000
29,1.554264,34.890000,1.996455,0.000000,0.000000,1.000000,0.000000,1.000000,0.000000,0,25000,0,0,0,25000,25000,14700,14700,0,10300,10300,0.588000,1.000000,0,0,0.000000,0,0,0.000000,0,0,0.000000
30,1.533044,37.190000,1.982920,0.000000,0.000000,1.000000,0.000000,1.000000,0.000000,0,25000,0,0,0,25000,25000,14480,14480,0,10520,10520,0.579200,1.000000,0,0,0.000000,0,0,0.000000,0,0,0.000000
31,1.402407,39.590000,1.957557,0.000000,0.000000,1.000000,0.000000,1.000000,0.000000,0,25000,0,0,0,25000,25000,15816,15816,0,9184,9184,0.632640,1.000000,0,0,0.000000,0,0,0.000000,0,0,0.000000
32,1.629337,35.530000,1.979595,0.000000,0.000000,1.000000,0.000000,1.000000,0.000000,0,25000,0,0,0,25000,25000,13668,13668,0,11332,11332,0.546720,1.000000,0,0,0.000000,0,0,0.000000,0,0,0.000000
33,1.603940,36.700000,1.985886,0.000000,0.000000,1.000000,0.000000,1.000000,0.000000,0,25000,0,0,0,25000,25000,13876,13876,0,11124,11124,0.555040,1.000000,0,0,0.000000,0,0,0.000000,0,0,0.000000
34,1.465540,35.100000,1.974187,0.000000,0.000000,1.000000,0.000000,1.000000,0.000000,0,25000,0,0,0,25000,25000,15268,15268,0,9732,9732,0.610720,1.000000,0,0,0.000000,0,0,0.000000,0,0,0.000000
35,1.547668,35.930000,1.983144,0.000000,0.000000,1.000000,0.000000,1.000000,0.000000,0,25000,0,0,0,25000,25000,14476,14476,0,10524,10524,0.579040,1.000000,0,0,0.000000,0,0,0.000000,0,0,0.000000
36,1.440095,37.400000,1.967026,0.000000,0.000000,1.000000,0.000000,1.000000,0.000000,0,25000,0,0,0,25000,25000,15392,15392,0,9608,9608,0.615680,1.000000,0,0,0.000000,0,0,0.000000,0,0,0.000000
37,1.414233,38.210000,1.941647,0.000000,0.000000,1.000000,0.000000,1.000000,0.000000,0,25000,0,0,0,25000,25000,15728,15728,0,9272,9272,0.629120,1.000000,0,0,0.000000,0,0,0.000000,0,0,0.000000
38,1.427874,37.890000,1.951633,0.000000,0.000000,1.000000,0.000000,1.000000,0.000000,0,25000,0,0,0,25000,25000,15356,15356,0,9644,9644,0.614240,1.000000,0,0,0.000000,0,0,0.000000,0,0,0.000000
39,1.564010,36.980000,1.971431,0.000000,0.000000,1.000000,0.000000,1.000000,0.000000,0,25000,0,0,0,25000,25000,14032,14032,0,10968,10968,0.561280,1.000000,0,0,0.000000,0,0,0.000000,0,0,0.000000
40,1.414637,37.980000,1.950948,0.000000,0.000000,1.000000,0.000000,1.000000,0.000000,0,25000,0,0,0,25000,25000,15744,15744,0,9256,9256,0.629760,1.000000,0,0,0.000000,0,0,0.000000,0,0,0.000000
41,1.474007,34.650000,1.971283,0.000000,0.000000,1.000000,0.000000,1.000000,0.000000,0,25000,0,0,0,25000,25000,14796,14796,0,10204,10204,0.591840,1.000000,0,0,0.000000,0,0,0.000000,0,0,0.000000
42,1.578261,34.910000,1.986413,0.000000,0.000000,1.000000,0.000000,1.000000,0.000000,0,25000,0,0,0,25000,25000,13920,13920,0,11080,11080,0.556800,1.000000,0,0,0.000000,0,0,0.000000,0,0,0.000000
43,1.482838,33.600000,1.984855,0.000000,0.000000,1.000000,0.000000,1.000000,0.000000,0,25000,0,0,0,25000,25000,14724,14724,0,10276,10276,0.588960,1.000000,0,0,0.000000,0,0,0.000000,0,0,0.000000
44,1.494500,34.750000,1.978190,0.000000,0.000000,1.000000,0.000000,1.000000,0.000000,0,25000,0,0,0,25000,25000,14936,14936,0,10064,10064,0.597440,1.000000,0,0,0.000000,0,0,0.000000,0,0,0.000000
45,1.441446,37.010000,1.961413,0.000000,0.000000,1.000000,0.000000,1.000000,0.000000,0,25000,0,0,0,25000,25000,15328,15328,0,9672,9672,0.613120,1.000000,0,0,0.000000,0,0,0.000000,0,0,0.000000
46,1.473154,38.250000,1.952918,0.000000,0.000000,1.000000,0.000000,1.000000,0.000000,0,25000,0,0,0,25000,25000,14492,14492,0,10508,10508,0.579680,1.000000,0,0,0.000000,0,0,0.000000,0,0,0.000000
47,1.525101,36.150000,1.972496,0.000000,0.000000,1.000000,0.000000,1.000000,0.000000,0,25000,0,0,0,25000,25000,14192,14192,0,10808,10808,0.567680,1.000000,0,0,0.000000,0,0,0.000000,0,0,0.000000
48,1.436126,35.190000,1.955143,0.000000,0.000000,1.000000,0.000000,1.000000,0.000000,0,25000,0,0,0,25000,25000,15324,15324,0,9676,9676,0.612960,1.000000,0,0,0.000000,0,0,0.000000,0,0,0.000000
49,1.530971,35.680000,1.983485,0.000000,0.000000,1.000000,0.000000,1.000000,0.000000,0,25000,0,0,0,25000,25000,14212,14212,0,10788,10788,0.568480,1.000000,0,0,0.000000,0,0,0.000000,0,0,0.000000
50,1.396722,35.540000,1.967496,0.000000,0.000000,1.000000,0.000000,1.000000,0.000000,0,25000,0,0,0,25000,25000,15492,15492,0,9508,9508,0.619680,1.000000,0,0,0.000000,0,0,0.000000,0,0,0.000000
51,1.422023,34.780000,1.957471,0.000000,0.000000,1.000000,0.000000,1.000000,0.000000,0,25000,0,0,0,25000,25000,15336,15336,0,9664,9664,0.613440,1.000000,0,0,0.000000,0,0,0.000000,0,0,0.000000
52,1.498161,35.860000,1.958678,0.000000,0.000000,1.000000,0.000000,1.000000,0.000000,0,25000,0,0,0,25000,25000,14392,14392,0,10608,10608,0.575680,1.000000,0,0,0.000000,0,0,0.000000,0,0,0.000000
53,1.425684,34.660000,1.967201,0.000000,0.000000,1.000000,0.000000,1.000000,0.000000,0,25000,0,0,0,25000,25000,14952,14952,0,10048,10048,0.598080,1.000000,0,0,0.000000,0,0,0.000000,0,0,0.000000
54,1.401141,35.000000,1.963654,0.000000,0.000000,1.000000,0.000000,1.000000,0.000000,0,25000,0,0,0,25000,25000,15496,15496,0,9504,9504,0.619840,1.000000,0,0,0.000000,0,0,0.000000,0,0,0.000000
55,1.419862,37.400000,1.945992,0.000000,0.000000,1.000000,0.000000,1.000000,0.000000,0,25000,0,0,0,25000,25000,15264,15264,0,9736,9736,0.610560,1.000000,0,0,0.000000,0,0,0.000000,0,0,0.000000
56,1.540466,37.660000,1.945906,0.000000,0.000000,1.000000,0.000000,1.000000,0.000000,0,25000,0,0,0,25000,25000,13876,13876,0,11124,11124,0.555040,1.000000,0,0,0.000000,0,0,0.000000,0,0,0.000000
57,1.453619,35.050000,1.969103,0.000000,0.000000,1.000000,0.000000,1.000000,0.000000,0,25000,0,0,0,25000,25000,14744,14744,0,10256,10256,0.589760,1.000000,0,0,0.000000,0,0,0.000000,0,0,0.000000
58,1.444866,35.870000,1.963384,0.000000,0.000000,1.000000,0.000000,1.000000,0.000000,0,25000,0,0,0,25000,25000,15160,15160,0,9840,9840,0.606400,1.000000,0,0,0.000000,0,0,0.000000,0,0,0.000000
59,1.434773,33.840000,1.972662,0.000000,0.000000,1.000000,0.000000,1.000000,0.000000,0,25000,0,0,0,25000,25000,15052,15052,0,9948,9948,0.602080,1.000000,0,0,0.000000,0,0,0.000000,0,0,0.000000
60,1.491072,33.360000,1.986348,0.000000,0.000000,1.000000,0.000000,1.000000,0.000000,0,25000,0,0,0,25000,25000,14616,14616,0,10384,10384,0.584640,1.000000,0,0,0.000000,0,0,0.000000,0,0,0.000000
61,1.343126,35.250000,1.945561,0.000000,0.000000,1.000000,0.000000,1.000000,0.000000,0,25000,0,0,0,25000,25000,15940,15940,0,9060,9060,0.637600,1.000000,0,0,0.000000,0,0,0.000000,0,0,0.000000
62,1.403426,35.620000,1.948252,0.000000,0.000000,1.000000,0.000000,1.000000,0.000000,0,25000,0,0,0,25000,25000,15280,15280,0,9720,9720,0.611200,1.000000,0,0,0.000000,0,0,0.000000,0,0,0.000000
63,1.390975,35.330000,1.956749,0.000000,0.000000,1.000000,0.000000,1.000000,0.000000,0,25000,0,0,0,25000,25000,15544,15544,0,9456,9456,0.621760,1.000000,0,0,0.000000,0,0,0.000000,0,0,0.000000
64,1.378651,37.400000,1.936366,0.000000,0.000000,1.000000,0.000000,1.000000,0.000000,0,25000,0,0,0,25000,25000,15700,15700,0,9300,9300,0.628000,1.000000,0,0,0.000000,0,0,0.000000,0,0,0.000000
65,1.442279,37.060000,1.937048,0.000000,0.000000,1.000000,0.000000,1.000000,0.000000,0,25000,0,0,0,25000,25000,14820,14820,0,10180,10180,0.592800,1.000000,0,0,0.000000,0,0,0.000000,0,0,0.000000
66,1.461114,37.460000,1.934899,0.000000,0.000000,1.000000,0.000000,1.000000,0.000000,0,25000,0,0,0,25000,25000,14660,14660,0,10340,10340,0.586400,1.000000,0,0,0.000000,0,0,0.000000,0,0,0.000000
67,1.479261,34.060000,1.959235,0.000000,0.000000,1.000000,0.000000,1.000000,0.000000,0,25000,0,0,0,25000,25000,14476,14476,0,10524,10524,0.579040,1.000000,0,0,0.000000,0,0,0.000000,0,0,0.000000
68,1.385176,37.650000,1.930957,0.000000,0.000000,1.000000,0.000000,1.000000,0.000000,0,25000,0,0,0,25000,25000,15316,15316,0,9684,9684,0.612640,1.000000,0,0,0.000000,0,0,0.000000,0,0,0.000000
69,1.518508,34.560000,1.973967,0.000000,0.000000,1.000000,0.000000,1.000000,0.000000,0,25000,0,0,0,25000,25000,14028,14028,0,10972,10972,0.561120,1.000000,0,0,0.000000,0,0,0.000000,0,0,0.000000
70,1.455200,35.250000,1.956753,0.000000,0.000000,1.000000,0.000000,1.000000,0.000000,0,25000,0,0,0,25000,25000,14556,14556,0,10444,10444,0.582240,1.000000,0,0,0.000000,0,0,0.000000,0,0,0.000000
71,1.433140,36.840000,1.944352,0.000000,0.000000,1.000000,0.000000,1.000000,0.000000,0,25000,0,0,0,25000,25000,14796,14796,0,10204,10204,0.591840,1.000000,0,0,0.000000,0,0,0.000000,0,0,0.000000
72,1.369428,37.700000,1.920682,0.000000,0.000000,1.000000,0.000000,1.000000,0.000000,0,25000,0,0,0,25000,25000,15448,15448,0,9552,9552,0.617920,1.000000,0,0,0.000000,0,0,0.000000,0,0,0.000000
73,1.314363,35.540000,1.931771,0.000000,0.000000,1.000000,0.000000,1.000000,0.000000,0,25000,0,0,0,25000,25000,16132,16132,0,8868,8868,0.645280,1.000000,0,0,0.000000,0,0,0.000000,0,0,0.000000
74,1.395548,34.950000,1.941419,0.000000,0.000000,1.000000,0.000000,1.000000,0.000000,0,25000,0,0,0,25000,25000,15008,15008,0,9992,9992,0.600320,1.000000,0,0,0.000000,0,0,0.000000,0,0,0.000000
75,1.353257,37.200000,1.921982,0.000000,0.000000,1.000000,0.000000,1.000000,0.000000,0,25000,0,0,0,25000,25000,15592,15592,0,9408,9408,0.623680,1.000000,0,0,0.000000,0,0,0.000000,0,0,0.000000
76,1.448503,35.320000,1.945875,0.000000,0.000000,1.000000,0.000000,1.000000,0.000000,0,25000,0,0,0,25000,25000,14772,14772,0,10228,10228,0.590880,1.000000,0,0,0.000000,0,0,0.000000,0,0,0.000000
77,1.330194,35.030000,1.932628,0.000000,0.000000,1.000000,0.000000,1.000000,0.000000,0,25000,0,0,0,25000,25000,15928,15928,0,9072,9072,0.637120,1.000000,0,0,0.000000,0,0,0.000000,0,0,0.000000
78,1.395222,36.670000,1.918155,0.000000,0.000000,1.000000,0.000000,1.000000,0.000000,0,25000,0,0,0,25000,25000,15068,15068,0,9932,9932,0.602720,1.000000,0,0,0.000000,0,0,0.000000,0,0,0.000000
79,1.385431,34.680000,1.939458,0.000000,0.000000,1.000000,0.000000,1.000000,0.000000,0,25000,0,0,0,25000,25000,15644,15644,0,9356,9356,0.625760,1.000000,0,0,0.000000,0,0,0.000000,0,0,0.000000
80,1.447223,34.910000,1.946947,0.000000,0.000000,1.000000,0.000000,1.000000,0.000000,0,25000,0,0,0,25000,25000,14560,14560,0,10440,10440,0.582400,1.000000,0,0,0.000000,0,0,0.000000,0,0,0.000000
81,1.362623,34.210000,1.951689,0.000000,0.000000,1.000000,0.000000,1.000000,0.000000,0,25000,0,0,0,25000,25000,15372,15372,0,9628,9628,0.614880,1.000000,0,0,0.000000,0,0,0.000000,0,0,0.000000
82,1.400728,35.590000,1.942321,0.000000,0.000000,1.000000,0.000000,1.000000,0.000000,0,25000,0,0,0,25000,25000,15220,15220,0,9780,9780,0.608800,1.000000,0,0,0.000000,0,0,0.000000,0,0,0.000000
83,1.414841,35.510000,1.936136,0.000000,0.000000,1.000000,0.000000,1.000000,0.000000,0,25000,0,0,0,25000,25000,14560,14560,0,10440,10440,0.582400,1.000000,0,0,0.000000,0,0,0.000000,0,0,0.000000
84,1.441814,34.910000,1.940630,0.000000,0.000000,1.000000,0.000000,1.000000,0.000000,0,25000,0,0,0,25000,25000,14672,14672,0,10328,10328,0.586880,1.000000,0,0,0.000000,0,0,0.000000,0,0,0.000000
85,1.364482,33.720000,1.950331,0.000000,0.000000,1.000000,0.000000,1.000000,0.000000,0,25000,0,0,0,25000,25000,15280,15280,0,9720,9720,0.611200,1.000000,0,0,0.000000,0,0,0.000000,0,0,0.000000
86,1.461713,32.450000,1.964957,0.000000,0.000000,1.000000,0.000000,1.000000,0.000000,0,25000,0,0,0,25000,25000,14536,14536,0,10464,10464,0.581440,1.000000,0,0,0.000000,0,0,0.000000,0,0,0.000000
87,1.306563,35.720000,1.922913,0.000000,0.000000,1.000000,0.000000,1.000000,0.000000,0,25000,0,0,0,25000,25000,15912,15912,0,9088,9088,0.636480,1.000000,0,0,0.000000,0,0,0.000000,0,0,0.000000
88,1.437141,33.950000,1.959090,0.000000,0.000000,1.000000,0.000000,1.000000,0.000000,0,25000,0,0,0,25000,25000,14680,14680,0,10320,10320,0.587200,1.000000,0,0,0.000000,0,0,0.000000,0,0,0.000000
89,1.374755,35.110000,1.941803,0.000000,0.000000,1.000000,0.000000,1.000000,0.000000,0,25000,0,0,0,25000,25000,15192,15192,0,9808,9808,0.607680,1.000000,0,0,0.000000,0,0,0.000000,0,0,0.000000
90,1.333221,34.820000,1.940960,0.000000,0.000000,1.000000,0.000000,1.000000,0.000000,0,25000,0,0,0,25000,25000,15668,15668,0,9332,9332,0.626720,1.000000,0,0,0.000000,0,0,0.000000,0,0,0.000000
91,1.361787,34.630000,1.936581,0.000000,0.000000,1.000000,0.000000,1.000000,0.000000,0,25000,0,0,0,25000,25000,15144,15144,0,9856,9856,0.605760,1.000000,0,0,0.000000,0,0,0.000000,0,0,0.000000
92,1.477427,33.080000,1.968902,0.000000,0.000000,1.000000,0.000000,1.000000,0.000000,0,25000,0,0,0,25000,25000,13992,13992,0,11008,11008,0.559680,1.000000,0,0,0.000000,0,0,0.000000,0,0,0.000000
93,1.286235,34.830000,1.942099,0.000000,0.000000,1.000000,0.000000,1.000000,0.000000,0,25000,0,0,0,25000,25000,15912,15912,0,9088,9088,0.636480,1.000000,0,0,0.000000,0,0,0.000000,0,0,0.000000
94,1.457839,34.590000,1.947458,0.000000,0.000000,1.000000,0.000000,1.000000,0.000000,0,25000,0,0,0,25000,25000,14112,14112,0,10888,10888,0.564480,1.000000,0,0,0.000000,0,0,0.000000,0,0,0.000000
95,1.269584,34.550000,1.930016,0.000000,0.000000,1.000000,0.000000,1.000000,0.000000,0,25000,0,0,0,25000,25000,16224,16224,0,8776,8776,0.648960,1.000000,0,0,0.000000,0,0,0.000000,0,0,0.000000
96,1.401758,35.480000,1.927655,0.000000,0.000000,1.000000,0.000000,1.000000,0.000000,0,25000,0,0,0,25000,25000,14520,14520,0,10480,10480,0.580800,1.000000,0,0,0.000000,0,0,0.000000,0,0,0.000000
97,1.465850,33.030000,1.958514,0.000000,0.000000,1.000000,0.000000,1.000000,0.000000,0,25000,0,0,0,25000,25000,13948,13948,0,11052,11052,0.557920,1.000000,0,0,0.000000,0,0,0.000000,0,0,0.000000
98,1.363852,33.370000,1.947289,0.000000,0.000000,1.000000,0.000000,1.000000,0.000000,0,25000,0,0,0,25000,25000,15268,15268,0,9732,9732,0.610720,1.000000,0,0,0.000000,0,0,0.000000,0,0,0.000000
99,1.403161,34.510000,1.949616,0.000000,0.000000,1.000000,0.000000,1.000000,0.000000,0,25000,0,0,0,25000,25000,14816,14816,0,10184,10184,0.592640,1.000000,0,0,0.000000,0,0,0.000000,0,0,0.000000
100,0.444143,40.430000,1.795952,0.000000,0.000000,0.648160,0.000000,0.648160,0.883320,1,16204,0,0,0,16204,25000,14789,15516,727,1415,2142,0.912676,0.953145,0,0,0.000000,0,0,0.000000,0,0,0.000000
101,0.435781,43.630000,1.687348,0.000000,0.000000,0.642760,0.000000,0.642760,0.876240,1,16069,0,0,0,16069,25000,14728,15264,536,1341,1877,0.916547,0.964885,0,0,0.000000,0,0,0.000000,0,0,0.000000
102,0.391374,44.660000,1.624427,0.000000,0.000000,0.598160,0.000000,0.598160,0.875640,1,14954,0,0,0,14954,25000,13791,14440,649,1163,1812,0.922228,0.955055,0,0,0.000000,0,0,0.000000,0,0,0.000000
103,0.385170,47.720000,1.585816,0.000000,0.000000,0.640920,0.000000,0.640920,0.853200,1,16023,0,0,0,16023,25000,15004,15528,524,1019,1543,0.936404,0.966255,0,0,0.000000,0,0,0.000000,0,0,0.000000
104,0.329643,48.680000,1.540766,0.000000,0.000000,0.657720,0.000000,0.657720,0.891520,1,16443,0,0,0,16443,25000,15706,16260,554,737,1291,0.955178,0.965929,0,0,0.000000,0,0,0.000000,0,0,0.000000
105,0.388573,46.590000,1.548073,0.000000,0.000000,0.620000,0.000000,0.620000,0.879960,1,15500,0,0,0,15500,25000,14253,14704,451,1247,1698,0.919548,0.969328,0,0,0.000000,0,0,0.000000,0,0,0.000000
106,0.307247,49.150000,1.505083,0.000000,0.000000,0.621680,0.000040,0.621720,0.891200,1,15542,1,1,1,15543,25000,15095,15796,701,448,1149,0.971177,0.955622,1,0,1.000000,1,0,1.000000,1,0,1.000000
107,0.400717,50.440000,1.481117,0.000000,0.000000,0.603440,0.000000,0.603440,0.859280,1,15086,0,0,1,15086,25000,13758,14368,610,1328,1938,0.911971,0.957545,0,0,0.000000,0,0,0.000000,1,0,1.000000
108,0.416813,48.430000,1.509643,0.000000,0.000000,0.563240,0.000040,0.563280,0.856920,1,14081,1,1,1,14082,25000,12706,13344,638,1376,2014,0.902287,0.952188,1,0,1.000000,1,0,1.000000,1,0,1.000000
109,0.337230,50.250000,1.493549,0.000000,0.000000,0.580640,0.000000,0.580640,0.898720,1,14516,0,0,1,14516,25000,13498,14096,598,1018,1616,0.929870,0.957577,0,0,0.000000,0,0,0.000000,1,0,1.000000
110,0.335623,50.680000,1.461806,0.000000,0.000000,0.612120,0.000080,0.612200,0.869680,1,15303,2,2,3,15305,25000,14414,15212,798,891,1689,0.941784,0.947541,2,0,1.000000,2,0,1.000000,3,0,1.000000
111,0.321179,51.080000,1.445834,0.000000,0.000000,0.605480,0.000000,0.605480,0.905080,1,15137,0,0,1,15137,25000,14299,15184,885,838,1723,0.944639,0.941715,0,0,0.000000,0,0,0.000000,1,0,1.000000
112,0.342977,50.660000,1.436274,0.000000,0.000000,0.639240,0.000040,0.639280,0.883000,1,15981,1,0,3,15982,25000,14906,15516,610,1076,1686,0.932674,0.960686,1,0,1.000000,0,0,0.000000,3,0,1.000000
113,0.334903,51.010000,1.427448,0.000000,0.000000,0.602640,0.000040,0.602680,0.884520,1,15066,1,0,2,15067,25000,14175,14916,741,892,1633,0.940798,0.950322,1,0,1.000000,0,0,0.000000,2,0,1.000000
114,0.320402,51.480000,1.415430,0.000000,0.000000,0.624920,0.000120,0.625040,0.880560,1,15623,3,2,5,15626,25000,14705,15312,607,921,1528,0.941060,0.960358,3,0,1.000000,2,0,1.000000,5,0,1.000000
115,0.356072,51.190000,1.418474,0.000000,0.000000,0.584360,0.000000,0.584360,0.858960,1,14609,0,0,2,14609,25000,13464,14124,660,1145,1805,0.921624,0.953271,0,0,0.000000,0,0,0.000000,2,0,1.000000
116,0.387223,51.320000,1.418041,0.000000,0.000000,0.592720,0.000080,0.592800,0.870480,1,14818,2,1,5,14820,25000,13708,14576,868,1112,1980,0.924966,0.940450,2,0,1.000000,1,0,1.000000,5,0,1.000000
117,0.307803,51.140000,1.409693,0.000000,0.000000,0.601000,0.000000,0.601000,0.898240,1,15025,0,0,2,15025,25000,14103,14932,829,922,1751,0.938636,0.944482,0,0,0.000000,0,0,0.000000,2,0,1.000000
118,0.338474,51.760000,1.404264,0.000000,0.000000,0.570040,0.000000,0.570040,0.875760,1,14251,0,0,4,14251,25000,13253,14140,887,998,1885,0.929970,0.937270,0,0,0.000000,0,0,0.000000,4,0,1.000000
119,0.357936,51.220000,1.429325,0.000000,0.000000,0.587040,0.000040,0.587080,0.861040,1,14676,1,1,4,14677,25000,13620,14256,636,1057,1693,0.927983,0.955387,1,0,1.000000,1,0,1.000000,4,0,1.000000
120,0.301965,53.050000,1.381528,0.000000,0.000000,0.628920,0.000160,0.629080,0.904160,1,15723,4,4,9,15727,25000,14869,15468,599,858,1457,0.945444,0.961275,4,0,1.000000,4,0,1.000000,9,0,1.000000
121,0.286284,51.950000,1.395370,0.000000,0.000000,0.591320,0.000000,0.591320,0.915960,1,14783,0,0,10,14783,25000,13848,14892,1044,935,1979,0.936752,0.929895,0,0,0.000000,0,0,0.000000,10,0,1.000000
122,0.278946,53.540000,1.363734,0.000000,0.000000,0.607320,0.000000,0.607320,0.901040,1,15183,0,0,6,15183,25000,14476,15312,836,707,1543,0.953435,0.945402,0,0,0.000000,0,0,0.000000,6,0,1.000000
123,0.343173,51.590000,1.387468,0.000000,0.000000,0.558560,0.000040,0.558600,0.893240,1,13964,1,1,5,13965,25000,12880,13636,756,1085,1841,0.922306,0.944559,1,0,1.000000,1,0,1.000000,5,0,1.000000
124,0.298222,53.230000,1.359402,0.000000,0.000000,0.611040,0.000040,0.611080,0.903880,1,15276,1,1,7,15277,25000,14445,15128,683,832,1515,0.945539,0.954852,1,0,1.000000,1,0,1.000000,7,0,1.000000
125,0.275741,52.840000,1.387684,0.000000,0.000000,0.606760,0.000080,0.606840,0.887280,1,15169,2,0,8,15171,25000,14487,15336,849,684,1533,0.954914,0.944640,2,0,1.000000,0,0,0.000000,8,0,1.000000
126,0.238349,53.620000,1.356755,0.000000,0.000000,0.624920,0.000200,0.625120,0.921840,1,15623,5,5,13,15628,25000,15088,16192,1104,540,1644,0.965447,0.931818,5,0,1.000000,5,0,1.000000,13,0,1.000000
127,0.276826,53.240000,1.355339,0.000000,0.000000,0.575160,0.000040,0.575200,0.897920,1,14379,1,0,10,14380,25000,13766,14480,714,614,1328,0.957302,0.950691,1,0,1.000000,0,0,0.000000,10,0,1.000000
128,0.264166,52.920000,1.366002,0.000000,0.000000,0.633560,0.000200,0.633760,0.904640,1,15839,5,4,13,15844,25000,15259,16160,901,585,1486,0.963078,0.944245,5,0,1.000000,4,0,1.000000,13,0,1.000000
129,0.284301,51.770000,1.356595,0.000000,0.000000,0.573200,0.000080,0.573280,0.897960,1,14330,2,2,12,14332,25000,13593,14500,907,739,1646,0.948437,0.937448,2,0,1.000000,2,0,1.000000,12,0,1.000000
130,0.264361,54.010000,1.339008,0.000000,0.000000,0.645720,0.000120,0.645840,0.891240,1,16143,3,3,12,16146,25000,15459,16184,725,687,1412,0.957451,0.955203,3,0,1.000000,3,0,1.000000,12,0,1.000000
131,0.218010,54.240000,1.318463,0.000000,0.000000,0.622640,0.000200,0.622840,0.919840,1,15566,5,4,21,15571,25000,15232,16316,1084,339,1423,0.978229,0.933562,5,0,1.000000,4,0,1.000000,21,0,1.000000
132,0.279368,52.570000,1.352841,0.000000,0.000000,0.604400,0.000280,0.604680,0.900400,1,15110,7,4,16,15117,25000,14325,15408,1083,792,1875,0.947609,0.929712,7,0,1.000000,4,0,1.000000,16,0,1.000000
133,0.324811,53.680000,1.352880,0.000000,0.000000,0.553680,0.000000,0.553680,0.890200,1,13842,0,0,13,13842,25000,12858,13824,966,984,1950,0.928912,0.930122,0,0,0.000000,0,0,0.000000,13,0,1.000000
134,0.274799,52.400000,1.361177,0.000000,0.000000,0.627200,0.000080,0.627280,0.911080,1,15680,2,1,24,15682,25000,14998,15888,890,684,1574,0.956383,0.943983,2,0,1.000000,1,0,1.000000,24,0,1.000000
135,0.292943,52.650000,1.370329,0.000000,0.000000,0.599960,0.000200,0.600160,0.901880,1,14999,5,5,25,15004,25000,14292,15060,768,712,1480,0.952546,0.949004,5,0,1.000000,5,0,1.000000,25,0,1.000000
136,0.271370,54.360000,1.318338,0.000000,0.000000,0.629480,0.000160,0.629640,0.892200,1,15737,4,2,24,15741,25000,15073,15724,651,668,1319,0.957563,0.958598,4,0,1.000000,2,0,1.000000,24,0,1.000000
137,0.270844,53.850000,1.308503,0.000000,0.000000,0.578200,0.000320,0.578520,0.897840,1,14455,8,4,25,14463,25000,13776,14692,916,687,1603,0.952499,0.937653,8,0,1.000000,4,0,1.000000,25,0,1.000000
138,0.291099,54.520000,1.321762,0.000000,0.000000,0.605560,0.000160,0.605720,0.900160,1,15139,4,3,23,15143,25000,14375,15136,761,768,1529,0.949283,0.949723,4,0,1.000000,3,0,1.000000,23,0,1.000000
139,0.261231,54.530000,1.314888,0.000000,0.000000,0.612280,0.000320,0.612600,0.904080,1,15307,8,4,32,15315,25000,14647,15128,481,668,1149,0.956383,0.968205,8,0,1.000000,4,0,1.000000,32,0,1.000000
140,0.306230,54.520000,1.307367,0.000000,0.000000,0.584440,0.000120,0.584560,0.899080,1,14611,3,2,27,14614,25000,13918,14832,914,696,1610,0.952374,0.938376,3,0,1.000000,2,0,1.000000,27,0,1.000000
141,0.248336,54.670000,1.318276,0.000000,0.000000,0.626640,0.000240,0.626880,0.916440,1,15666,6,3,44,15672,25000,15194,16284,1090,478,1568,0.969500,0.933063,6,0,1.000000,3,0,1.000000,44,0,1.000000
142,0.320164,54.670000,1.301509,0.000000,0.000000,0.595120,0.000040,0.595160,0.886840,1,14878,1,1,25,14879,25000,14057,14652,595,822,1417,0.944754,0.959391,1,0,1.000000,1,0,1.000000,25,0,1.000000
143,0.242838,55.410000,1.306663,0.000000,0.000000,0.615920,0.000440,0.616360,0.920520,1,15398,11,8,31,15409,25000,14880,15872,992,529,1521,0.965669,0.937500,11,0,1.000000,8,0,1.000000,31,0,1.000000
144,0.251655,54.390000,1.317744,0.000000,0.000000,0.604400,0.000200,0.604600,0.908680,1,15110,5,3,41,15115,25000,14590,15512,922,525,1447,0.965266,0.940562,5,0,1.000000,3,0,1.000000,41,0,1.000000
145,0.287201,54.720000,1.310908,0.000000,0.000000,0.620920,0.000120,0.621040,0.892480,1,15523,3,2,40,15526,25000,14651,15656,1005,875,1880,0.943643,0.935807,3,0,1.000000,2,0,1.000000,40,0,1.000000
146,0.291165,52.750000,1.353066,0.000000,0.000000,0.626080,0.000080,0.626160,0.899880,1,15652,2,1,48,15654,25000,14803,15700,897,851,1748,0.945637,0.942866,2,0,1.000000,1,0,1.000000,48,0,1.000000
147,0.245936,52.440000,1.339090,0.000000,0.000000,0.585320,0.000320,0.585640,0.922080,1,14633,8,5,41,14641,25000,14036,14896,860,605,1465,0.958678,0.942266,8,0,1.000000,5,0,1.000000,41,0,1.000000
148,0.285232,52.980000,1.333489,0.000000,0.000000,0.594280,0.000480,0.594760,0.880080,1,14857,12,9,55,14869,25000,14031,14904,873,838,1711,0.943641,0.941425,12,0,1.000000,9,0,1.000000,55,0,1.000000
149,0.253533,56.260000,1.260507,0.000000,0.000000,0.570880,0.000200,0.571080,0.912040,1,14272,5,4,42,14277,25000,13544,14560,1016,733,1749,0.948659,0.930220,5,0,1.000000,4,0,1.000000,42,0,1.000000
150,0.248891,53.190000,1.328022,0.000000,0.000000,0.551640,0.000320,0.551960,0.899800,1,13791,8,5,49,13799,25000,13103,14140,1037,696,1733,0.949562,0.926662,8,0,1.000000,5,0,1.000000,49,0,1.000000
151,0.284775,54.570000,1.278686,0.000000,0.000000,0.633200,0.000440,0.633640,0.854400,1,15830,11,6,58,15841,25000,15053,15876,823,788,1611,0.950256,0.948161,11,0,1.000000,6,0,1.000000,58,0,1.000000
152,0.296659,54.130000,1.319388,0.000000,0.000000,0.614280,0.000280,0.614560,0.905880,1,15357,7,2,50,15364,25000,14333,14888,555,1031,1586,0.932895,0.962722,7,0,1.000000,2,0,1.000000,50,0,1.000000
153,0.210773,53.240000,1.323683,0.000000,0.000000,0.589800,0.000200,0.590000,0.934320,1,14745,5,4,49,14750,25000,14166,15352,1186,584,1770,0.960407,0.922746,4,1,0.800000,3,1,0.750000,48,1,0.979592
154,0.223096,56.270000,1.268126,0.000000,0.000000,0.555520,0.000440,0.555960,0.928840,1,13888,11,7,51,13899,25000,13347,14324,977,552,1529,0.960285,0.931793,11,0,1.000000,7,0,1.000000,51,0,1.000000
155,0.262493,54.710000,1.296565,0.000000,0.000000,0.589360,0.000880,0.590240,0.907680,1,14734,22,13,76,14756,25000,13904,14832,928,852,1780,0.942261,0.937433,22,0,1.000000,13,0,1.000000,76,0,1.000000
156,0.259986,56.070000,1.269279,0.000000,0.000000,0.598360,0.000560,0.598920,0.910880,1,14959,14,4,77,14973,25000,14337,15128,791,636,1427,0.957524,0.947713,13,1,0.928571,3,1,0.750000,76,1,0.987013
157,0.280352,55.240000,1.267806,0.000000,0.000000,0.540840,0.000520,0.541360,0.875080,1,13521,13,5,70,13534,25000,12779,13596,817,755,1572,0.944215,0.939909,13,0,1.000000,5,0,1.000000,69,1,0.985714
158,0.268143,55.490000,1.282063,0.000000,0.000000,0.618520,0.000120,0.618640,0.918000,1,15463,3,1,45,15466,25000,14538,15632,1094,928,2022,0.939997,0.930015,3,0,1.000000,1,0,1.000000,44,1,0.977778
159,0.238495,54.290000,1.302293,0.000000,0.000000,0.573000,0.000560,0.573560,0.915760,1,14325,14,2,69,14339,25000,13671,14344,673,668,1341,0.953414,0.953081,14,0,1.000000,2,0,1.000000,67,2,0.971014
160,0.246330,56.650000,1.260013,0.000000,0.000000,0.592720,0.000320,0.593040,0.902800,1,14818,8,5,79,14826,25000,14103,14848,745,723,1468,0.951234,0.949825,8,0,1.000000,5,0,1.000000,77,2,0.974684
161,0.206958,55.970000,1.272583,0.000000,0.000000,0.596840,0.000360,0.597200,0.921680,1,14921,9,5,87,14930,25000,14405,15604,1199,525,1724,0.964836,0.923161,9,0,1.000000,5,0,1.000000,87,0,1.000000
162,0.195922,54.680000,1.283464,0.000000,0.000000,0.584360,0.000480,0.584840,0.934560,1,14609,12,7,80,14621,25000,14202,14924,722,419,1141,0.971343,0.951622,12,0,1.000000,7,0,1.000000,79,1,0.987500
163,0.292574,56.980000,1.231653,0.000000,0.000000,0.617720,0.000360,0.618080,0.898880,1,15443,9,4,78,15452,25000,14452,15304,852,1000,1852,0.935283,0.944328,9,0,1.000000,4,0,1.000000,78,0,1.000000
164,0.247593,54.770000,1.283364,0.000000,0.000000,0.615640,0.000200,0.615840,0.903080,1,15391,5,2,77,15396,25000,14648,15168,520,748,1268,0.951416,0.965717,5,0,1.000000,2,0,1.000000,75,2,0.974026
165,0.277174,55.940000,1.277201,0.000000,0.000000,0.595840,0.000640,0.596480,0.886640,1,14896,16,5,107,14912,25000,14068,14716,648,844,1492,0.943401,0.955966,16,0,1.000000,5,0,1.000000,105,2,0.981308
166,0.223801,54.020000,1.306658,0.000000,0.000000,0.605480,0.000360,0.605840,0.901200,1,15137,9,4,92,15146,25000,14809,15860,1051,337,1388,0.977750,0.933733,9,0,1.000000,4,0,1.000000,91,1,0.989130
167,0.272458,56.530000,1.256663,0.000000,0.000000,0.630000,0.000600,0.630600,0.899680,1,15750,15,4,112,15765,25000,14831,15580,749,934,1683,0.940755,0.951926,14,1,0.933333,4,0,1.000000,110,2,0.982143
168,0.185756,53.470000,1.306045,0.000000,0.000000,0.601600,0.000520,0.602120,0.922520,1,15040,13,4,90,15053,25000,14749,15800,1051,304,1355,0.979805,0.933481,13,0,1.000000,4,0,1.000000,88,2,0.977778
169,0.242835,54.190000,1.279872,0.000000,0.000000,0.623000,0.000520,0.623520,0.924200,1,15575,13,6,97,15588,25000,14888,15920,1032,700,1732,0.955094,0.935176,13,0,1.000000,6,0,1.000000,97,0,1.000000
170,0.186921,54.150000,1.289105,0.000000,0.000000,0.594200,0.000520,0.594720,0.938360,1,14855,13,3,101,14868,25000,14536,15156,620,332,952,0.977670,0.959092,13,0,1.000000,3,0,1.000000,100,1,0.990099
171,0.244235,56.230000,1.248650,0.000000,0.000000,0.593280,0.000720,0.594000,0.890000,1,14832,18,10,108,14850,25000,14291,15296,1005,559,1564,0.962357,0.934297,18,0,1.000000,10,0,1.000000,107,1,0.990741
172,0.211742,57.900000,1.213909,0.000000,0.000000,0.619800,0.000520,0.620320,0.924120,1,15495,13,3,92,15508,25000,15009,15540,531,499,1030,0.967823,0.965830,13,0,1.000000,3,0,1.000000,91,1,0.989130
173,0.277693,55.220000,1.269435,0.000000,0.000000,0.650000,0.000560,0.650560,0.905800,1,16250,14,5,140,16264,25000,15535,16228,693,729,1422,0.955177,0.957296,14,0,1.000000,5,0,1.000000,138,2,0.985714
174,0.262268,56.570000,1.255450,0.000000,0.000000,0.604320,0.000320,0.604640,0.907000,1,15108,8,4,128,15116,25000,14354,14868,514,762,1276,0.949590,0.965429,8,0,1.000000,4,0,1.000000,127,1,0.992187
175,0.221025,57.300000,1.229641,0.000000,0.000000,0.623760,0.000280,0.624040,0.894880,1,15594,7,3,115,15601,25000,15021,15652,631,580,1211,0.962823,0.959686,6,1,0.857143,2,1,0.666667,113,2,0.982609
176,0.247920,57.340000,1.218792,0.000000,0.000000,0.616280,0.000440,0.616720,0.900240,1,15407,11,5,117,15418,25000,14640,15392,752,778,1530,0.949539,0.951143,10,1,0.909091,5,0,1.000000,114,3,0.974359
177,0.209710,55.590000,1.285663,0.000000,0.000000,0.604520,0.001000,0.605520,0.928640,1,15113,25,7,133,15138,25000,14566,15212,646,572,1218,0.962214,0.957534,24,1,0.960000,7,0,1.000000,131,2,0.984962
178,0.159154,56.620000,1.239522,0.000000,0.000000,0.617600,0.001040,0.618640,0.941120,1,15440,26,12,114,15466,25000,15186,16024,838,280,1118,0.981896,0.947703,26,0,1.000000,12,0,1.000000,113,1,0.991228
179,0.246333,56.760000,1.249215,0.000000,0.000000,0.580360,0.000480,0.580840,0.908640,1,14509,12,6,103,14521,25000,13881,14640,759,640,1399,0.955926,0.948156,12,0,1.000000,6,0,1.000000,103,0,1.000000
180,0.192264,58.130000,1.220274,0.000000,0.000000,0.642520,0.000240,0.642760,0.924440,1,16063,6,2,138,16069,25000,15630,16656,1026,439,1465,0.972680,0.938401,6,0,1.000000,2,0,1.000000,137,1,0.992754
181,0.243119,56.640000,1.261867,0.000000,0.000000,0.577760,0.001280,0.579040,0.921280,1,14444,32,15,168,14476,25000,13862,14876,1014,614,1628,0.957585,0.931837,32,0,1.000000,15,0,1.000000,165,3,0.982143
182,0.189270,56.210000,1.228848,0.000000,0.000000,0.561520,0.000600,0.562120,0.922440,1,14038,15,2,122,14053,25000,13703,14516,813,350,1163,0.975094,0.943993,15,0,1.000000,2,0,1.000000,121,1,0.991803
183,0.220008,57.990000,1.215679,0.000000,0.000000,0.610600,0.000560,0.611160,0.919160,1,15265,14,4,127,15279,25000,14731,15776,1045,548,1593,0.964134,0.933760,14,0,1.000000,4,0,1.000000,125,2,0.984252
184,0.235764,54.000000,1.273530,0.000000,0.000000,0.634360,0.000760,0.635120,0.917240,1,15859,19,1,162,15878,25000,15181,15952,771,697,1468,0.956103,0.951668,19,0,1.000000,1,0,1.000000,162,0,1.000000
185,0.224042,55.940000,1.259615,0.000000,0.000000,0.601000,0.000560,0.601560,0.923600,1,15025,14,5,154,15039,25000,14470,15168,698,569,1267,0.962165,0.953982,14,0,1.000000,5,0,1.000000,154,0,1.000000
186,0.234149,55.680000,1.253249,0.000000,0.000000,0.583680,0.000960,0.584640,0.911800,1,14592,24,6,135,14616,25000,14050,14528,478,566,1044,0.961275,0.967098,23,1,0.958333,6,0,1.000000,133,2,0.985185
187,0.230370,55.520000,1.291319,0.000000,0.000000,0.605600,0.000440,0.606040,0.913320,1,15140,11,4,144,15151,25000,14392,15008,616,759,1375,0.949904,0.958955,11,0,1.000000,4,0,1.000000,144,0,1.000000
188,0.209892,56.690000,1.227064,0.000000,0.000000,0.571040,0.000920,0.571960,0.913560,1,14276,23,6,139,14299,25000,13770,14416,646,529,1175,0.963004,0.955189,22,1,0.956522,5,1,0.833333,137,2,0.985612
189,0.211272,53.200000,1.329181,0.000000,0.000000,0.590800,0.000640,0.591440,0.922680,1,14770,16,5,143,14786,25000,14247,15196,949,539,1488,0.963547,0.937549,16,0,1.000000,5,0,1.000000,142,1,0.993007
190,0.233734,55.910000,1.267418,0.000000,0.000000,0.600920,0.001120,0.602040,0.906120,1,15023,28,8,159,15051,25000,14677,15500,823,374,1197,0.975151,0.946903,28,0,1.000000,8,0,1.000000,156,3,0.981132
191,0.238011,56.860000,1.236879,0.000000,0.000000,0.624320,0.000840,0.625160,0.906640,1,15608,21,8,153,15629,25000,14933,15520,587,696,1283,0.955467,0.962178,21,0,1.000000,8,0,1.000000,151,2,0.986928
192,0.190451,56.550000,1.238153,0.000000,0.000000,0.656880,0.000400,0.657280,0.936480,1,16422,10,5,152,16432,25000,15946,16612,666,486,1152,0.970424,0.959908,9,1,0.900000,4,1,0.800000,149,3,0.980263
193,0.217315,56.200000,1.224121,0.000000,0.000000,0.573320,0.000800,0.574120,0.917560,1,14333,20,1,147,14353,25000,13794,14676,882,559,1441,0.961053,0.939902,20,0,1.000000,1,0,1.000000,143,4,0.972789
194,0.209914,55.680000,1.292186,0.000000,0.000000,0.587280,0.000720,0.588000,0.920880,1,14682,18,7,163,14700,25000,14160,14628,468,540,1008,0.963265,0.968007,18,0,1.000000,7,0,1.000000,158,5,0.969325
195,0.227724,57.970000,1.198514,0.000000,0.000000,0.572040,0.001000,0.573040,0.919320,1,14301,25,9,147,14326,25000,13719,14524,805,607,1412,0.957629,0.944574,24,1,0.960000,9,0,1.000000,145,2,0.986395
196,0.250326,55.720000,1.249718,0.000000,0.000000,0.592080,0.000920,0.593000,0.907000,1,14802,23,4,187,14825,25000,14040,14928,888,785,1673,0.947049,0.940514,22,1,0.956522,3,1,0.750000,184,3,0.983957
197,0.220332,59.170000,1.162296,0.000000,0.000000,0.545160,0.000640,0.545800,0.925040,1,13629,16,6,148,13645,25000,13067,13848,781,578,1359,0.957640,0.943602,14,2,0.875000,5,1,0.833333,145,3,0.979730
198,0.213449,57.740000,1.205621,0.000000,0.000000,0.562960,0.000440,0.563400,0.920240,1,14074,11,5,134,14085,25000,13535,14348,813,550,1363,0.960951,0.943337,11,0,1.000000,5,0,1.000000,128,6,0.955224
199,0.196245,55.440000,1.252936,0.000000,0.000000,0.583640,0.001080,0.584720,0.931000,1,14591,27,7,169,14618,25000,14058,15028,970,560,1530,0.961691,0.935454,27,0,1.000000,7,0,1.000000,169,0,1.000000
200,0.239306,56.720000,1.227198,0.000000,0.000000,0.617080,0.000520,0.617600,0.916560,1,15427,13,5,181,15440,25000,14698,15468,770,742,1512,0.951943,0.950220,13,0,1.000000,5,0,1.000000,180,1,0.994475
201,0.241026,57.640000,1.221280,0.000000,0.000000,0.606240,0.000440,0.606680,0.889560,1,15156,11,1,149,15167,25000,14416,15384,968,751,1719,0.950485,0.937077,11,0,1.000000,1,0,1.000000,146,3,0.979866
202,0.191909,58.590000,1.196113,0.000000,0.000000,0.608480,0.000640,0.609120,0.930840,1,15212,16,4,162,15228,25000,14735,15768,1033,493,1526,0.967625,0.934488,16,0,1.000000,4,0,1.000000,159,3,0.981481
203,0.214907,58.820000,1.182186,0.000000,0.000000,0.577200,0.000800,0.578000,0.923360,1,14430,20,6,209,14450,25000,13911,14580,669,539,1208,0.962699,0.954115,20,0,1.000000,6,0,1.000000,205,4,0.980861
204,0.188415,56.860000,1.221846,0.000000,0.000000,0.577120,0.000520,0.577640,0.935840,1,14428,13,6,188,14441,25000,13921,14576,655,520,1175,0.963991,0.955063,12,1,0.923077,5,1,0.833333,181,7,0.962766
205,0.247321,58.380000,1.177320,0.000000,0.000000,0.569400,0.000480,0.569880,0.915320,1,14235,12,2,204,14247,25000,13452,13972,520,795,1315,0.944199,0.962783,12,0,1.000000,2,0,1.000000,202,2,0.990196
206,0.235615,57.050000,1.220230,0.000000,0.000000,0.596480,0.000800,0.597280,0.914040,1,14912,20,4,235,14932,25000,14291,14864,573,641,1214,0.957072,0.961450,19,1,0.950000,4,0,1.000000,233,2,0.991489
207,0.228393,56.320000,1.220423,0.000000,0.000000,0.578480,0.000520,0.579000,0.926760,1,14462,13,4,186,14475,25000,13655,14564,909,820,1729,0.943351,0.937586,13,0,1.000000,4,0,1.000000,185,1,0.994624
208,0.175874,57.200000,1.207885,0.000000,0.000000,0.618480,0.000520,0.619000,0.933560,1,15462,13,2,197,15475,25000,15185,15888,703,290,993,0.981260,0.955753,13,0,1.000000,2,0,1.000000,192,5,0.974619
209,0.260267,56.790000,1.241871,0.000000,0.000000,0.609440,0.000840,0.610280,0.904880,1,15236,21,4,231,15257,25000,14264,15040,776,993,1769,0.934915,0.948404,20,1,0.952381,4,0,1.000000,227,4,0.982684
210,0.217587,56.330000,1.236965,0.000000,0.000000,0.581840,0.001440,0.583280,0.910080,1,14546,36,3,224,14582,25000,13973,14892,919,609,1528,0.958236,0.938289,36,0,1.000000,3,0,1.000000,222,2,0.991071
211,0.173588,58.220000,1.201289,0.000000,0.000000,0.579960,0.001200,0.581160,0.929280,1,14499,30,11,205,14529,25000,14214,15032,818,315,1133,0.978319,0.945583,27,3,0.900000,11,0,1.000000,199,6,0.970732
212,0.209361,54.800000,1.275139,0.000000,0.000000,0.577120,0.000880,0.578000,0.926000,1,14428,22,5,243,14450,25000,13894,14496,602,556,1158,0.961522,0.958471,22,0,1.000000,5,0,1.000000,238,5,0.979424
213,0.291022,58.320000,1.181874,0.000000,0.000000,0.630520,0.001160,0.631680,0.895880,1,15763,29,11,214,15792,25000,14830,15512,682,962,1644,0.939083,0.956034,26,3,0.896552,11,0,1.000000,207,7,0.967290
214,0.291661,57.820000,1.210342,0.000000,0.000000,0.608040,0.000640,0.608680,0.878960,1,15201,16,6,209,15217,25000,14176,14716,540,1041,1581,0.931590,0.963305,16,0,1.000000,6,0,1.000000,206,3,0.985646
215,0.215456,56.670000,1.201450,0.000000,0.000000,0.604520,0.000600,0.605120,0.922600,1,15113,15,7,270,15128,25000,14617,15384,767,511,1278,0.966222,0.950143,14,1,0.933333,7,0,1.000000,268,2,0.992593
216,0.196087,58.730000,1.171460,0.000000,0.000000,0.570280,0.000840,0.571120,0.906440,1,14257,21,7,243,14278,25000,13777,14680,903,501,1404,0.964911,0.938488,21,0,1.000000,7,0,1.000000,242,1,0.995885
217,0.187791,57.280000,1.217931,0.000000,0.000000,0.596240,0.001200,0.597440,0.934960,1,14906,30,11,269,14936,25000,14413,15176,763,523,1286,0.964984,0.949723,29,1,0.966667,10,1,0.909091,262,7,0.973978
218,0.192742,57.180000,1.209107,0.000000,0.000000,0.616600,0.001760,0.618360,0.909680,1,15415,44,10,344,15459,25000,15097,16036,939,362,1301,0.976583,0.941444,44,0,1.000000,10,0,1.000000,338,6,0.982558
219,0.186469,57.860000,1.180468,0.000000,0.000000,0.610440,0.001240,0.611680,0.924680,1,15261,31,10,236,15292,25000,14978,15604,626,314,940,0.979466,0.959882,29,2,0.935484,10,0,1.000000,231,5,0.978814
220,0.201308,57.830000,1.193153,0.000000,0.000000,0.599160,0.001200,0.600360,0.906880,1,14979,30,7,279,15009,25000,14542,14996,454,467,921,0.968885,0.969725,28,2,0.933333,7,0,1.000000,275,4,0.985663
221,0.224683,55.260000,1.228394,0.000000,0.000000,0.624280,0.001760,0.626040,0.909720,1,15607,44,17,288,15651,25000,15127,15896,769,524,1293,0.966520,0.951623,44,0,1.000000,17,0,1.000000,285,3,0.989583
222,0.175866,59.440000,1.158847,0.000000,0.000000,0.585560,0.001120,0.586680,0.939480,1,14639,28,7,227,14667,25000,14249,15276,1027,418,1445,0.971501,0.932770,27,1,0.964286,7,0,1.000000,224,3,0.986784
223,0.220489,57.740000,1.210557,0.000000,0.000000,0.617480,0.002680,0.620160,0.910520,1,15437,67,34,307,15504,25000,14779,15608,829,725,1554,0.953238,0.946886,63,4,0.940299,33,1,0.970588,300,7,0.977199
224,0.178948,58.360000,1.204604,0.000000,0.000000,0.613800,0.000720,0.614520,0.921440,1,15345,18,4,278,15363,25000,15082,15780,698,281,979,0.981709,0.955767,17,1,0.944444,4,0,1.000000,271,7,0.974820
225,0.173343,57.060000,1.207754,0.000000,0.000000,0.615960,0.001280,0.617240,0.933480,1,15399,32,9,274,15431,25000,15114,16064,950,317,1267,0.979457,0.940862,30,2,0.937500,8,1,0.888889,268,6,0.978102
226,0.205288,57.360000,1.217609,0.000000,0.000000,0.642880,0.001640,0.644520,0.925080,1,16072,41,11,350,16113,25000,15461,16180,719,652,1371,0.959536,0.955562,41,0,1.000000,11,0,1.000000,342,8,0.977143
227,0.231868,59.000000,1.169605,0.000000,0.000000,0.642120,0.001320,0.643440,0.920120,1,16053,33,12,296,16086,25000,15371,16040,669,715,1384,0.955551,0.958292,32,1,0.969697,12,0,1.000000,290,6,0.979730
228,0.189646,55.980000,1.221651,0.000000,0.000000,0.624280,0.000920,0.625200,0.932800,1,15607,23,6,261,15630,25000,15143,15896,753,487,1240,0.968842,0.952630,23,0,1.000000,6,0,1.000000,258,3,0.988506
229,0.232859,58.020000,1.184763,0.000000,0.000000,0.588360,0.001080,0.589440,0.913760,1,14709,27,7,288,14736,25000,13996,14928,932,740,1672,0.949783,0.937567,25,2,0.925926,6,1,0.857143,284,4,0.986111
230,0.213819,56.720000,1.195127,0.000000,0.000000,0.619680,0.000400,0.620080,0.930120,1,15492,10,4,217,15502,25000,14831,15392,561,671,1232,0.956715,0.963552,10,0,1.000000,4,0,1.000000,212,5,0.976959
231,0.151284,59.180000,1.166894,0.000000,0.000000,0.619680,0.000960,0.620640,0.947640,1,15492,24,7,297,15516,25000,15263,15864,601,253,854,0.983694,0.962115,23,1,0.958333,7,0,1.000000,291,6,0.979798
232,0.205993,58.700000,1.190074,0.000000,0.000000,0.581320,0.001120,0.582440,0.933280,1,14533,28,6,244,14561,25000,13860,14544,684,701,1385,0.951858,0.952970,27,1,0.964286,5,1,0.833333,238,6,0.975410
233,0.277899,57.790000,1.220188,0.000000,0.000000,0.614080,0.001480,0.615560,0.892560,1,15352,37,6,336,15389,25000,14323,14988,665,1066,1731,0.930730,0.955631,35,2,0.945946,6,0,1.000000,326,10,0.970238
234,0.243310,58.610000,1.173396,0.000000,0.000000,0.632000,0.001680,0.633680,0.900200,1,15800,42,11,325,15842,25000,15075,15728,653,767,1420,0.951584,0.958482,41,1,0.976190,11,0,1.000000,315,10,0.969231
235,0.232188,58.080000,1.187045,0.000000,0.000000,0.567160,0.001680,0.568840,0.909880,1,14179,42,8,337,14221,25000,13407,14032,625,814,1439,0.942761,0.955459,40,2,0.952381,8,0,1.000000,331,6,0.982196
236,0.245903,59.070000,1.177584,0.000000,0.000000,0.609400,0.001440,0.610840,0.899000,1,15235,36,7,336,15271,25000,14501,14960,459,770,1229,0.949578,0.969318,34,2,0.944444,7,0,1.000000,326,10,0.970238
237,0.245314,56.710000,1.203621,0.000000,0.000000,0.558400,0.002240,0.560640,0.902360,1,13960,56,16,405,14016,25000,13195,13772,577,821,1398,0.941424,0.958103,55,1,0.982143,16,0,1.000000,398,7,0.982716
238,0.215479,57.770000,1.170237,0.000000,0.000000,0.587280,0.000680,0.587960,0.925600,1,14682,17,3,262,14699,25000,14208,14900,692,491,1183,0.966596,0.953557,16,1,0.941176,3,0,1.000000,258,4,0.984733
239,0.196451,59.730000,1.168023,0.000000,0.000000,0.599240,0.001720,0.600960,0.926920,1,14981,43,5,384,15024,25000,14454,15128,674,570,1244,0.962061,0.955447,43,0,1.000000,5,0,1.000000,378,6,0.984375
240,0.196420,57.380000,1.181175,0.000000,0.000000,0.580840,0.001080,0.581920,0.925080,1,14521,27,3,415,14548,25000,14035,14932,897,513,1410,0.964737,0.939928,27,0,1.000000,3,0,1.000000,409,6,0.985542
241,0.271363,58.500000,1.187186,0.000000,0.000000,0.558640,0.000600,0.559240,0.908360,1,13966,15,4,314,13981,25000,13235,13960,725,746,1471,0.946642,0.948066,15,0,1.000000,4,0,1.000000,305,9,0.971338
242,0.198507,60.130000,1.151755,0.000000,0.000000,0.606600,0.001920,0.608520,0.927520,1,15165,48,16,381,15213,25000,14708,15468,760,505,1265,0.966805,0.950866,46,2,0.958333,16,0,1.000000,376,5,0.986877
243,0.221427,57.710000,1.203445,0.000000,0.000000,0.556200,0.000800,0.557000,0.912800,1,13905,20,3,290,13925,25000,13124,13648,524,801,1325,0.942478,0.961606,20,0,1.000000,3,0,1.000000,284,6,0.979310
244,0.240818,59.110000,1.152493,0.000000,0.000000,0.632840,0.001120,0.633960,0.908120,1,15821,28,3,399,15849,25000,15079,15736,657,770,1427,0.951416,0.958249,28,0,1.000000,3,0,1.000000,393,6,0.984962
245,0.204621,58.940000,1.163653,0.000000,0.000000,0.619240,0.001280,0.620520,0.906680,1,15481,32,3,354,15513,25000,14984,15856,872,529,1401,0.965900,0.945005,31,1,0.968750,3,0,1.000000,347,7,0.980226
246,0.229057,59.620000,1.143468,0.000000,0.000000,0.566360,0.001640,0.568000,0.911760,1,14159,41,3,415,14200,25000,13620,14296,676,580,1256,0.959155,0.952714,40,1,0.975610,3,0,1.000000,407,8,0.980723
247,0.221120,60.200000,1.132118,0.000000,0.000000,0.626800,0.001240,0.628040,0.922360,1,15670,31,7,330,15701,25000,14881,15516,635,820,1455,0.947774,0.959075,28,3,0.903226,7,0,1.000000,322,8,0.975758
248,0.178602,58.410000,1.173072,0.000000,0.000000,0.620680,0.001160,0.621840,0.907280,1,15517,29,5,353,15546,25000,15226,15856,630,320,950,0.979416,0.960267,27,2,0.931034,5,0,1.000000,347,6,0.983003
249,0.173104,59.840000,1.147705,0.000000,0.000000,0.590840,0.001240,0.592080,0.924600,1,14771,31,4,376,14802,25000,14461,15220,759,341,1100,0.976963,0.950131,28,3,0.903226,4,0,1.000000,369,7,0.981383
250,0.194883,59.940000,1.143578,0.000000,0.000000,0.571960,0.002400,0.574360,0.924240,1,14299,60,9,381,14359,25000,13766,14796,1030,593,1623,0.958702,0.930387,58,2,0.966667,9,0,1.000000,378,3,0.992126
251,0.230845,60.930000,1.129479,0.000000,0.000000,0.564400,0.001440,0.565840,0.910600,1,14110,36,5,413,14146,25000,13563,14264,701,583,1284,0.958787,0.950855,36,0,1.000000,5,0,1.000000,406,7,0.983051
252,0.193034,59.210000,1.143920,0.000000,0.000000,0.584320,0.001520,0.585840,0.916240,1,14608,38,9,348,14646,25000,14081,14680,599,565,1164,0.961423,0.959196,37,1,0.973684,9,0,1.000000,343,5,0.985632
253,0.259465,60.560000,1.141017,0.000000,0.000000,0.634440,0.001720,0.636160,0.904280,1,15861,43,14,345,15904,25000,14906,15432,526,998,1524,0.937248,0.965915,42,1,0.976744,14,0,1.000000,339,6,0.982609
254,0.199089,58.290000,1.188306,0.000000,0.000000,0.586400,0.001440,0.587840,0.909320,1,14660,36,6,419,14696,25000,14162,14752,590,534,1124,0.963664,0.960005,35,1,0.972222,6,0,1.000000,413,6,0.985680
255,0.213808,60.550000,1.128037,0.000000,0.000000,0.597880,0.001640,0.599520,0.915400,1,14947,41,5,413,14988,25000,14457,14852,395,531,926,0.964572,0.973404,38,3,0.926829,5,0,1.000000,408,5,0.987893
256,0.242910,59.000000,1.161694,0.000000,0.000000,0.630920,0.000880,0.631800,0.911720,1,15773,22,3,402,15795,25000,15010,15580,570,785,1355,0.950301,0.963415,21,1,0.954545,3,0,1.000000,396,6,0.985075
257,0.244390,58.260000,1.176726,0.000000,0.000000,0.575040,0.001680,0.576720,0.912320,1,14376,42,1,415,14418,25000,13601,14276,675,817,1492,0.943335,0.952718,41,1,0.976190,1,0,1.000000,407,8,0.980723
258,0.225275,58.340000,1.191053,0.000000,0.000000,0.599640,0.001000,0.600640,0.928720,1,14991,25,5,381,15016,25000,14335,15100,765,681,1446,0.954648,0.949338,23,2,0.920000,4,1,0.800000,375,6,0.984252
259,0.149849,58.380000,1.192789,0.000000,0.000000,0.611640,0.002080,0.613720,0.950480,1,15291,52,14,422,15343,25000,15063,15664,601,280,881,0.981751,0.961632,51,1,0.980769,14,0,1.000000,414,8,0.981043
260,0.185209,60.110000,1.142558,0.000000,0.000000,0.598680,0.000960,0.599640,0.927800,1,14967,24,5,421,14991,25000,14676,15240,564,315,879,0.978987,0.962992,22,2,0.916667,3,2,0.600000,408,13,0.969121
261,0.217629,58.830000,1.172351,0.000000,0.000000,0.577520,0.001520,0.579040,0.916240,1,14438,38,9,335,14476,25000,13716,14228,512,760,1272,0.947499,0.964015,35,3,0.921053,9,0,1.000000,326,9,0.973134
262,0.237561,57.470000,1.204329,0.000000,0.000000,0.614000,0.000920,0.614920,0.913040,1,15350,23,2,388,15373,25000,14407,15128,721,966,1687,0.937163,0.952340,23,0,1.000000,2,0,1.000000,384,4,0.989691
263,0.253495,57.150000,1.215337,0.000000,0.000000,0.614360,0.001040,0.615400,0.905520,1,15359,26,3,369,15385,25000,14454,15336,882,931,1813,0.939487,0.942488,22,4,0.846154,2,1,0.666667,359,10,0.972900
264,0.180312,58.860000,1.175990,0.000000,0.000000,0.583240,0.001320,0.584560,0.930080,1,14581,33,4,422,14614,25000,14177,14780,603,437,1040,0.970097,0.959202,31,2,0.939394,3,1,0.750000,413,9,0.978673
265,0.204318,57.570000,1.199850,0.000000,0.000000,0.572600,0.001600,0.574200,0.900880,1,14315,40,6,456,14355,25000,13789,14484,695,566,1261,0.960571,0.952016,35,5,0.875000,5,1,0.833333,440,16,0.964912
266,0.204461,58.870000,1.175412,0.000000,0.000000,0.600920,0.001200,0.602120,0.928760,1,15023,30,2,466,15053,25000,14483,15128,645,570,1215,0.962134,0.957364,27,3,0.900000,2,0,1.000000,455,11,0.976395
267,0.199827,59.880000,1.132278,0.000000,0.000000,0.605240,0.001120,0.606360,0.911560,1,15131,28,9,369,15159,25000,14620,15508,888,539,1427,0.964444,0.942739,28,0,1.000000,9,0,1.000000,359,10,0.972900
268,0.172586,58.490000,1.165042,0.000000,0.000000,0.627120,0.001600,0.628720,0.947880,1,15678,40,8,426,15718,25000,15256,15892,636,462,1098,0.970607,0.959980,36,4,0.900000,8,0,1.000000,417,9,0.978873
269,0.197988,57.920000,1.161341,0.000000,0.000000,0.585800,0.001120,0.586920,0.918600,1,14645,28,5,469,14673,25000,14159,14628,469,514,983,0.964970,0.967938,25,3,0.892857,4,1,0.800000,459,10,0.978678
270,0.202133,59.120000,1.158215,0.000000,0.000000,0.600240,0.000920,0.601160,0.931160,1,15006,23,3,392,15029,25000,14538,14996,458,491,949,0.967330,0.969459,21,2,0.913043,3,0,1.000000,385,7,0.982143
271,0.192258,60.110000,1.131874,0.000000,0.000000,0.602320,0.001040,0.603360,0.929960,1,15058,26,6,340,15084,25000,14587,15212,625,497,1122,0.967051,0.958914,25,1,0.961538,6,0,1.000000,331,9,0.973529
272,0.185062,60.380000,1.138832,0.000000,0.000000,0.598440,0.001280,0.599720,0.926200,1,14961,32,6,443,14993,25000,14524,15340,816,469,1285,0.968719,0.946806,31,1,0.968750,6,0,1.000000,434,9,0.979684
273,0.180566,57.950000,1.169857,0.000000,0.000000,0.632600,0.001360,0.633960,0.931440,1,15815,34,6,466,15849,25000,15404,15848,444,445,889,0.971923,0.971984,32,2,0.941176,6,0,1.000000,457,9,0.980687
274,0.182170,57.740000,1.197882,0.000000,0.000000,0.622480,0.001760,0.624240,0.932200,1,15562,44,4,455,15606,25000,15139,15928,789,467,1256,0.970076,0.950465,44,0,1.000000,4,0,1.000000,446,9,0.980220
275,0.159646,57.310000,1.202413,0.000000,0.000000,0.625440,0.001360,0.626800,0.940680,1,15636,34,7,442,15670,25000,15345,15984,639,325,964,0.979260,0.960023,29,5,0.852941,7,0,1.000000,427,15,0.966063
276,0.230254,59.540000,1.145488,0.000000,0.000000,0.627600,0.001080,0.628680,0.912520,1,15690,27,4,515,15717,25000,14979,15864,885,738,1623,0.953044,0.944213,25,2,0.925926,3,1,0.750000,501,14,0.972816
277,0.160447,59.470000,1.151678,0.000000,0.000000,0.581600,0.001480,0.583080,0.919240,1,14540,37,7,523,14577,25000,14272,14840,568,305,873,0.979077,0.961725,37,0,1.000000,7,0,1.000000,515,8,0.984704
278,0.156442,57.660000,1.159519,0.000000,0.000000,0.605560,0.001360,0.606920,0.937000,1,15139,34,3,482,15173,25000,14900,15720,820,273,1093,0.982008,0.947837,33,1,0.970588,3,0,1.000000,471,11,0.977178
279,0.133045,61.170000,1.129169,0.000000,0.000000,0.628920,0.000920,0.629840,0.941600,1,15723,23,3,388,15746,25000,15484,16228,744,262,1006,0.983361,0.954153,22,1,0.956522,3,0,1.000000,379,9,0.976804
280,0.188137,60.050000,1.148041,0.000000,0.000000,0.591080,0.001200,0.592280,0.935520,1,14777,30,2,421,14807,25000,14275,14776,501,532,1033,0.964071,0.966094,26,4,0.866667,2,0,1.000000,409,12,0.971496
281,0.197983,61.470000,1.116335,0.000000,0.000000,0.572720,0.001880,0.574600,0.903040,1,14318,47,10,525,14365,25000,13995,14704,709,370,1079,0.974243,0.951782,44,3,0.936170,9,1,0.900000,514,11,0.979048
282,0.218433,60.990000,1.110238,0.000000,0.000000,0.587640,0.001160,0.588800,0.915960,1,14691,29,3,479,14720,25000,13953,14640,687,767,1454,0.947894,0.953074,27,2,0.931034,3,0,1.000000,470,9,0.981211
283,0.223093,60.310000,1.147566,0.000000,0.000000,0.635080,0.001080,0.636160,0.908920,1,15877,27,2,525,15904,25000,15149,15568,419,755,1174,0.952528,0.973086,27,0,1.000000,2,0,1.000000,511,14,0.973333
284,0.158807,59.930000,1.151661,0.000000,0.000000,0.583960,0.002000,0.585960,0.927560,1,14599,50,12,398,14649,25000,14342,15036,694,307,1001,0.979043,0.953844,47,3,0.940000,12,0,1.000000,388,10,0.974874
285,0.177398,59.910000,1.132292,0.000000,0.000000,0.588920,0.001040,0.589960,0.939600,1,14723,26,4,384,14749,25000,14224,14864,640,525,1165,0.964404,0.956943,23,3,0.884615,4,0,1.000000,372,12,0.968750
286,0.230822,58.840000,1.149986,0.000000,0.000000,0.601080,0.001840,0.602920,0.921520,1,15027,46,13,484,15073,25000,14330,14924,594,743,1337,0.950707,0.960198,43,3,0.934783,13,0,1.000000,468,16,0.966942
287,0.218570,59.470000,1.174988,0.000000,0.000000,0.584080,0.002080,0.586160,0.931640,1,14602,52,13,472,14654,25000,13861,14556,695,793,1488,0.945885,0.952253,50,2,0.961538,13,0,1.000000,463,9,0.980932
288,0.244217,61.050000,1.110256,0.000000,0.000000,0.585400,0.001080,0.586480,0.917120,1,14635,27,4,412,14662,25000,13669,14348,679,993,1672,0.932274,0.952676,25,2,0.925926,4,0,1.000000,399,13,0.968447
289,0.203157,56.910000,1.193741,0.000000,0.000000,0.591280,0.001120,0.592400,0.928240,1,14782,28,3,462,14810,25000,14202,14848,646,608,1254,0.958947,0.956492,20,8,0.714286,1,2,0.333333,444,18,0.961039
290,0.217287,58.880000,1.176051,0.000000,0.000000,0.605080,0.001080,0.606160,0.929400,1,15127,27,7,443,15154,25000,14443,14960,517,711,1228,0.953082,0.965441,26,1,0.962963,7,0,1.000000,435,8,0.981941
291,0.165897,59.570000,1.136661,0.000000,0.000000,0.636080,0.001760,0.637840,0.939320,1,15902,44,8,440,15946,25000,15502,15856,354,444,798,0.972156,0.977674,41,3,0.931818,8,0,1.000000,434,6,0.986364
292,0.216893,60.300000,1.129463,0.000000,0.000000,0.595600,0.001040,0.596640,0.917920,1,14890,26,6,494,14916,25000,14130,15056,926,786,1712,0.947305,0.938496,24,2,0.923077,6,0,1.000000,480,14,0.971660
293,0.208086,58.360000,1.193233,0.000000,0.000000,0.581200,0.001720,0.582920,0.930240,1,14530,43,6,473,14573,25000,13792,14320,528,781,1309,0.946408,0.963128,41,2,0.953488,6,0,1.000000,462,11,0.976744
294,0.223844,59.080000,1.155883,0.000000,0.000000,0.575120,0.001920,0.577040,0.904920,1,14378,48,6,534,14426,25000,13603,14436,833,823,1656,0.942950,0.942297,44,4,0.916667,6,0,1.000000,518,16,0.970037
295,0.159379,60.180000,1.149370,0.000000,0.000000,0.622480,0.001040,0.623520,0.940960,1,15562,26,2,473,15588,25000,15355,16016,661,233,894,0.985053,0.958729,23,3,0.884615,2,0,1.000000,463,10,0.978858
296,0.251217,60.820000,1.130427,0.000000,0.000000,0.590840,0.001480,0.592320,0.916240,1,14771,37,4,398,14808,25000,13783,14744,961,1025,1986,0.930781,0.934821,35,2,0.945946,4,0,1.000000,383,15,0.962312
297,0.149230,60.990000,1.130756,0.000000,0.000000,0.612000,0.001920,0.613920,0.930360,1,15300,48,10,628,15348,25000,15044,15756,712,304,1016,0.980193,0.954811,48,0,1.000000,10,0,1.000000,618,10,0.984076
298,0.216769,59.280000,1.148508,0.000000,0.000000,0.578680,0.002000,0.580680,0.920400,1,14467,50,6,544,14517,25000,13902,14784,882,615,1497,0.957636,0.940341,45,5,0.900000,6,0,1.000000,527,17,0.968750
299,0.247125,59.300000,1.163420,0.000000,0.000000,0.624120,0.001280,0.625400,0.891520,1,15603,32,6,405,15635,25000,14668,15180,512,967,1479,0.938152,0.966271,31,1,0.968750,5,1,0.833333,395,10,0.975309
300,0.179302,59.410000,1.144139,0.000000,0.000000,0.599800,0.001240,0.601040,0.938640,1,14995,31,10,489,15026,25000,14507,15092,585,519,1104,0.965460,0.961238,27,4,0.870968,9,1,0.900000,476,13,0.973415
301,0.245524,58.920000,1.167997,0.000000,0.000000,0.612400,0.001240,0.613640,0.905760,1,15310,31,2,491,15341,25000,14289,15112,823,1052,1875,0.931426,0.945540,28,3,0.903226,1,1,0.500000,477,14,0.971487
302,0.192336,60.650000,1.113359,0.000000,0.000000,0.635240,0.001200,0.636440,0.922920,1,15881,30,4,504,15911,25000,15386,16212,826,525,1351,0.967004,0.949050,28,2,0.933333,4,0,1.000000,490,14,0.972222
303,0.189650,60.360000,1.134118,0.000000,0.000000,0.595720,0.001640,0.597360,0.941560,1,14893,41,8,510,14934,25000,14357,14928,571,577,1148,0.961363,0.961750,39,2,0.951220,7,1,0.875000,493,17,0.966667
304,0.136373,59.100000,1.153005,0.000000,0.000000,0.612400,0.001280,0.613680,0.949320,1,15310,32,7,547,15342,25000,15090,15692,602,252,854,0.983575,0.961637,29,3,0.906250,7,0,1.000000,537,10,0.981718
305,0.200717,59.710000,1.144619,0.000000,0.000000,0.629280,0.001080,0.630360,0.937120,1,15732,27,5,483,15759,25000,15050,16064,1014,709,1723,0.955010,0.936877,26,1,0.962963,5,0,1.000000,477,6,0.987578
306,0.150231,56.990000,1.200001,0.000000,0.000000,0.622920,0.001520,0.624440,0.940040,1,15573,38,6,553,15611,25000,15309,15912,603,302,905,0.980655,0.962104,34,4,0.894737,6,0,1.000000,541,12,0.978300
307,0.172045,60.510000,1.129258,0.000000,0.000000,0.584960,0.001320,0.586280,0.937440,1,14624,33,4,620,14657,25000,14126,14604,478,531,1009,0.963772,0.967269,32,1,0.969697,4,0,1.000000,603,17,0.972581
308,0.228314,59.510000,1.142295,0.000000,0.000000,0.629520,0.001400,0.630920,0.918320,1,15738,35,3,514,15773,25000,14829,15436,607,944,1551,0.940151,0.960676,31,4,0.885714,2,1,0.666667,494,20,0.961089
309,0.206049,59.570000,1.137666,0.000000,0.000000,0.603880,0.001720,0.605600,0.923200,1,15097,43,9,519,15140,25000,14419,15120,701,721,1422,0.952378,0.953638,40,3,0.930233,9,0,1.000000,500,19,0.963391
310,0.200803,60.610000,1.128982,0.000000,0.000000,0.624320,0.001040,0.625360,0.919560,1,15608,26,1,508,15634,25000,14900,15468,568,734,1302,0.953051,0.963279,26,0,1.000000,1,0,1.000000,496,12,0.976378
311,0.225286,60.400000,1.106279,0.000000,0.000000,0.603320,0.001480,0.604800,0.913920,1,15083,37,4,562,15120,25000,14348,15000,652,772,1424,0.948942,0.956533,34,3,0.918919,4,0,1.000000,546,16,0.971530
312,0.169403,59.760000,1.147024,0.000000,0.000000,0.631600,0.001560,0.633160,0.946080,1,15790,39,4,558,15829,25000,15360,15752,392,469,861,0.970371,0.975114,37,2,0.948718,4,0,1.000000,541,17,0.969534
313,0.259919,60.700000,1.125174,0.000000,0.000000,0.571640,0.001600,0.573240,0.911160,1,14291,40,6,557,14331,25000,13525,13912,387,806,1193,0.943758,0.972182,38,2,0.950000,6,0,1.000000,536,21,0.962298
314,0.168230,56.280000,1.206753,0.000000,0.000000,0.611200,0.001640,0.612840,0.937720,1,15280,41,4,593,15321,25000,14869,15572,703,452,1155,0.970498,0.954855,38,3,0.926829,4,0,1.000000,581,12,0.979764
315,0.156599,60.550000,1.136806,0.000000,0.000000,0.618160,0.001560,0.619720,0.940720,1,15454,39,5,504,15493,25000,15040,15608,568,453,1021,0.970761,0.963608,38,1,0.974359,5,0,1.000000,497,7,0.986111
316,0.205615,59.590000,1.149734,0.000000,0.000000,0.599040,0.001640,0.600680,0.925800,1,14976,41,10,521,15017,25000,14218,14680,462,799,1261,0.946794,0.968529,39,2,0.951220,10,0,1.000000,503,18,0.965451
317,0.217641,59.950000,1.153797,0.000000,0.000000,0.633640,0.001280,0.634920,0.920880,1,15841,32,2,578,15873,25000,14948,15432,484,925,1409,0.941725,0.968637,30,2,0.937500,2,0,1.000000,566,12,0.979239
318,0.196828,58.460000,1.179822,0.000000,0.000000,0.600960,0.001040,0.602000,0.927720,1,15024,26,4,528,15050,25000,14296,14704,408,754,1162,0.949900,0.972252,23,3,0.884615,4,0,1.000000,511,17,0.967803
319,0.142574,58.690000,1.145646,0.000000,0.000000,0.602120,0.001480,0.603600,0.948760,1,15053,37,2,566,15090,25000,14835,15852,1017,255,1272,0.983101,0.935844,37,0,1.000000,2,0,1.000000,556,10,0.982332
320,0.197243,60.190000,1.139522,0.000000,0.000000,0.605240,0.002080,0.607320,0.927680,1,15131,52,10,622,15183,25000,14616,15152,536,567,1103,0.962656,0.964625,49,3,0.942308,10,0,1.000000,606,16,0.974277
321,0.199715,60.170000,1.127796,0.000000,0.000000,0.572280,0.003120,0.575400,0.920920,1,14307,78,10,651,14385,25000,13765,14640,875,620,1495,0.956900,0.940232,75,3,0.961538,10,0,1.000000,637,14,0.978495
322,0.211687,59.830000,1.121741,0.000000,0.000000,0.589720,0.001760,0.591480,0.920640,1,14743,44,4,481,14787,25000,14042,15020,978,745,1723,0.949618,0.934887,43,1,0.977273,4,0,1.000000,470,11,0.977131
323,0.216581,58.910000,1.175066,0.000000,0.000000,0.565560,0.001840,0.567400,0.919240,1,14139,46,6,529,14185,25000,13468,14080,612,717,1329,0.949454,0.956534,45,1,0.978261,6,0,1.000000,513,16,0.969754
324,0.204305,60.550000,1.135233,0.000000,0.000000,0.621480,0.001240,0.622720,0.925400,1,15537,31,8,594,15568,25000,14851,15248,397,717,1114,0.953944,0.973964,28,3,0.903226,8,0,1.000000,577,17,0.971380
325,0.177623,59.230000,1.156666,0.000000,0.000000,0.585320,0.001320,0.586640,0.936880,1,14633,33,3,559,14666,25000,14195,14892,697,471,1168,0.967885,0.953196,30,3,0.909091,3,0,1.000000,544,15,0.973166
326,0.202987,61.260000,1.099638,0.000000,0.000000,0.623200,0.001480,0.624680,0.929920,1,15580,37,7,588,15617,25000,15109,15740,631,508,1139,0.967471,0.959911,32,5,0.864865,7,0,1.000000,574,14,0.976190
327,0.194647,59.300000,1.143426,0.000000,0.000000,0.600120,0.001960,0.602080,0.918200,1,15003,49,6,691,15052,25000,14508,15344,836,544,1380,0.963859,0.945516,48,1,0.979592,6,0,1.000000,675,16,0.976845
328,0.168985,57.780000,1.169786,0.000000,0.000000,0.584440,0.002960,0.587400,0.938440,1,14611,74,12,667,14685,25000,14145,14804,659,540,1199,0.963228,0.955485,70,4,0.945946,12,0,1.000000,646,21,0.968516
329,0.161564,61.770000,1.099900,0.000000,0.000000,0.565040,0.001360,0.566400,0.935920,1,14126,34,3,642,14160,25000,13846,14468,622,314,936,0.977825,0.957009,32,2,0.941176,3,0,1.000000,628,14,0.978193
330,0.156924,61.730000,1.118818,0.000000,0.000000,0.626160,0.001560,0.627720,0.932760,1,15654,39,3,594,15693,25000,15439,16076,637,254,891,0.983814,0.960376,37,2,0.948718,3,0,1.000000,578,16,0.973064
331,0.221000,61.290000,1.114808,0.000000,0.000000,0.576360,0.001480,0.577840,0.924440,1,14409,37,2,555,14446,25000,13492,14144,652,954,1606,0.933961,0.953903,36,1,0.972973,2,0,1.000000,536,19,0.965766
332,0.203194,60.760000,1.116598,0.000000,0.000000,0.586400,0.001280,0.587680,0.914680,1,14660,32,1,596,14692,25000,13896,14624,728,796,1524,0.945821,0.950219,27,5,0.843750,1,0,1.000000,578,18,0.969799
333,0.208500,58.620000,1.148265,0.000000,0.000000,0.596720,0.001600,0.598320,0.922520,1,14918,40,12,485,14958,25000,14147,15020,873,811,1684,0.945782,0.941877,38,2,0.950000,12,0,1.000000,468,17,0.964948
334,0.173116,59.420000,1.172599,0.000000,0.000000,0.618000,0.002280,0.620280,0.925040,1,15450,57,9,669,15507,25000,14990,15304,314,517,831,0.966660,0.979482,57,0,1.000000,9,0,1.000000,661,8,0.988042
335,0.162878,59.840000,1.148145,0.000000,0.000000,0.584880,0.001720,0.586600,0.938960,1,14622,43,7,512,14665,25000,14134,15056,922,531,1453,0.963791,0.938762,43,0,1.000000,7,0,1.000000,497,15,0.970703
336,0.238713,59.270000,1.145516,0.000000,0.000000,0.580120,0.001560,0.581680,0.911360,1,14503,39,4,634,14542,25000,13547,14224,677,995,1672,0.931577,0.952404,39,0,1.000000,4,0,1.000000,618,16,0.974763
337,0.261203,57.900000,1.197538,0.000000,0.000000,0.625320,0.001440,0.626760,0.910480,1,15633,36,4,582,15669,25000,14701,15520,819,968,1787,0.938222,0.947229,36,0,1.000000,4,0,1.000000,573,9,0.984536
338,0.173397,60.330000,1.131334,0.000000,0.000000,0.568840,0.001080,0.569920,0.939600,1,14221,27,2,471,14248,25000,13772,14552,780,476,1256,0.966592,0.946399,23,4,0.851852,2,0,1.000000,452,19,0.959660
339,0.171903,59.850000,1.150412,0.000000,0.000000,0.602360,0.002400,0.604760,0.925560,1,15059,60,8,702,15119,25000,14516,15064,548,603,1151,0.960116,0.963622,55,5,0.916667,7,1,0.875000,681,21,0.970085
340,0.234720,57.440000,1.186897,0.000000,0.000000,0.576440,0.001800,0.578240,0.914960,1,14411,45,2,645,14456,25000,13487,14108,621,969,1590,0.932969,0.955982,45,0,1.000000,2,0,1.000000,631,14,0.978295
341,0.193759,59.740000,1.148896,0.000000,0.000000,0.601760,0.001880,0.603640,0.932520,1,15044,47,10,622,15091,25000,14363,15060,697,728,1425,0.951759,0.953718,43,4,0.914894,10,0,1.000000,607,15,0.975884
342,0.185360,60.540000,1.122264,0.000000,0.000000,0.592440,0.001400,0.593840,0.940160,1,14811,35,3,534,14846,25000,14133,14768,635,713,1348,0.951974,0.957002,32,3,0.914286,3,0,1.000000,523,11,0.979401
343,0.149850,59.030000,1.194840,0.000000,0.000000,0.626120,0.001440,0.627560,0.928240,1,15653,36,1,577,15689,25000,15246,15736,490,443,933,0.971764,0.968861,33,3,0.916667,1,0,1.000000,568,9,0.984402
344,0.133762,60.490000,1.109970,0.000000,0.000000,0.571480,0.001760,0.573240,0.950200,1,14287,44,6,598,14331,25000,14037,14680,643,294,937,0.979485,0.956199,44,0,1.000000,6,0,1.000000,582,16,0.973244
345,0.148768,60.060000,1.142715,0.000000,0.000000,0.637320,0.001440,0.638760,0.936960,1,15933,36,5,678,15969,25000,15521,16068,547,448,995,0.971946,0.965957,34,2,0.944444,5,0,1.000000,662,16,0.976401
346,0.197675,58.200000,1.177751,0.000000,0.000000,0.618080,0.002160,0.620240,0.920760,1,15452,54,10,611,15506,25000,14745,15392,647,761,1408,0.950922,0.957965,52,2,0.962963,10,0,1.000000,595,16,0.973813
347,0.172462,60.950000,1.131764,0.000000,0.000000,0.624040,0.001440,0.625480,0.922960,1,15601,36,3,582,15637,25000,15100,15772,672,537,1209,0.965658,0.957393,34,2,0.944444,3,0,1.000000,566,16,0.972509
348,0.214898,61.240000,1.125611,0.000000,0.000000,0.597800,0.001800,0.599600,0.918400,1,14945,45,3,683,14990,25000,14186,14680,494,804,1298,0.946364,0.966349,41,4,0.911111,3,0,1.000000,668,15,0.978038
349,0.194787,60.080000,1.135733,0.000000,0.000000,0.606320,0.001440,0.607760,0.932160,1,15158,36,3,585,15194,25000,14675,15256,581,519,1100,0.965842,0.961917,33,3,0.916667,2,1,0.666667,574,11,0.981197
350,0.189600,57.600000,1.174366,0.000000,0.000000,0.590160,0.002520,0.592680,0.917520,1,14754,63,9,764,14817,25000,14255,14740,485,562,1047,0.962071,0.967096,58,5,0.920635,8,1,0.888889,747,17,0.977749
351,0.221711,60.580000,1.140991,0.000000,0.000000,0.600760,0.002240,0.603000,0.918240,1,15019,56,3,661,15075,25000,14349,14764,415,726,1141,0.951841,0.971891,56,0,1.000000,3,0,1.000000,649,12,0.981846
352,0.176877,58.400000,1.193344,0.000000,0.000000,0.620560,0.001440,0.622000,0.930000,1,15514,36,5,666,15550,25000,15035,15348,313,515,828,0.966881,0.979606,35,1,0.972222,5,0,1.000000,653,13,0.980480
353,0.216246,60.530000,1.112225,0.000000,0.000000,0.638720,0.000920,0.639640,0.911400,1,15968,23,1,560,15991,25000,15058,15820,762,933,1695,0.941655,0.951833,20,3,0.869565,1,0,1.000000,544,16,0.971429
354,0.195146,60.120000,1.143998,0.000000,0.000000,0.576560,0.002240,0.578800,0.926000,1,14414,56,2,647,14470,25000,13724,14080,356,746,1102,0.948445,0.974716,50,6,0.892857,2,0,1.000000,627,20,0.969088
355,0.209532,61.520000,1.107402,0.000000,0.000000,0.629040,0.002000,0.631040,0.926440,1,15726,50,8,560,15776,25000,14846,15520,674,930,1604,0.941050,0.956572,47,3,0.940000,7,1,0.875000,545,15,0.973214
356,0.198566,61.240000,1.106146,0.000000,0.000000,0.633320,0.002080,0.635400,0.920040,1,15833,52,4,702,15885,25000,15155,15788,633,730,1363,0.954045,0.959906,51,1,0.980769,4,0,1.000000,683,19,0.972934
357,0.199882,58.870000,1.173786,0.000000,0.000000,0.626440,0.001440,0.627880,0.925120,1,15661,36,10,581,15697,25000,14965,15496,531,732,1263,0.953367,0.965733,34,2,0.944444,10,0,1.000000,567,14,0.975904
358,0.169750,59.690000,1.143549,0.000000,0.000000,0.630760,0.002120,0.632880,0.937560,1,15769,53,6,687,15822,25000,15277,15888,611,545,1156,0.965554,0.961543,50,3,0.943396,6,0,1.000000,673,14,0.979622
359,0.151677,60.030000,1.155218,0.000000,0.000000,0.583400,0.001320,0.584720,0.941160,1,14585,33,3,680,14618,25000,14310,14780,470,308,778,0.978930,0.968200,27,6,0.818182,3,0,1.000000,660,20,0.970588
360,0.186285,58.800000,1.146934,0.000000,0.000000,0.582240,0.001680,0.583920,0.933160,1,14556,42,6,628,14598,25000,13848,14344,496,750,1246,0.948623,0.965421,39,3,0.928571,6,0,1.000000,612,16,0.974522
361,0.230851,60.310000,1.130713,0.000000,0.000000,0.605720,0.001320,0.607040,0.916760,1,15143,33,2,678,15176,25000,14163,14712,549,1013,1562,0.933250,0.962684,30,3,0.909091,2,0,1.000000,657,21,0.969027
362,0.134137,60.180000,1.143132,0.000000,0.000000,0.617200,0.001600,0.618800,0.947440,1,15430,40,3,560,15470,25000,15239,15836,597,231,828,0.985068,0.962301,35,5,0.875000,3,0,1.000000,548,12,0.978571
363,0.193843,60.410000,1.119369,0.000000,0.000000,0.586000,0.001520,0.587520,0.929880,1,14650,38,4,559,14688,25000,13937,14568,631,751,1382,0.948870,0.956686,33,5,0.868421,3,1,0.750000,545,14,0.974955
364,0.147876,60.960000,1.127143,0.000000,0.000000,0.607640,0.002680,0.610320,0.938320,1,15191,67,3,775,15258,25000,14936,15492,556,322,878,0.978896,0.964111,64,3,0.955224,3,0,1.000000,760,15,0.980645
365,0.225871,61.770000,1.110597,0.000000,0.000000,0.551960,0.002160,0.554120,0.916360,1,13799,54,4,663,13853,25000,12814,13268,454,1039,1493,0.924998,0.965782,46,8,0.851852,1,3,0.250000,640,23,0.965309
366,0.226532,59.770000,1.138439,0.000000,0.000000,0.618640,0.001800,0.620440,0.923640,1,15466,45,8,709,15511,25000,14515,14980,465,996,1461,0.935788,0.968959,38,7,0.844444,7,1,0.875000,686,23,0.967560
367,0.178830,60.020000,1.130203,0.000000,0.000000,0.630520,0.001480,0.632000,0.929600,1,15763,37,2,681,15800,25000,15087,15776,689,713,1402,0.954873,0.956326,33,4,0.891892,2,0,1.000000,666,15,0.977974
368,0.199337,61.370000,1.116844,0.000000,0.000000,0.621200,0.002440,0.623640,0.917240,1,15530,61,4,671,15591,25000,14845,15484,639,746,1385,0.952152,0.958732,56,5,0.918033,4,0,1.000000,653,18,0.973174
369,0.171496,60.160000,1.138923,0.000000,0.000000,0.613440,0.001760,0.615200,0.936240,1,15336,44,4,720,15380,25000,14849,15332,483,531,1014,0.965475,0.968497,39,5,0.886364,4,0,1.000000,705,15,0.979167
370,0.139751,57.940000,1.172365,0.000000,0.000000,0.598960,0.002200,0.601160,0.943760,1,14974,55,4,739,15029,25000,14749,15200,451,280,731,0.981369,0.970329,51,4,0.927273,3,1,0.750000,721,18,0.975643
371,0.168320,61.350000,1.107369,0.000000,0.000000,0.623680,0.002360,0.626040,0.938960,1,15592,59,3,636,15651,25000,15187,15684,497,464,961,0.970353,0.968312,57,2,0.966102,3,0,1.000000,622,14,0.977987
372,0.244997,61.350000,1.109660,0.000000,0.000000,0.593560,0.001840,0.595400,0.917800,1,14839,46,8,642,14885,25000,13876,14480,604,1009,1613,0.932214,0.958287,43,3,0.934783,7,1,0.875000,625,17,0.973520
373,0.191120,61.410000,1.101752,0.000000,0.000000,0.612200,0.001040,0.613240,0.919280,1,15305,26,2,608,15331,25000,14580,15148,568,751,1319,0.951014,0.962503,22,4,0.846154,2,0,1.000000,587,21,0.965461
374,0.210252,57.130000,1.189849,0.000000,0.000000,0.619240,0.001600,0.620840,0.936480,1,15481,40,1,734,15521,25000,14788,15288,500,733,1233,0.952774,0.967295,39,1,0.975000,1,0,1.000000,715,19,0.974114
375,0.145797,58.820000,1.170112,0.000000,0.000000,0.651160,0.001400,0.652560,0.938320,1,16279,35,6,537,16314,25000,15860,16712,852,454,1306,0.972171,0.949019,31,4,0.885714,6,0,1.000000,526,11,0.979516
376,0.151032,57.870000,1.192290,0.000000,0.000000,0.608960,0.002120,0.611080,0.928320,1,15224,53,8,700,15277,25000,14973,15536,563,304,867,0.980101,0.963762,49,4,0.924528,8,0,1.000000,680,20,0.971429
377,0.155656,58.250000,1.177871,0.000000,0.000000,0.629560,0.002600,0.632160,0.935960,1,15739,65,9,683,15804,25000,15357,15884,527,447,974,0.971716,0.966822,60,5,0.923077,9,0,1.000000,665,18,0.973646
378,0.193462,60.570000,1.139404,0.000000,0.000000,0.614440,0.002000,0.616440,0.922320,1,15361,50,2,719,15411,25000,14723,15412,689,688,1377,0.955357,0.955295,42,8,0.840000,2,0,1.000000,699,20,0.972184
379,0.214564,58.340000,1.186046,0.000000,0.000000,0.617440,0.001880,0.619320,0.930800,1,15436,47,6,598,15483,25000,14572,15180,608,911,1519,0.941161,0.959947,43,4,0.914894,5,1,0.833333,580,18,0.969900
380,0.196160,60.370000,1.130834,0.000000,0.000000,0.568520,0.002400,0.570920,0.908160,1,14213,60,2,819,14273,25000,13706,14352,646,567,1213,0.960275,0.954989,52,8,0.866667,2,0,1.000000,793,26,0.968254
381,0.181606,59.960000,1.140963,0.000000,0.000000,0.611800,0.001640,0.613440,0.926920,1,15295,41,6,706,15336,25000,14760,15196,436,576,1012,0.962441,0.971308,37,4,0.902439,5,1,0.833333,688,18,0.974504
382,0.227599,59.790000,1.153093,0.000000,0.000000,0.612440,0.001960,0.614400,0.918520,1,15311,49,10,823,15360,25000,14450,15012,562,910,1472,0.940755,0.962563,45,4,0.918367,9,1,0.900000,799,24,0.970838
383,0.210440,61.380000,1.106397,0.000000,0.000000,0.586960,0.002320,0.589280,0.914760,1,14674,58,7,768,14732,25000,13823,14484,661,909,1570,0.938298,0.954363,53,5,0.913793,6,1,0.857143,745,23,0.970052
384,0.232225,60.830000,1.128139,0.000000,0.000000,0.581960,0.002080,0.584040,0.919760,1,14549,52,5,713,14601,25000,13554,13992,438,1047,1485,0.928293,0.968696,47,5,0.903846,5,0,1.000000,685,28,0.960729
385,0.165040,60.460000,1.134852,0.000000,0.000000,0.576240,0.002440,0.578680,0.937000,1,14406,61,8,716,14467,25000,13922,14372,450,545,995,0.962328,0.968689,57,4,0.934426,8,0,1.000000,694,22,0.969274
386,0.143986,60.530000,1.115958,0.000000,0.000000,0.582960,0.001960,0.584920,0.934520,1,14574,49,5,738,14623,25000,14321,15120,799,302,1101,0.979348,0.947156,46,3,0.938776,4,1,0.800000,715,23,0.968835
387,0.218582,61.640000,1.104465,0.000000,0.000000,0.611200,0.002320,0.613520,0.925000,1,15280,58,6,777,15338,25000,14751,15236,485,587,1072,0.961729,0.968167,55,3,0.948276,6,0,1.000000,750,27,0.965251
388,0.161147,60.070000,1.163443,0.000000,0.000000,0.636040,0.001840,0.637880,0.941280,1,15901,46,5,801,15947,25000,15441,16060,619,506,1125,0.968270,0.961457,40,6,0.869565,4,1,0.800000,778,23,0.971286
389,0.221487,61.020000,1.119524,0.000000,0.000000,0.593080,0.002640,0.595720,0.913280,1,14827,66,10,680,14893,25000,14052,14832,780,841,1621,0.943531,0.947411,63,3,0.954545,9,1,0.900000,663,17,0.975000
390,0.180772,60.840000,1.113111,0.000000,0.000000,0.617080,0.003160,0.620240,0.928760,1,15427,79,5,749,15506,25000,14892,15304,412,614,1026,0.960402,0.973079,73,6,0.924051,5,0,1.000000,727,22,0.970628
391,0.188152,61.440000,1.101174,0.000000,0.000000,0.599400,0.002080,0.601480,0.938040,1,14985,52,5,733,15037,25000,14311,15068,757,726,1483,0.951719,0.949761,49,3,0.942308,5,0,1.000000,708,25,0.965894
392,0.194516,59.250000,1.131907,0.000000,0.000000,0.615200,0.002360,0.617560,0.911280,1,15380,59,4,723,15439,25000,14658,15476,818,781,1599,0.949414,0.947144,53,6,0.898305,3,1,0.750000,695,28,0.961272
393,0.183644,62.000000,1.090306,0.000000,0.000000,0.562440,0.001840,0.564280,0.925480,1,14061,46,6,662,14107,25000,13596,14188,592,511,1103,0.963777,0.958275,40,6,0.869565,4,2,0.666667,638,24,0.963746
394,0.142413,61.900000,1.113801,0.000000,0.000000,0.613760,0.001280,0.615040,0.941920,1,15344,32,4,778,15376,25000,14887,15628,741,489,1230,0.968197,0.952585,24,8,0.750000,2,2,0.500000,754,24,0.969152
395,0.272657,59.910000,1.128290,0.000000,0.000000,0.609120,0.001200,0.610320,0.890720,1,15228,30,0,780,15258,25000,14232,14768,536,1026,1562,0.932757,0.963705,21,9,0.700000,0,0,0.000000,752,28,0.964103
396,0.168346,60.420000,1.127447,0.000000,0.000000,0.600720,0.002960,0.603680,0.937520,1,15018,74,15,752,15092,25000,14527,15152,625,565,1190,0.962563,0.958751,71,3,0.959459,15,0,1.000000,731,21,0.972074
397,0.211742,59.440000,1.152211,0.000000,0.000000,0.575000,0.002400,0.577400,0.931920,1,14375,60,5,755,14435,25000,13639,14240,601,796,1397,0.944856,0.957795,55,5,0.916667,5,0,1.000000,721,34,0.954967
398,0.123755,58.220000,1.172028,0.000000,0.000000,0.563520,0.002040,0.565560,0.956720,1,14088,51,2,730,14139,25000,13867,14560,693,272,965,0.980762,0.952404,46,5,0.901961,2,0,1.000000,705,25,0.965753
399,0.210657,62.280000,1.100785,0.000000,0.000000,0.606680,0.001760,0.608440,0.927720,1,15167,44,3,680,15211,25000,14286,14936,650,925,1575,0.939189,0.956481,40,4,0.909091,3,0,1.000000,656,24,0.964706
400,0.188943,57.700000,1.182689,0.000000,0.000000,0.617800,0.001920,0.619720,0.933080,1,15445,48,3,740,15493,25000,14739,15244,505,754,1259,0.951333,0.966872,43,5,0.895833,3,0,1.000000,718,22,0.970270
401,0.177024,60.220000,1.115806,0.000000,0.000000,0.605040,0.002360,0.607400,0.909200,1,15126,59,6,866,15185,25000,14687,14996,309,498,807,0.967204,0.979395,51,8,0.864407,6,0,1.000000,831,35,0.959584
402,0.244019,59.640000,1.147747,0.000000,0.000000,0.592400,0.002040,0.594440,0.908520,1,14810,51,6,931,14861,25000,14108,14580,472,753,1225,0.949330,0.967627,45,6,0.882353,6,0,1.000000,893,38,0.959184
403,0.220180,59.290000,1.150584,0.000000,0.000000,0.605160,0.003040,0.608200,0.917480,1,15129,76,4,799,15205,25000,14164,14668,504,1041,1545,0.931536,0.965639,69,7,0.907895,4,0,1.000000,772,27,0.966208
404,0.190070,61.250000,1.112070,0.000000,0.000000,0.612760,0.002200,0.614960,0.930600,1,15319,55,7,748,15374,25000,14869,15352,483,505,988,0.967152,0.968538,52,3,0.945455,6,1,0.857143,727,21,0.971925
405,0.218419,58.730000,1.162714,0.000000,0.000000,0.597960,0.001920,0.599880,0.923200,1,14949,48,1,898,14997,25000,14188,14748,560,809,1369,0.946056,0.962029,41,7,0.854167,1,0,1.000000,866,32,0.964365
406,0.165152,60.930000,1.132061,0.000000,0.000000,0.599080,0.002440,0.601520,0.935960,1,14977,61,8,868,15038,25000,14494,14964,470,544,1014,0.963825,0.968591,58,3,0.950820,8,0,1.000000,842,26,0.970046
407,0.160330,60.700000,1.137483,0.000000,0.000000,0.621680,0.001800,0.623480,0.935560,1,15542,45,4,789,15587,25000,15085,15336,251,502,753,0.967794,0.983633,42,3,0.933333,4,0,1.000000,763,26,0.967047
408,0.216314,59.860000,1.126072,0.000000,0.000000,0.577360,0.002200,0.579560,0.915080,1,14434,55,3,808,14489,25000,13727,14272,545,762,1307,0.947408,0.961813,47,8,0.854545,3,0,1.000000,787,21,0.974010
409,0.210524,60.640000,1.131514,0.000000,0.000000,0.627560,0.001960,0.629520,0.919920,1,15689,49,12,719,15738,25000,14760,15440,680,978,1658,0.937857,0.955959,47,2,0.959184,11,1,0.916667,692,27,0.962448
410,0.190820,60.400000,1.130689,0.000000,0.000000,0.618760,0.002360,0.621120,0.911440,1,15469,59,10,858,15528,25000,14750,15420,670,778,1448,0.949897,0.956550,55,4,0.932203,8,2,0.800000,834,24,0.972028
411,0.173237,58.390000,1.179864,0.000000,0.000000,0.572600,0.002200,0.574800,0.924120,1,14315,55,3,851,14370,25000,13802,14088,286,568,854,0.960473,0.979699,51,4,0.927273,3,0,1.000000,822,29,0.965922
412,0.204895,59.060000,1.167659,0.000000,0.000000,0.627400,0.003640,0.631040,0.934560,1,15685,91,10,883,15776,25000,15060,15624,564,716,1280,0.954615,0.963902,89,2,0.978022,10,0,1.000000,857,26,0.970555
413,0.198952,60.670000,1.124210,0.000000,0.000000,0.596120,0.002320,0.598440,0.900680,1,14903,58,14,855,14961,25000,14218,14812,594,743,1337,0.950338,0.959897,54,4,0.931034,14,0,1.000000,829,26,0.969591
414,0.163423,60.600000,1.136657,0.000000,0.000000,0.629320,0.002480,0.631800,0.927040,1,15733,62,7,973,15795,25000,15264,15612,348,531,879,0.966382,0.977709,57,5,0.919355,7,0,1.000000,942,31,0.968140
415,0.170681,60.970000,1.131473,0.000000,0.000000,0.630120,0.002120,0.632240,0.929200,1,15753,53,5,911,15806,25000,15282,16024,742,524,1266,0.966848,0.953694,46,7,0.867925,4,1,0.800000,874,37,0.959385
416,0.179954,61.070000,1.125906,0.000000,0.000000,0.585760,0.002560,0.588320,0.926160,1,14644,64,14,705,14708,25000,13942,14860,918,766,1684,0.947919,0.938223,56,8,0.875000,14,0,1.000000,675,30,0.957447
417,0.158508,61.890000,1.107729,0.000000,0.000000,0.611840,0.001920,0.613760,0.942480,1,15296,48,3,774,15344,25000,14819,15360,541,525,1066,0.965785,0.964779,43,5,0.895833,3,0,1.000000,748,26,0.966408
418,0.179080,59.920000,1.139756,0.000000,0.000000,0.563360,0.001720,0.565080,0.917400,1,14084,43,4,1007,14127,25000,13543,14152,609,584,1193,0.958661,0.956967,37,6,0.860465,4,0,1.000000,975,32,0.968222
419,0.191577,61.910000,1.115771,0.000000,0.000000,0.626560,0.001760,0.628320,0.933760,1,15664,44,6,818,15708,25000,14943,15404,461,765,1226,0.951299,0.970073,37,7,0.840909,6,0,1.000000,788,30,0.963325
420,0.176036,60.420000,1.126508,0.000000,0.000000,0.616200,0.002080,0.618280,0.935200,1,15405,52,3,855,15457,25000,14758,15440,682,699,1381,0.954778,0.955829,47,5,0.903846,3,0,1.000000,827,28,0.967251
421,0.157474,62.600000,1.085658,0.000000,0.000000,0.595600,0.001840,0.597440,0.942400,1,14890,46,5,737,14936,25000,14422,15172,750,514,1264,0.965587,0.950567,45,1,0.978261,5,0,1.000000,711,26,0.964722
422,0.190945,62.820000,1.079461,0.000000,0.000000,0.554320,0.002080,0.556400,0.912720,1,13858,52,2,910,13910,25000,13293,13908,615,617,1232,0.955643,0.955781,47,5,0.903846,2,0,1.000000,880,30,0.967033
423,0.175842,57.570000,1.231520,0.000000,0.000000,0.595960,0.001720,0.597680,0.937880,1,14899,43,3,835,14942,25000,14242,14720,478,700,1178,0.953152,0.967527,40,3,0.930233,3,0,1.000000,806,29,0.965269
424,0.167865,60.750000,1.131416,0.000000,0.000000,0.637880,0.002280,0.640160,0.945320,1,15947,57,7,816,16004,25000,15440,16100,660,564,1224,0.964759,0.959006,53,4,0.929825,7,0,1.000000,790,26,0.968137
425,0.195231,60.290000,1.111188,0.000000,0.000000,0.569000,0.001760,0.570760,0.933280,1,14225,44,2,842,14269,25000,13500,14228,728,769,1497,0.946107,0.948833,42,2,0.954545,2,0,1.000000,813,29,0.965558
426,0.188700,60.060000,1.123846,0.000000,0.000000,0.586360,0.003160,0.589520,0.911320,1,14659,79,5,865,14738,25000,14092,14428,336,646,982,0.956168,0.976712,71,8,0.898734,5,0,1.000000,830,35,0.959538
427,0.158303,60.340000,1.128363,0.000000,0.000000,0.597640,0.002560,0.600200,0.937920,1,14941,64,9,971,15005,25000,14620,15364,744,385,1129,0.974342,0.951575,61,3,0.953125,8,1,0.888889,947,24,0.975283
428,0.202430,61.480000,1.085676,0.000000,0.000000,0.581680,0.001600,0.583280,0.932080,1,14542,40,3,702,14582,25000,13764,14128,364,818,1182,0.943903,0.974236,33,7,0.825000,3,0,1.000000,665,37,0.947293
429,0.132171,59.840000,1.146786,0.000000,0.000000,0.608240,0.002520,0.610760,0.948680,1,15206,63,4,881,15269,25000,14927,15572,645,342,987,0.977602,0.958580,57,6,0.904762,4,0,1.000000,855,26,0.970488
430,0.225265,60.760000,1.125240,0.000000,0.000000,0.622760,0.002560,0.625320,0.915000,1,15569,64,2,949,15633,25000,14809,15256,447,824,1271,0.947291,0.970700,56,8,0.875000,2,0,1.000000,918,31,0.967334
431,0.189849,60.200000,1.139451,0.000000,0.000000,0.599400,0.002240,0.601640,0.920760,1,14985,56,2,816,15041,25000,14297,14668,371,744,1115,0.950535,0.974707,52,4,0.928571,2,0,1.000000,781,35,0.957108
432,0.181102,61.530000,1.086626,0.000000,0.000000,0.608160,0.002520,0.610680,0.929000,1,15204,63,4,842,15267,25000,14540,14972,432,727,1159,0.952381,0.971146,55,8,0.873016,4,0,1.000000,818,24,0.971496
433,0.198671,58.190000,1.172876,0.000000,0.000000,0.593240,0.002520,0.595760,0.919080,1,14831,63,6,890,14894,25000,14118,14584,466,776,1242,0.947898,0.968047,58,5,0.920635,5,1,0.833333,853,37,0.958427
434,0.201256,60.970000,1.118352,0.000000,0.000000,0.592680,0.003040,0.595720,0.910080,1,14817,76,8,899,14893,25000,14107,14708,601,786,1387,0.947224,0.959138,71,5,0.934211,8,0,1.000000,870,29,0.967742
435,0.133443,59.610000,1.139833,0.000000,0.000000,0.600760,0.003000,0.603760,0.945880,1,15019,75,7,910,15094,25000,14780,15496,716,314,1030,0.979197,0.953795,71,4,0.946667,7,0,1.000000,888,22,0.975824
436,0.229629,61.510000,1.105423,0.000000,0.000000,0.646000,0.002040,0.648040,0.903800,1,16150,51,6,904,16201,25000,15227,15760,533,974,1507,0.939880,0.966180,48,3,0.941176,5,1,0.833333,875,29,0.967920
437,0.217863,60.990000,1.114330,0.000000,0.000000,0.628120,0.002640,0.630760,0.922920,1,15703,66,5,860,15769,25000,14955,15356,401,814,1215,0.948380,0.973886,57,9,0.863636,5,0,1.000000,831,29,0.966279
438,0.193009,59.920000,1.160972,0.000000,0.000000,0.650280,0.002520,0.652800,0.917920,1,16257,63,8,924,16320,25000,15559,16136,577,761,1338,0.953370,0.964241,57,6,0.904762,7,1,0.875000,895,29,0.968615
439,0.152025,59.500000,1.172596,0.000000,0.000000,0.658480,0.002840,0.661320,0.928360,1,16462,71,11,926,16533,25000,16028,16336,308,505,813,0.969455,0.981146,66,5,0.929577,11,0,1.000000,888,38,0.958963
440,0.151876,59.480000,1.132708,0.000000,0.000000,0.638120,0.001920,0.640040,0.949040,1,15953,48,5,971,16001,25000,15706,16288,582,295,877,0.981564,0.964268,46,2,0.958333,5,0,1.000000,944,27,0.972194
441,0.227418,60.440000,1.125109,0.000000,0.000000,0.610560,0.002640,0.613200,0.907080,1,15264,66,7,871,15330,25000,14402,14808,406,928,1334,0.939465,0.972582,64,2,0.969697,7,0,1.000000,849,22,0.974742
442,0.121234,62.190000,1.078040,0.000000,0.000000,0.615720,0.001640,0.617360,0.949800,1,15393,41,2,764,15434,25000,15137,15720,583,297,880,0.980757,0.962913,38,3,0.926829,2,0,1.000000,735,29,0.962042
443,0.148830,61.560000,1.099210,0.000000,0.000000,0.564320,0.002400,0.566720,0.945160,1,14108,60,7,808,14168,25000,13660,14068,408,508,916,0.964145,0.970998,51,9,0.850000,7,0,1.000000,779,29,0.964109
444,0.161253,60.260000,1.134154,0.000000,0.000000,0.590080,0.001600,0.591680,0.943560,1,14752,40,5,973,14792,25000,14311,14756,445,481,926,0.967482,0.969843,38,2,0.950000,4,1,0.800000,944,29,0.970195
445,0.163115,63.060000,1.068069,0.000000,0.000000,0.575160,0.002040,0.577200,0.940680,1,14379,51,8,781,14430,25000,13913,14464,551,517,1068,0.964172,0.961905,44,7,0.862745,8,0,1.000000,749,32,0.959027
446,0.152673,61.880000,1.104064,0.000000,0.000000,0.639840,0.001760,0.641600,0.941480,1,15996,44,4,914,16040,25000,15596,15900,304,444,748,0.972319,0.980881,44,0,1.000000,4,0,1.000000,883,31,0.966083
447,0.111752,61.770000,1.100893,0.000000,0.000000,0.594560,0.002760,0.597320,0.955960,1,14864,69,8,939,14933,25000,14678,15152,474,255,729,0.982924,0.968717,65,4,0.942029,8,0,1.000000,906,33,0.964856
448,0.190155,61.490000,1.115793,0.000000,0.000000,0.552880,0.003320,0.556200,0.931080,1,13822,83,5,986,13905,25000,13309,13616,307,596,903,0.957138,0.977453,73,10,0.879518,5,0,1.000000,948,38,0.961460
449,0.189425,61.220000,1.113671,0.000000,0.000000,0.586520,0.003000,0.589520,0.921960,1,14663,75,2,954,14738,25000,13967,14520,553,771,1324,0.947686,0.961915,72,3,0.960000,2,0,1.000000,922,32,0.966457
450,0.212022,60.420000,1.122754,0.000000,0.000000,0.611320,0.002880,0.614200,0.921640,1,15283,72,10,1127,15355,25000,14526,15152,626,829,1455,0.946011,0.958685,68,4,0.944444,10,0,1.000000,1090,37,0.967169
451,0.174132,62.610000,1.077597,0.000000,0.000000,0.577280,0.002520,0.579800,0.920760,1,14432,63,3,822,14495,25000,13942,14336,394,553,947,0.961849,0.972517,58,5,0.920635,3,0,1.000000,797,25,0.969586
452,0.168833,61.520000,1.108116,0.000000,0.000000,0.652040,0.001200,0.653240,0.929280,1,16301,30,4,900,16331,25000,15581,16032,451,750,1201,0.954075,0.971869,25,5,0.833333,3,1,0.750000,868,32,0.964444
453,0.227179,60.830000,1.118251,0.000000,0.000000,0.589440,0.002320,0.591760,0.909280,1,14736,58,6,990,14794,25000,13990,14560,570,804,1374,0.945654,0.960852,54,4,0.931034,6,0,1.000000,955,35,0.964646
454,0.213376,61.670000,1.107276,0.000000,0.000000,0.613840,0.002160,0.616000,0.906640,1,15346,54,4,1053,15400,25000,14425,14860,435,975,1410,0.936688,0.970727,46,8,0.851852,4,0,1.000000,1013,40,0.962013
455,0.206496,59.510000,1.135292,0.000000,0.000000,0.572440,0.001960,0.574400,0.925240,1,14311,49,2,974,14360,25000,13539,13992,453,821,1274,0.942827,0.967624,41,8,0.836735,2,0,1.000000,936,38,0.960986
456,0.186590,61.570000,1.094904,0.000000,0.000000,0.563640,0.004200,0.567840,0.919920,1,14091,105,16,969,14196,25000,13574,14248,674,622,1296,0.956185,0.952695,94,11,0.895238,16,0,1.000000,933,36,0.962848
457,0.194899,62.380000,1.076755,0.000000,0.000000,0.601240,0.002320,0.603560,0.906960,1,15031,58,5,838,15089,25000,14322,14676,354,767,1121,0.949168,0.975879,52,6,0.896552,5,0,1.000000,808,30,0.964200
458,0.184935,59.450000,1.158391,0.000000,0.000000,0.610040,0.002120,0.612160,0.928000,1,15251,53,8,1123,15304,25000,14613,15104,491,691,1182,0.954848,0.967492,47,6,0.886792,8,0,1.000000,1094,29,0.974176
459,0.204282,61.020000,1.115269,0.000000,0.000000,0.599760,0.002040,0.601800,0.925040,1,14994,51,5,911,15045,25000,14229,14772,543,816,1359,0.945763,0.963241,47,4,0.921569,5,0,1.000000,881,30,0.967069
460,0.224255,62.210000,1.097762,0.000000,0.000000,0.603640,0.002880,0.606520,0.917200,1,15091,72,6,1022,15163,25000,14196,14720,524,967,1491,0.936226,0.964402,69,3,0.958333,6,0,1.000000,992,30,0.970646
461,0.135154,61.420000,1.095406,0.000000,0.000000,0.609400,0.002040,0.611440,0.939600,1,15235,51,9,837,15286,25000,14827,15380,553,459,1012,0.969973,0.964044,44,7,0.862745,9,0,1.000000,807,30,0.964158
462,0.244821,61.040000,1.127213,0.000000,0.000000,0.585800,0.001680,0.587480,0.907120,1,14645,42,3,905,14687,25000,13714,14152,438,973,1411,0.933751,0.969050,40,2,0.952381,3,0,1.000000,881,24,0.973481
463,0.205157,59.410000,1.165767,0.000000,0.000000,0.601080,0.001880,0.602960,0.931600,1,15027,47,8,943,15074,25000,14222,14680,458,852,1310,0.943479,0.968801,39,8,0.829787,8,0,1.000000,909,34,0.963945
464,0.166349,62.000000,1.104958,0.000000,0.000000,0.626720,0.002400,0.629120,0.930360,1,15668,60,15,1002,15728,25000,15242,15524,282,486,768,0.969100,0.981835,57,3,0.950000,14,1,0.933333,966,36,0.964072
465,0.231369,60.640000,1.100795,0.000000,0.000000,0.617560,0.002320,0.619880,0.911840,1,15439,58,6,932,15497,25000,14732,15196,464,765,1229,0.950636,0.969466,56,2,0.965517,6,0,1.000000,900,32,0.965665
466,0.176030,61.390000,1.103949,0.000000,0.000000,0.612280,0.002680,0.614960,0.929080,1,15307,67,5,1247,15374,25000,14912,15428,516,462,978,0.969949,0.966554,59,8,0.880597,4,1,0.800000,1204,43,0.965517
467,0.205613,61.830000,1.087510,0.000000,0.000000,0.647160,0.003840,0.651000,0.924000,1,16179,96,4,990,16275,25000,15322,15656,334,953,1287,0.941444,0.978666,86,10,0.895833,4,0,1.000000,956,34,0.965657
468,0.189862,62.120000,1.077346,0.000000,0.000000,0.591320,0.003120,0.594440,0.920360,1,14783,78,8,1016,14861,25000,14185,14788,603,676,1279,0.954512,0.959224,70,8,0.897436,8,0,1.000000,978,38,0.962598
469,0.212152,61.220000,1.102728,0.000000,0.000000,0.638880,0.002040,0.640920,0.919200,1,15972,51,4,1066,16023,25000,15233,15828,595,790,1385,0.950696,0.962408,47,4,0.921569,4,0,1.000000,1029,37,0.965291
470,0.173447,61.990000,1.089123,0.000000,0.000000,0.635560,0.001920,0.637480,0.917760,1,15889,48,4,917,15937,25000,15303,15808,505,634,1139,0.960218,0.968054,43,5,0.895833,4,0,1.000000,883,34,0.962923
471,0.123555,62.020000,1.094557,0.000000,0.000000,0.628960,0.002600,0.631560,0.945440,1,15724,65,2,1016,15789,25000,15501,15796,295,288,583,0.981759,0.981324,53,12,0.815385,2,0,1.000000,979,37,0.963583
472,0.230529,61.490000,1.094632,0.000000,0.000000,0.598400,0.002120,0.600520,0.917800,1,14960,53,2,808,15013,25000,14076,14508,432,937,1369,0.937587,0.970223,46,7,0.867925,1,1,0.500000,779,29,0.964109
473,0.178431,61.580000,1.092457,0.000000,0.000000,0.652080,0.002200,0.654280,0.941080,1,16302,55,8,890,16357,25000,15673,15960,287,684,971,0.958183,0.982018,50,5,0.909091,8,0,1.000000,863,27,0.969663
474,0.192991,61.850000,1.094443,0.000000,0.000000,0.591160,0.002680,0.593840,0.922680,1,14779,67,6,984,14846,25000,14200,14476,276,646,922,0.956487,0.980934,62,5,0.925373,6,0,1.000000,945,39,0.960366
475,0.168991,61.690000,1.099882,0.000000,0.000000,0.646280,0.002080,0.648360,0.922600,1,16157,52,1,834,16209,25000,15490,15888,398,719,1117,0.955642,0.974950,46,6,0.884615,0,1,0.000000,808,26,0.968825
476,0.162365,61.600000,1.096382,0.000000,0.000000,0.611160,0.001840,0.613000,0.923000,1,15279,46,0,918,15325,25000,14782,15264,482,543,1025,0.964568,0.968422,40,6,0.869565,0,0,0.000000,880,38,0.958606
477,0.218220,61.930000,1.097302,0.000000,0.000000,0.615400,0.001960,0.617360,0.906480,1,15385,49,4,1013,15434,25000,14399,14676,277,1035,1312,0.932940,0.981126,45,4,0.918367,4,0,1.000000,976,37,0.963475
478,0.126887,61.480000,1.114915,0.000000,0.000000,0.595600,0.002600,0.598200,0.949520,1,14890,65,4,982,14955,25000,14617,14848,231,338,569,0.977399,0.984442,54,11,0.830769,4,0,1.000000,945,37,0.962322
479,0.229683,61.240000,1.102116,0.000000,0.000000,0.612840,0.001520,0.614360,0.910480,1,15321,38,2,847,15359,25000,14334,14780,446,1025,1471,0.933264,0.969824,28,10,0.736842,2,0,1.000000,815,32,0.962220
480,0.223991,60.610000,1.114342,0.000000,0.000000,0.573440,0.003440,0.576880,0.913880,1,14336,86,3,1025,14422,25000,13352,13668,316,1070,1386,0.925808,0.976880,78,8,0.906977,3,0,1.000000,984,41,0.960000
481,0.131796,61.600000,1.102612,0.000000,0.000000,0.596800,0.001800,0.598600,0.948000,1,14920,45,5,917,14965,25000,14714,15116,402,251,653,0.983228,0.973406,39,6,0.866667,5,0,1.000000,888,29,0.968375
482,0.190207,61.230000,1.121676,0.000000,0.000000,0.605160,0.003600,0.608760,0.923760,1,15129,90,3,1051,15219,25000,14358,14608,250,861,1111,0.943426,0.982886,78,12,0.866667,3,0,1.000000,1013,38,0.963844
483,0.168983,61.850000,1.088696,0.000000,0.000000,0.595920,0.003000,0.598920,0.939520,1,14898,75,7,1154,14973,25000,14366,14832,466,607,1073,0.959460,0.968581,66,9,0.880000,6,1,0.857143,1118,36,0.968804
484,0.181256,61.200000,1.108550,0.000000,0.000000,0.634560,0.002120,0.636680,0.937160,1,15864,53,6,947,15917,25000,15442,15880,438,475,913,0.970158,0.972418,46,7,0.867925,5,1,0.833333,916,31,0.967265
485,0.132174,63.310000,1.054313,0.000000,0.000000,0.576920,0.003680,0.580600,0.951360,1,14423,92,6,1031,14515,25000,14229,14720,491,286,777,0.980296,0.966644,89,3,0.967391,6,0,1.000000,1006,25,0.975752
486,0.173242,61.110000,1.120708,0.000000,0.000000,0.638000,0.002040,0.640040,0.940960,1,15950,51,4,753,16001,25000,15316,15596,280,685,965,0.957190,0.982047,43,8,0.843137,4,0,1.000000,725,28,0.962815
487,0.179172,61.920000,1.085677,0.000000,0.000000,0.575960,0.002360,0.578320,0.931360,1,14399,59,4,886,14458,25000,13900,14332,432,558,990,0.961405,0.969858,47,12,0.796610,4,0,1.000000,847,39,0.955982
488,0.143107,61.550000,1.096840,0.000000,0.000000,0.636960,0.001800,0.638760,0.937360,1,15924,45,4,939,15969,25000,15507,15768,261,462,723,0.971069,0.983447,42,3,0.933333,3,1,0.750000,905,34,0.963791
489,0.162537,59.420000,1.157430,0.000000,0.000000,0.638600,0.002520,0.641120,0.926000,1,15965,63,7,804,16028,25000,15288,15708,420,740,1160,0.953831,0.973262,56,7,0.888889,6,1,0.857143,768,36,0.955224
490,0.159353,62.440000,1.092550,0.000000,0.000000,0.608160,0.002680,0.610840,0.920200,1,15204,67,9,1097,15271,25000,14695,14952,257,576,833,0.962281,0.982812,60,7,0.895522,9,0,1.000000,1055,42,0.961714
491,0.233197,61.880000,1.086338,0.000000,0.000000,0.618320,0.002000,0.620320,0.896360,1,15458,50,3,951,15508,25000,14657,14896,239,851,1090,0.945125,0.983955,44,6,0.880000,3,0,1.000000,910,41,0.956887
492,0.203369,60.630000,1.129793,0.000000,0.000000,0.631320,0.004600,0.635920,0.913320,1,15783,115,10,1021,15898,25000,15111,15528,417,787,1204,0.950497,0.973145,109,6,0.947826,10,0,1.000000,983,38,0.962782
493,0.187657,59.270000,1.143924,0.000000,0.000000,0.587160,0.003560,0.590720,0.929520,1,14679,89,4,1078,14768,25000,14098,14556,458,670,1128,0.954632,0.968535,80,9,0.898876,3,1,0.750000,1044,34,0.968460
494,0.233325,63.060000,1.076943,0.000000,0.000000,0.618600,0.002600,0.621200,0.910160,1,15465,65,10,979,15530,25000,14573,15032,459,957,1416,0.938377,0.969465,59,6,0.907692,10,0,1.000000,946,33,0.966292
495,0.221186,60.770000,1.135112,0.000000,0.000000,0.620920,0.002360,0.623280,0.909720,1,15523,59,1,1191,15582,25000,14853,15168,315,729,1044,0.953215,0.979233,53,6,0.898305,1,0,1.000000,1150,41,0.965575
496,0.183653,59.340000,1.146314,0.000000,0.000000,0.594160,0.001360,0.595520,0.922360,1,14854,34,2,973,14888,25000,14213,14648,435,675,1110,0.954661,0.970303,30,4,0.882353,2,0,1.000000,932,41,0.957862
497,0.194935,61.410000,1.086779,0.000000,0.000000,0.620520,0.002040,0.622560,0.933400,1,15513,51,1,1016,15564,25000,14929,15364,435,635,1070,0.959201,0.971687,49,2,0.960784,1,0,1.000000,986,30,0.970472
498,0.125870,60.580000,1.130965,0.000000,0.000000,0.631400,0.003000,0.634400,0.946520,1,15785,75,10,1293,15860,25000,15577,16068,491,283,774,0.982156,0.969442,70,5,0.933333,10,0,1.000000,1258,35,0.972931
499,0.168342,61.540000,1.110686,0.000000,0.000000,0.591400,0.002200,0.593600,0.937560,1,14785,55,6,1100,14840,25000,14285,14732,447,555,1002,0.962601,0.969658,51,4,0.927273,6,0,1.000000,1063,37,0.966364
