epoch,train_loss,global_test_acc,global_test_loss,personal_apa,personal_loss,core_clean_ratio,recover_ratio,train_ratio,agreement_ratio,recovery_trigger,core_count,recover_count,train_count,total_count,actual_train_clean_count,actual_round_clean_count,missed_clean_count,false_clean_count,total_wrong_count,actual_train_clean_ratio,clean_recall,recover_true_clean_count,recover_false_clean_count,recover_precision
0,1.579433,19.930000,2.261942,0.000000,0.000000,1.000000,0.000000,1.000000,0.000000,0,5000,0,5000,5000,3216,3216,0,1784,1784,0.643200,1.000000,0,0,0.000000
1,1.622528,21.850000,2.178927,0.000000,0.000000,1.000000,0.000000,1.000000,0.000000,0,5000,0,5000,5000,2980,2980,0,2020,2020,0.596000,1.000000,0,0,0.000000
2,1.444677,15.700000,2.233482,0.000000,0.000000,1.000000,0.000000,1.000000,0.000000,0,5000,0,5000,5000,3112,3112,0,1888,1888,0.622400,1.000000,0,0,0.000000
3,1.574788,24.040000,2.131331,0.000000,0.000000,1.000000,0.000000,1.000000,0.000000,0,5000,0,5000,5000,3096,3096,0,1904,1904,0.619200,1.000000,0,0,0.000000
4,1.657805,25.200000,2.135125,0.000000,0.000000,1.000000,0.000000,1.000000,0.000000,0,5000,0,5000,5000,2924,2924,0,2076,2076,0.584800,1.000000,0,0,0.000000
5,1.896236,25.910000,2.135291,0.000000,0.000000,1.000000,0.000000,1.000000,0.000000,0,5000,0,5000,5000,2272,2272,0,2728,2728,0.454400,1.000000,0,0,0.000000
6,1.584949,26.170000,2.102382,0.000000,0.000000,1.000000,0.000000,1.000000,0.000000,0,5000,0,5000,5000,3012,3012,0,1988,1988,0.602400,1.000000,0,0,0.000000
7,1.407943,24.590000,2.122404,0.000000,0.000000,1.000000,0.000000,1.000000,0.000000,0,5000,0,5000,5000,3164,3164,0,1836,1836,0.632800,1.000000,0,0,0.000000
8,1.132968,28.890000,2.065019,0.000000,0.000000,1.000000,0.000000,1.000000,0.000000,0,5000,0,5000,5000,3772,3772,0,1228,1228,0.754400,1.000000,0,0,0.000000
9,1.541392,24.450000,2.071146,0.000000,0.000000,1.000000,0.000000,1.000000,0.000000,0,5000,0,5000,5000,2752,2752,0,2248,2248,0.550400,1.000000,0,0,0.000000
10,1.588334,19.980000,2.157493,0.000000,0.000000,1.000000,0.000000,1.000000,0.000000,0,5000,0,5000,5000,2888,2888,0,2112,2112,0.577600,1.000000,0,0,0.000000
11,1.558152,24.940000,2.084034,0.000000,0.000000,1.000000,0.000000,1.000000,0.000000,0,5000,0,5000,5000,2940,2940,0,2060,2060,0.588000,1.000000,0,0,0.000000
12,1.685622,29.390000,2.048053,0.000000,0.000000,1.000000,0.000000,1.000000,0.000000,0,5000,0,5000,5000,2736,2736,0,2264,2264,0.547200,1.000000,0,0,0.000000
13,1.473707,27.980000,2.038756,0.000000,0.000000,1.000000,0.000000,1.000000,0.000000,0,5000,0,5000,5000,3148,3148,0,1852,1852,0.629600,1.000000,0,0,0.000000
14,1.308277,26.230000,2.058628,0.000000,0.000000,1.000000,0.000000,1.000000,0.000000,0,5000,0,5000,5000,3492,3492,0,1508,1508,0.698400,1.000000,0,0,0.000000
15,1.472112,21.900000,2.052762,0.000000,0.000000,1.000000,0.000000,1.000000,0.000000,0,5000,0,5000,5000,3160,3160,0,1840,1840,0.632000,1.000000,0,0,0.000000
16,1.288693,32.310000,2.023941,0.000000,0.000000,1.000000,0.000000,1.000000,0.000000,0,5000,0,5000,5000,3508,3508,0,1492,1492,0.701600,1.000000,0,0,0.000000
17,1.638880,31.950000,2.018901,0.000000,0.000000,1.000000,0.000000,1.000000,0.000000,0,5000,0,5000,5000,2780,2780,0,2220,2220,0.556000,1.000000,0,0,0.000000
18,1.667000,25.080000,2.072234,0.000000,0.000000,1.000000,0.000000,1.000000,0.000000,0,5000,0,5000,5000,2632,2632,0,2368,2368,0.526400,1.000000,0,0,0.000000
19,1.664281,29.050000,2.044371,0.000000,0.000000,1.000000,0.000000,1.000000,0.000000,0,5000,0,5000,5000,2716,2716,0,2284,2284,0.543200,1.000000,0,0,0.000000
20,1.385473,32.910000,2.008644,0.000000,0.000000,1.000000,0.000000,1.000000,0.000000,0,5000,0,5000,5000,3272,3272,0,1728,1728,0.654400,1.000000,0,0,0.000000
21,1.513961,31.740000,2.008977,0.000000,0.000000,1.000000,0.000000,1.000000,0.000000,0,5000,0,5000,5000,3172,3172,0,1828,1828,0.634400,1.000000,0,0,0.000000
22,1.479344,28.820000,2.017692,0.000000,0.000000,1.000000,0.000000,1.000000,0.000000,0,5000,0,5000,5000,3028,3028,0,1972,1972,0.605600,1.000000,0,0,0.000000
23,1.502838,27.440000,2.063302,0.000000,0.000000,1.000000,0.000000,1.000000,0.000000,0,5000,0,5000,5000,3004,3004,0,1996,1996,0.600800,1.000000,0,0,0.000000
24,1.501100,25.260000,2.054590,0.000000,0.000000,1.000000,0.000000,1.000000,0.000000,0,5000,0,5000,5000,3028,3028,0,1972,1972,0.605600,1.000000,0,0,0.000000
25,1.348634,32.640000,1.967901,0.000000,0.000000,1.000000,0.000000,1.000000,0.000000,0,5000,0,5000,5000,3364,3364,0,1636,1636,0.672800,1.000000,0,0,0.000000
26,1.488004,30.170000,2.009067,0.000000,0.000000,1.000000,0.000000,1.000000,0.000000,0,5000,0,5000,5000,3208,3208,0,1792,1792,0.641600,1.000000,0,0,0.000000
27,1.364135,30.030000,2.003405,0.000000,0.000000,1.000000,0.000000,1.000000,0.000000,0,5000,0,5000,5000,3324,3324,0,1676,1676,0.664800,1.000000,0,0,0.000000
28,1.529825,33.270000,1.985880,0.000000,0.000000,1.000000,0.000000,1.000000,0.000000,0,5000,0,5000,5000,2968,2968,0,2032,2032,0.593600,1.000000,0,0,0.000000
29,1.404957,28.500000,2.024027,0.000000,0.000000,1.000000,0.000000,1.000000,0.000000,0,5000,0,5000,5000,3264,3264,0,1736,1736,0.652800,1.000000,0,0,0.000000
30,1.258880,24.430000,2.030635,0.000000,0.000000,1.000000,0.000000,1.000000,0.000000,0,5000,0,5000,5000,3504,3504,0,1496,1496,0.700800,1.000000,0,0,0.000000
31,1.467525,30.190000,2.004698,0.000000,0.000000,1.000000,0.000000,1.000000,0.000000,0,5000,0,5000,5000,3148,3148,0,1852,1852,0.629600,1.000000,0,0,0.000000
32,1.660119,31.720000,1.993059,0.000000,0.000000,1.000000,0.000000,1.000000,0.000000,0,5000,0,5000,5000,2788,2788,0,2212,2212,0.557600,1.000000,0,0,0.000000
33,1.682316,29.130000,2.037734,0.000000,0.000000,1.000000,0.000000,1.000000,0.000000,0,5000,0,5000,5000,2796,2796,0,2204,2204,0.559200,1.000000,0,0,0.000000
34,1.265098,32.090000,2.004912,0.000000,0.000000,1.000000,0.000000,1.000000,0.000000,0,5000,0,5000,5000,3496,3496,0,1504,1504,0.699200,1.000000,0,0,0.000000
35,1.552252,29.470000,2.028558,0.000000,0.000000,1.000000,0.000000,1.000000,0.000000,0,5000,0,5000,5000,2908,2908,0,2092,2092,0.581600,1.000000,0,0,0.000000
36,1.294097,20.680000,2.090563,0.000000,0.000000,1.000000,0.000000,1.000000,0.000000,0,5000,0,5000,5000,3428,3428,0,1572,1572,0.685600,1.000000,0,0,0.000000
37,1.427200,29.760000,1.987827,0.000000,0.000000,1.000000,0.000000,1.000000,0.000000,0,5000,0,5000,5000,3196,3196,0,1804,1804,0.639200,1.000000,0,0,0.000000
38,1.862549,30.390000,2.037297,0.000000,0.000000,1.000000,0.000000,1.000000,0.000000,0,5000,0,5000,5000,2148,2148,0,2852,2852,0.429600,1.000000,0,0,0.000000
39,1.492004,27.920000,2.064475,0.000000,0.000000,1.000000,0.000000,1.000000,0.000000,0,5000,0,5000,5000,3172,3172,0,1828,1828,0.634400,1.000000,0,0,0.000000
40,1.380497,27.730000,2.021595,0.000000,0.000000,1.000000,0.000000,1.000000,0.000000,0,5000,0,5000,5000,3196,3196,0,1804,1804,0.639200,1.000000,0,0,0.000000
41,1.438417,26.610000,2.020269,0.000000,0.000000,1.000000,0.000000,1.000000,0.000000,0,5000,0,5000,5000,3036,3036,0,1964,1964,0.607200,1.000000,0,0,0.000000
42,1.467102,31.940000,2.011196,0.000000,0.000000,1.000000,0.000000,1.000000,0.000000,0,5000,0,5000,5000,3112,3112,0,1888,1888,0.622400,1.000000,0,0,0.000000
43,1.394991,29.520000,2.006600,0.000000,0.000000,1.000000,0.000000,1.000000,0.000000,0,5000,0,5000,5000,3152,3152,0,1848,1848,0.630400,1.000000,0,0,0.000000
44,1.535180,32.540000,1.989344,0.000000,0.000000,1.000000,0.000000,1.000000,0.000000,0,5000,0,5000,5000,2976,2976,0,2024,2024,0.595200,1.000000,0,0,0.000000
45,1.392553,29.130000,1.988763,0.000000,0.000000,1.000000,0.000000,1.000000,0.000000,0,5000,0,5000,5000,3204,3204,0,1796,1796,0.640800,1.000000,0,0,0.000000
46,1.468583,28.030000,2.001428,0.000000,0.000000,1.000000,0.000000,1.000000,0.000000,0,5000,0,5000,5000,2872,2872,0,2128,2128,0.574400,1.000000,0,0,0.000000
47,1.273879,30.520000,1.990256,0.000000,0.000000,1.000000,0.000000,1.000000,0.000000,0,5000,0,5000,5000,3396,3396,0,1604,1604,0.679200,1.000000,0,0,0.000000
48,1.506502,29.750000,1.998473,0.000000,0.000000,1.000000,0.000000,1.000000,0.000000,0,5000,0,5000,5000,2756,2756,0,2244,2244,0.551200,1.000000,0,0,0.000000
49,1.759444,28.490000,2.048834,0.000000,0.000000,1.000000,0.000000,1.000000,0.000000,0,5000,0,5000,5000,2452,2452,0,2548,2548,0.490400,1.000000,0,0,0.000000
50,1.463426,25.840000,2.047514,0.000000,0.000000,1.000000,0.000000,1.000000,0.000000,0,5000,0,5000,5000,2912,2912,0,2088,2088,0.582400,1.000000,0,0,0.000000
51,1.646126,29.380000,2.062195,0.000000,0.000000,1.000000,0.000000,1.000000,0.000000,0,5000,0,5000,5000,2612,2612,0,2388,2388,0.522400,1.000000,0,0,0.000000
52,1.365573,28.770000,2.057601,0.000000,0.000000,1.000000,0.000000,1.000000,0.000000,0,5000,0,5000,5000,3136,3136,0,1864,1864,0.627200,1.000000,0,0,0.000000
53,1.426835,30.220000,2.013412,0.000000,0.000000,1.000000,0.000000,1.000000,0.000000,0,5000,0,5000,5000,2952,2952,0,2048,2048,0.590400,1.000000,0,0,0.000000
54,1.648089,26.080000,2.042631,0.000000,0.000000,1.000000,0.000000,1.000000,0.000000,0,5000,0,5000,5000,2556,2556,0,2444,2444,0.511200,1.000000,0,0,0.000000
55,1.151891,27.300000,1.993080,0.000000,0.000000,1.000000,0.000000,1.000000,0.000000,0,5000,0,5000,5000,3536,3536,0,1464,1464,0.707200,1.000000,0,0,0.000000
56,1.416445,31.490000,1.999947,0.000000,0.000000,1.000000,0.000000,1.000000,0.000000,0,5000,0,5000,5000,3120,3120,0,1880,1880,0.624000,1.000000,0,0,0.000000
57,1.356658,30.270000,2.012845,0.000000,0.000000,1.000000,0.000000,1.000000,0.000000,0,5000,0,5000,5000,3276,3276,0,1724,1724,0.655200,1.000000,0,0,0.000000
58,1.461829,33.010000,1.966120,0.000000,0.000000,1.000000,0.000000,1.000000,0.000000,0,5000,0,5000,5000,3048,3048,0,1952,1952,0.609600,1.000000,0,0,0.000000
59,1.198963,28.630000,2.000700,0.000000,0.000000,1.000000,0.000000,1.000000,0.000000,0,5000,0,5000,5000,3620,3620,0,1380,1380,0.724000,1.000000,0,0,0.000000
60,1.558334,31.820000,2.008162,0.000000,0.000000,1.000000,0.000000,1.000000,0.000000,0,5000,0,5000,5000,2920,2920,0,2080,2080,0.584000,1.000000,0,0,0.000000
61,1.236542,30.740000,1.991284,0.000000,0.000000,1.000000,0.000000,1.000000,0.000000,0,5000,0,5000,5000,3400,3400,0,1600,1600,0.680000,1.000000,0,0,0.000000
62,1.526573,31.650000,1.991244,0.000000,0.000000,1.000000,0.000000,1.000000,0.000000,0,5000,0,5000,5000,2884,2884,0,2116,2116,0.576800,1.000000,0,0,0.000000
63,1.429073,32.360000,1.954661,0.000000,0.000000,1.000000,0.000000,1.000000,0.000000,0,5000,0,5000,5000,3140,3140,0,1860,1860,0.628000,1.000000,0,0,0.000000
64,1.168681,31.100000,1.934573,0.000000,0.000000,1.000000,0.000000,1.000000,0.000000,0,5000,0,5000,5000,3464,3464,0,1536,1536,0.692800,1.000000,0,0,0.000000
65,1.619213,30.830000,2.005255,0.000000,0.000000,1.000000,0.000000,1.000000,0.000000,0,5000,0,5000,5000,2692,2692,0,2308,2308,0.538400,1.000000,0,0,0.000000
66,1.633771,32.360000,1.984788,0.000000,0.000000,1.000000,0.000000,1.000000,0.000000,0,5000,0,5000,5000,2648,2648,0,2352,2352,0.529600,1.000000,0,0,0.000000
67,1.450232,33.370000,1.965988,0.000000,0.000000,1.000000,0.000000,1.000000,0.000000,0,5000,0,5000,5000,3004,3004,0,1996,1996,0.600800,1.000000,0,0,0.000000
68,1.310940,32.860000,1.954507,0.000000,0.000000,1.000000,0.000000,1.000000,0.000000,0,5000,0,5000,5000,3332,3332,0,1668,1668,0.666400,1.000000,0,0,0.000000
69,1.608096,29.910000,2.008758,0.000000,0.000000,1.000000,0.000000,1.000000,0.000000,0,5000,0,5000,5000,2700,2700,0,2300,2300,0.540000,1.000000,0,0,0.000000
70,1.333516,34.880000,1.933668,0.000000,0.000000,1.000000,0.000000,1.000000,0.000000,0,5000,0,5000,5000,3208,3208,0,1792,1792,0.641600,1.000000,0,0,0.000000
71,1.551298,27.210000,2.006452,0.000000,0.000000,1.000000,0.000000,1.000000,0.000000,0,5000,0,5000,5000,2824,2824,0,2176,2176,0.564800,1.000000,0,0,0.000000
72,1.620582,27.880000,2.032885,0.000000,0.000000,1.000000,0.000000,1.000000,0.000000,0,5000,0,5000,5000,2612,2612,0,2388,2388,0.522400,1.000000,0,0,0.000000
73,1.456308,31.060000,1.983984,0.000000,0.000000,1.000000,0.000000,1.000000,0.000000,0,5000,0,5000,5000,3000,3000,0,2000,2000,0.600000,1.000000,0,0,0.000000
74,1.442625,26.460000,2.020651,0.000000,0.000000,1.000000,0.000000,1.000000,0.000000,0,5000,0,5000,5000,2980,2980,0,2020,2020,0.596000,1.000000,0,0,0.000000
75,1.184331,35.750000,1.915461,0.000000,0.000000,1.000000,0.000000,1.000000,0.000000,0,5000,0,5000,5000,3596,3596,0,1404,1404,0.719200,1.000000,0,0,0.000000
76,1.708491,28.890000,2.017592,0.000000,0.000000,1.000000,0.000000,1.000000,0.000000,0,5000,0,5000,5000,2544,2544,0,2456,2456,0.508800,1.000000,0,0,0.000000
77,1.112287,30.670000,1.982638,0.000000,0.000000,1.000000,0.000000,1.000000,0.000000,0,5000,0,5000,5000,3592,3592,0,1408,1408,0.718400,1.000000,0,0,0.000000
78,1.726007,29.890000,1.998471,0.000000,0.000000,1.000000,0.000000,1.000000,0.000000,0,5000,0,5000,5000,2380,2380,0,2620,2620,0.476000,1.000000,0,0,0.000000
79,1.235681,36.790000,1.912821,0.000000,0.000000,1.000000,0.000000,1.000000,0.000000,0,5000,0,5000,5000,3336,3336,0,1664,1664,0.667200,1.000000,0,0,0.000000
80,1.929651,26.890000,2.066822,0.000000,0.000000,1.000000,0.000000,1.000000,0.000000,0,5000,0,5000,5000,1824,1824,0,3176,3176,0.364800,1.000000,0,0,0.000000
81,1.592394,30.690000,2.039044,0.000000,0.000000,1.000000,0.000000,1.000000,0.000000,0,5000,0,5000,5000,2576,2576,0,2424,2424,0.515200,1.000000,0,0,0.000000
82,1.325549,31.970000,1.966842,0.000000,0.000000,1.000000,0.000000,1.000000,0.000000,0,5000,0,5000,5000,3364,3364,0,1636,1636,0.672800,1.000000,0,0,0.000000
83,1.638069,28.720000,2.045607,0.000000,0.000000,1.000000,0.000000,1.000000,0.000000,0,5000,0,5000,5000,2552,2552,0,2448,2448,0.510400,1.000000,0,0,0.000000
84,1.333676,26.990000,2.067024,0.000000,0.000000,1.000000,0.000000,1.000000,0.000000,0,5000,0,5000,5000,3192,3192,0,1808,1808,0.638400,1.000000,0,0,0.000000
85,1.333630,28.790000,2.012849,0.000000,0.000000,1.000000,0.000000,1.000000,0.000000,0,5000,0,5000,5000,3024,3024,0,1976,1976,0.604800,1.000000,0,0,0.000000
86,1.676815,27.410000,2.042339,0.000000,0.000000,1.000000,0.000000,1.000000,0.000000,0,5000,0,5000,5000,2456,2456,0,2544,2544,0.491200,1.000000,0,0,0.000000
87,1.340745,25.390000,2.047767,0.000000,0.000000,1.000000,0.000000,1.000000,0.000000,0,5000,0,5000,5000,3204,3204,0,1796,1796,0.640800,1.000000,0,0,0.000000
88,1.362770,28.060000,2.003362,0.000000,0.000000,1.000000,0.000000,1.000000,0.000000,0,5000,0,5000,5000,3096,3096,0,1904,1904,0.619200,1.000000,0,0,0.000000
89,1.550811,28.690000,2.037385,0.000000,0.000000,1.000000,0.000000,1.000000,0.000000,0,5000,0,5000,5000,2840,2840,0,2160,2160,0.568000,1.000000,0,0,0.000000
90,1.102380,31.720000,2.005959,0.000000,0.000000,1.000000,0.000000,1.000000,0.000000,0,5000,0,5000,5000,3548,3548,0,1452,1452,0.709600,1.000000,0,0,0.000000
91,1.400884,30.430000,2.011351,0.000000,0.000000,1.000000,0.000000,1.000000,0.000000,0,5000,0,5000,5000,2784,2784,0,2216,2216,0.556800,1.000000,0,0,0.000000
92,1.466044,25.080000,2.102644,0.000000,0.000000,1.000000,0.000000,1.000000,0.000000,0,5000,0,5000,5000,2812,2812,0,2188,2188,0.562400,1.000000,0,0,0.000000
93,1.105229,29.430000,2.027607,0.000000,0.000000,1.000000,0.000000,1.000000,0.000000,0,5000,0,5000,5000,3648,3648,0,1352,1352,0.729600,1.000000,0,0,0.000000
94,1.558713,28.380000,2.039745,0.000000,0.000000,1.000000,0.000000,1.000000,0.000000,0,5000,0,5000,5000,2692,2692,0,2308,2308,0.538400,1.000000,0,0,0.000000
95,0.845332,31.000000,1.957753,0.000000,0.000000,1.000000,0.000000,1.000000,0.000000,0,5000,0,5000,5000,4060,4060,0,940,940,0.812000,1.000000,0,0,0.000000
96,1.029413,30.110000,1.971949,0.000000,0.000000,1.000000,0.000000,1.000000,0.000000,0,5000,0,5000,5000,3888,3888,0,1112,1112,0.777600,1.000000,0,0,0.000000
97,1.809547,31.090000,1.993818,0.000000,0.000000,1.000000,0.000000,1.000000,0.000000,0,5000,0,5000,5000,2108,2108,0,2892,2892,0.421600,1.000000,0,0,0.000000
98,1.245982,28.880000,2.005866,0.000000,0.000000,1.000000,0.000000,1.000000,0.000000,0,5000,0,5000,5000,3424,3424,0,1576,1576,0.684800,1.000000,0,0,0.000000
99,1.079753,30.780000,1.955634,0.000000,0.000000,1.000000,0.000000,1.000000,0.000000,0,5000,0,5000,5000,3648,3648,0,1352,1352,0.729600,1.000000,0,0,0.000000
100,0.438221,35.880000,1.881757,0.000000,0.000000,0.636400,0.000000,0.636400,0.906600,1,3182,0,3182,5000,2948,3124,176,234,410,0.926461,0.943662,0,0,0.000000
101,0.441113,40.030000,1.749843,0.000000,0.000000,0.652200,0.000000,0.652200,0.904600,1,3261,0,3261,5000,2918,3064,146,343,489,0.894818,0.952350,0,0,0.000000
102,0.623126,35.920000,1.767103,0.000000,0.000000,0.632000,0.000000,0.632000,0.832800,1,3160,0,3160,5000,2841,2940,99,319,418,0.899051,0.966327,0,0,0.000000
103,0.478291,29.770000,1.975793,0.000000,0.000000,0.712600,0.000000,0.712600,0.850400,1,3563,0,3563,5000,3277,3400,123,286,409,0.919731,0.963824,0,0,0.000000
104,0.499328,39.270000,1.716440,0.000000,0.000000,0.599600,0.000200,0.599800,0.848600,1,2998,1,2999,5000,2765,2920,155,234,389,0.921974,0.946918,1,0,1.000000
105,0.474393,36.360000,1.824756,0.000000,0.000000,0.592800,0.000000,0.592800,0.895800,1,2964,0,2964,5000,2563,2696,133,401,534,0.864710,0.950668,0,0,0.000000
106,0.525462,36.720000,1.778237,0.000000,0.000000,0.576000,0.000000,0.576000,0.863200,1,2880,0,2880,5000,2473,2564,91,407,498,0.858681,0.964509,0,0,0.000000
107,0.620832,29.890000,1.911014,0.000000,0.000000,0.500800,0.000000,0.500800,0.866600,1,2504,0,2504,5000,2218,2288,70,286,356,0.885783,0.969406,0,0,0.000000
108,0.361587,31.800000,1.837465,0.000000,0.000000,0.719400,0.000000,0.719400,0.873600,1,3597,0,3597,5000,3393,3532,139,204,343,0.943286,0.960646,0,0,0.000000
109,0.554520,36.430000,1.740055,0.000000,0.000000,0.621600,0.000400,0.622000,0.837600,1,3108,2,3110,5000,2722,2808,86,388,474,0.875241,0.969373,2,0,1.000000
110,0.687316,37.260000,1.754588,0.000000,0.000000,0.661000,0.000200,0.661200,0.793800,1,3305,1,3306,5000,2794,2876,82,512,594,0.845130,0.971488,1,0,1.000000
111,0.426633,37.780000,1.703815,0.000000,0.000000,0.628400,0.000000,0.628400,0.884000,1,3142,0,3142,5000,2841,2964,123,301,424,0.904201,0.958502,0,0,0.000000
112,0.320756,46.180000,1.604682,0.000000,0.000000,0.599800,0.000000,0.599800,0.890200,1,2999,0,2999,5000,2879,2976,97,120,217,0.959987,0.967406,0,0,0.000000
113,0.253988,41.860000,1.579534,0.000000,0.000000,0.640800,0.000000,0.640800,0.917000,1,3204,0,3204,5000,3145,3292,147,59,206,0.981586,0.955346,0,0,0.000000
114,0.410018,34.330000,1.896053,0.000000,0.000000,0.542400,0.000000,0.542400,0.869800,1,2712,0,2712,5000,2499,2604,105,213,318,0.921460,0.959677,0,0,0.000000
115,0.308730,44.960000,1.558111,0.000000,0.000000,0.691200,0.000200,0.691400,0.872000,1,3456,1,3457,5000,3397,3516,119,60,179,0.982644,0.966155,1,0,1.000000
116,0.260215,46.460000,1.522614,0.000000,0.000000,0.595000,0.000000,0.595000,0.930000,1,2975,0,2975,5000,2889,3068,179,86,265,0.971092,0.941656,0,0,0.000000
117,0.508107,36.740000,1.754869,0.000000,0.000000,0.562600,0.000000,0.562600,0.833600,1,2813,0,2813,5000,2569,2656,87,244,331,0.913260,0.967244,0,0,0.000000
118,0.319753,40.080000,1.779146,0.000000,0.000000,0.634600,0.000200,0.634800,0.897000,1,3173,1,3174,5000,3029,3120,91,145,236,0.954316,0.970833,1,0,1.000000
119,0.450264,42.720000,1.583045,0.000000,0.000000,0.626800,0.000000,0.626800,0.888400,1,3134,0,3134,5000,2824,2920,96,310,406,0.901085,0.967123,0,0,0.000000
120,0.281248,35.990000,1.749591,0.000000,0.000000,0.693800,0.000200,0.694000,0.929400,1,3469,1,3470,5000,3337,3444,107,133,240,0.961671,0.968931,1,0,1.000000
121,0.554751,45.270000,1.551084,0.000000,0.000000,0.548000,0.000200,0.548200,0.789600,1,2740,1,2741,5000,2368,2500,132,373,505,0.863918,0.947200,1,0,1.000000
122,0.382713,34.740000,1.723416,0.000000,0.000000,0.598800,0.000000,0.598800,0.864400,1,2994,0,2994,5000,2805,2916,111,189,300,0.936874,0.961934,0,0,0.000000
123,0.514358,33.890000,1.761594,0.000000,0.000000,0.616000,0.000000,0.616000,0.802000,1,3080,0,3080,5000,2727,2796,69,353,422,0.885390,0.975322,0,0,0.000000
124,0.332237,44.950000,1.516024,0.000000,0.000000,0.547600,0.000000,0.547600,0.894000,1,2738,0,2738,5000,2639,2712,73,99,172,0.963842,0.973083,0,0,0.000000
125,0.296977,31.550000,1.861988,0.000000,0.000000,0.561200,0.000200,0.561400,0.903800,1,2806,1,2807,5000,2731,2836,105,76,181,0.972925,0.962976,1,0,1.000000
126,0.535307,40.350000,1.623601,0.000000,0.000000,0.598400,0.000000,0.598400,0.821600,1,2992,0,2992,5000,2731,2824,93,261,354,0.912767,0.967068,0,0,0.000000
127,0.291585,50.420000,1.431181,0.000000,0.000000,0.612600,0.000200,0.612800,0.927600,1,3063,1,3064,5000,2973,3088,115,91,206,0.970300,0.962759,1,0,1.000000
128,0.262856,45.000000,1.518854,0.000000,0.000000,0.715600,0.000000,0.715600,0.916000,1,3578,0,3578,5000,3527,3700,173,51,224,0.985746,0.953243,0,0,0.000000
129,0.189455,45.520000,1.503393,0.000000,0.000000,0.684600,0.000000,0.684600,0.942000,1,3423,0,3423,5000,3372,3492,120,51,171,0.985101,0.965636,0,0,0.000000
130,0.264012,40.790000,1.647987,0.000000,0.000000,0.503800,0.000000,0.503800,0.907600,1,2519,0,2519,5000,2427,2508,81,92,173,0.963478,0.967703,0,0,0.000000
131,0.394971,44.040000,1.536034,0.000000,0.000000,0.611200,0.000400,0.611600,0.891600,1,3056,2,3058,5000,2740,2824,84,318,402,0.896010,0.970255,2,0,1.000000
132,0.259156,48.570000,1.458081,0.000000,0.000000,0.608600,0.000200,0.608800,0.863200,1,3043,1,3044,5000,2961,3156,195,83,278,0.972733,0.938213,1,0,1.000000
133,0.448253,51.780000,1.369585,0.000000,0.000000,0.530200,0.000000,0.530200,0.851800,1,2651,0,2651,5000,2383,2504,121,268,389,0.898906,0.951677,0,0,0.000000
134,0.432346,48.040000,1.482641,0.000000,0.000000,0.547000,0.000000,0.547000,0.869400,1,2735,0,2735,5000,2453,2532,79,282,361,0.896892,0.968799,0,0,0.000000
135,0.219384,41.080000,1.635628,0.000000,0.000000,0.595600,0.000000,0.595600,0.939400,1,2978,0,2978,5000,2929,3020,91,49,140,0.983546,0.969868,0,0,0.000000
136,0.242656,40.960000,1.691218,0.000000,0.000000,0.580200,0.000000,0.580200,0.941200,1,2901,0,2901,5000,2844,2980,136,57,193,0.980352,0.954362,0,0,0.000000
137,0.291113,51.570000,1.417622,0.000000,0.000000,0.555400,0.000000,0.555400,0.871000,1,2777,0,2777,5000,2685,2772,87,92,179,0.966871,0.968615,0,0,0.000000
138,0.429599,48.640000,1.430749,0.000000,0.000000,0.653000,0.000000,0.653000,0.839600,1,3265,0,3265,5000,3053,3176,123,212,335,0.935069,0.961272,0,0,0.000000
139,0.310464,43.970000,1.616875,0.000000,0.000000,0.549000,0.000000,0.549000,0.894800,1,2745,0,2745,5000,2669,2804,135,76,211,0.972313,0.951854,0,0,0.000000
140,0.191100,47.720000,1.530566,0.000000,0.000000,0.668800,0.000000,0.668800,0.930400,1,3344,0,3344,5000,3284,3392,108,60,168,0.982057,0.968160,0,0,0.000000
141,0.430191,45.140000,1.521217,0.000000,0.000000,0.501600,0.000000,0.501600,0.880200,1,2508,0,2508,5000,2159,2248,89,349,438,0.860845,0.960409,0,0,0.000000
142,0.178739,53.340000,1.333233,0.000000,0.000000,0.694000,0.000000,0.694000,0.954400,1,3470,0,3470,5000,3438,3548,110,32,142,0.990778,0.968997,0,0,0.000000
143,0.210616,40.270000,1.625654,0.000000,0.000000,0.528000,0.000000,0.528000,0.885200,1,2640,0,2640,5000,2590,2676,86,50,136,0.981061,0.967862,0,0,0.000000
144,0.203791,48.480000,1.451494,0.000000,0.000000,0.690800,0.001400,0.692200,0.953200,1,3454,7,3461,5000,3397,3532,135,64,199,0.981508,0.961778,7,0,1.000000
145,0.234695,41.110000,1.548526,0.000000,0.000000,0.578600,0.000600,0.579200,0.918600,1,2893,3,2896,5000,2848,2936,88,48,136,0.983425,0.970027,3,0,1.000000
146,0.222654,40.130000,1.594032,0.000000,0.000000,0.616600,0.000000,0.616600,0.920800,1,3083,0,3083,5000,3026,3092,66,57,123,0.981512,0.978655,0,0,0.000000
147,0.301342,50.490000,1.354323,0.000000,0.000000,0.629400,0.000200,0.629600,0.908800,1,3147,1,3148,5000,3050,3200,150,98,248,0.968869,0.953125,1,0,1.000000
148,0.211293,49.560000,1.388704,0.000000,0.000000,0.676200,0.000000,0.676200,0.907400,1,3381,0,3381,5000,3348,3480,132,33,165,0.990240,0.962069,0,0,0.000000
149,0.245355,45.070000,1.625018,0.000000,0.000000,0.710000,0.000000,0.710000,0.890800,1,3550,0,3550,5000,3479,3596,117,71,188,0.980000,0.967464,0,0,0.000000
150,0.453055,51.490000,1.368678,0.000000,0.000000,0.592000,0.000000,0.592000,0.861800,1,2960,0,2960,5000,2684,2768,84,276,360,0.906757,0.969653,0,0,0.000000
151,0.185083,48.370000,1.454322,0.000000,0.000000,0.574400,0.000000,0.574400,0.948800,1,2872,0,2872,5000,2810,2892,82,62,144,0.978412,0.971646,0,0,0.000000
152,0.297100,50.860000,1.370311,0.000000,0.000000,0.625400,0.000000,0.625400,0.899600,1,3127,0,3127,5000,2973,3076,103,154,257,0.950752,0.966515,0,0,0.000000
153,0.264186,49.890000,1.429359,0.000000,0.000000,0.599200,0.000000,0.599200,0.938400,1,2996,0,2996,5000,2870,2948,78,126,204,0.957944,0.973541,0,0,0.000000
154,0.319672,43.070000,1.607747,0.000000,0.000000,0.621200,0.000600,0.621800,0.902000,1,3106,3,3109,5000,2937,3056,119,172,291,0.944677,0.961060,3,0,1.000000
155,0.225839,51.850000,1.384954,0.000000,0.000000,0.669000,0.003200,0.672200,0.903800,1,3345,16,3361,5000,3304,3508,204,57,261,0.983041,0.941847,16,0,1.000000
156,0.370452,50.290000,1.382462,0.000000,0.000000,0.660200,0.000400,0.660600,0.881600,1,3301,2,3303,5000,3051,3144,93,252,345,0.923706,0.970420,2,0,1.000000
157,0.244867,53.500000,1.330673,0.000000,0.000000,0.637600,0.000400,0.638000,0.913200,1,3188,2,3190,5000,3103,3216,113,87,200,0.972727,0.964863,2,0,1.000000
158,0.283113,52.400000,1.406194,0.000000,0.000000,0.558200,0.000000,0.558200,0.921600,1,2791,0,2791,5000,2701,2776,75,90,165,0.967753,0.972983,0,0,0.000000
159,0.323922,51.440000,1.387465,0.000000,0.000000,0.543800,0.000000,0.543800,0.859600,1,2719,0,2719,5000,2604,2700,96,115,211,0.957705,0.964444,0,0,0.000000
160,0.234583,42.160000,1.638350,0.000000,0.000000,0.551400,0.000000,0.551400,0.931000,1,2757,0,2757,5000,2705,2764,59,52,111,0.981139,0.978654,0,0,0.000000
161,0.269776,43.160000,1.521051,0.000000,0.000000,0.509400,0.000000,0.509400,0.891600,1,2547,0,2547,5000,2451,2560,109,96,205,0.962309,0.957422,0,0,0.000000
162,0.182066,43.900000,1.604219,0.000000,0.000000,0.570600,0.000200,0.570800,0.956600,1,2853,1,2854,5000,2797,2900,103,57,160,0.980028,0.964483,1,0,1.000000
163,0.183772,36.690000,2.002153,0.000000,0.000000,0.616800,0.000200,0.617000,0.942200,1,3084,1,3085,5000,3039,3148,109,46,155,0.985089,0.965375,1,0,1.000000
164,0.309958,52.590000,1.375503,0.000000,0.000000,0.620600,0.000400,0.621000,0.913600,1,3103,2,3105,5000,2989,3080,91,116,207,0.962641,0.970455,2,0,1.000000
165,0.332537,49.750000,1.392759,0.000000,0.000000,0.734600,0.000000,0.734600,0.893000,1,3673,0,3673,5000,3402,3512,110,271,381,0.926218,0.968679,0,0,0.000000
166,0.212616,49.470000,1.450318,0.000000,0.000000,0.782800,0.000000,0.782800,0.926600,1,3914,0,3914,5000,3879,4004,125,35,160,0.991058,0.968781,0,0,0.000000
167,0.217875,44.320000,1.544877,0.000000,0.000000,0.710200,0.000400,0.710600,0.936000,1,3551,2,3553,5000,3515,3668,153,38,191,0.989305,0.958288,2,0,1.000000
168,0.205845,40.930000,1.703945,0.000000,0.000000,0.651000,0.001200,0.652200,0.938000,1,3255,6,3261,5000,3186,3308,122,75,197,0.977001,0.963120,6,0,1.000000
169,0.180983,33.520000,2.081226,0.000000,0.000000,0.623800,0.000000,0.623800,0.938800,1,3119,0,3119,5000,3076,3156,80,43,123,0.986214,0.974651,0,0,0.000000
170,0.318064,49.960000,1.384905,0.000000,0.000000,0.620600,0.000200,0.620800,0.894800,1,3103,1,3104,5000,2981,3100,119,123,242,0.960374,0.961613,1,0,1.000000
171,0.196924,51.130000,1.381393,0.000000,0.000000,0.656000,0.000000,0.656000,0.932400,1,3280,0,3280,5000,3229,3316,87,51,138,0.984451,0.973764,0,0,0.000000
172,0.159589,47.230000,1.458411,0.000000,0.000000,0.656200,0.000200,0.656400,0.957800,1,3281,1,3282,5000,3239,3348,109,43,152,0.986898,0.967443,1,0,1.000000
173,0.162796,48.750000,1.440865,0.000000,0.000000,0.638800,0.000200,0.639000,0.977600,1,3194,1,3195,5000,3170,3236,66,25,91,0.992175,0.979604,0,1,0.000000
174,0.445904,54.020000,1.282879,0.000000,0.000000,0.557000,0.000200,0.557200,0.877800,1,2785,1,2786,5000,2500,2564,64,286,350,0.897344,0.975039,1,0,1.000000
175,0.276571,41.060000,1.598438,0.000000,0.000000,0.689400,0.000000,0.689400,0.913400,1,3447,0,3447,5000,3279,3388,109,168,277,0.951262,0.967828,0,0,0.000000
176,0.226268,52.040000,1.341285,0.000000,0.000000,0.644000,0.000000,0.644000,0.924400,1,3220,0,3220,5000,3162,3300,138,58,196,0.981988,0.958182,0,0,0.000000
177,0.335651,46.300000,1.532241,0.000000,0.000000,0.626400,0.000200,0.626600,0.926200,1,3132,1,3133,5000,2994,3088,94,139,233,0.955634,0.969560,1,0,1.000000
178,0.338315,52.560000,1.320803,0.000000,0.000000,0.545400,0.000400,0.545800,0.907600,1,2727,2,2729,5000,2592,2664,72,137,209,0.949798,0.972973,2,0,1.000000
179,0.214780,54.170000,1.266144,0.000000,0.000000,0.572600,0.000200,0.572800,0.935600,1,2863,1,2864,5000,2788,2940,152,76,228,0.973464,0.948299,1,0,1.000000
180,0.330944,48.790000,1.436676,0.000000,0.000000,0.538400,0.000200,0.538600,0.836800,1,2692,1,2693,5000,2465,2556,91,228,319,0.915336,0.964397,1,0,1.000000
181,0.153022,46.370000,1.407254,0.000000,0.000000,0.597200,0.000200,0.597400,0.971800,1,2986,1,2987,5000,2964,3048,84,23,107,0.992300,0.972441,1,0,1.000000
182,0.244613,47.610000,1.489897,0.000000,0.000000,0.563800,0.000400,0.564200,0.922000,1,2819,2,2821,5000,2730,2912,182,91,273,0.967742,0.937500,2,0,1.000000
183,0.295133,52.760000,1.310866,0.000000,0.000000,0.613800,0.000400,0.614200,0.905800,1,3069,2,3071,5000,2975,3080,105,96,201,0.968740,0.965909,2,0,1.000000
184,0.164539,50.320000,1.365509,0.000000,0.000000,0.718400,0.000000,0.718400,0.950400,1,3592,0,3592,5000,3537,3648,111,55,166,0.984688,0.969572,0,0,0.000000
185,0.202621,50.010000,1.379802,0.000000,0.000000,0.659400,0.000000,0.659400,0.908200,1,3297,0,3297,5000,3228,3380,152,69,221,0.979072,0.955030,0,0,0.000000
186,0.233080,53.050000,1.301282,0.000000,0.000000,0.517000,0.000600,0.517600,0.930400,1,2585,3,2588,5000,2508,2616,108,80,188,0.969088,0.958716,3,0,1.000000
187,0.191376,51.900000,1.388031,0.000000,0.000000,0.462800,0.000400,0.463200,0.930000,1,2314,2,2316,5000,2267,2324,57,49,106,0.978843,0.975473,1,1,0.500000
188,0.190565,46.820000,1.499339,0.000000,0.000000,0.627200,0.001200,0.628400,0.935400,1,3136,6,3142,5000,3095,3216,121,47,168,0.985041,0.962376,6,0,1.000000
189,0.230444,53.680000,1.283532,0.000000,0.000000,0.613800,0.000200,0.614000,0.922800,1,3069,1,3070,5000,3003,3164,161,67,228,0.978176,0.949115,1,0,1.000000
190,0.423785,55.110000,1.260451,0.000000,0.000000,0.642000,0.000000,0.642000,0.817000,1,3210,0,3210,5000,2992,3088,96,218,314,0.932087,0.968912,0,0,0.000000
191,0.240473,38.180000,1.929570,0.000000,0.000000,0.689000,0.000000,0.689000,0.903200,1,3445,0,3445,5000,3396,3528,132,49,181,0.985776,0.962585,0,0,0.000000
192,0.319779,53.860000,1.289209,0.000000,0.000000,0.555400,0.000200,0.555600,0.905200,1,2777,1,2778,5000,2639,2756,117,139,256,0.949964,0.957547,1,0,1.000000
193,0.171086,48.280000,1.462934,0.000000,0.000000,0.652200,0.001000,0.653200,0.945600,1,3261,5,3266,5000,3221,3360,139,45,184,0.986222,0.958631,5,0,1.000000
194,0.272928,43.600000,1.622902,0.000000,0.000000,0.700800,0.000600,0.701400,0.906200,1,3504,3,3507,5000,3294,3416,122,213,335,0.939264,0.964286,2,1,0.666667
195,0.325679,49.540000,1.379330,0.000000,0.000000,0.647800,0.000400,0.648200,0.907400,1,3239,2,3241,5000,2980,3076,96,261,357,0.919469,0.968791,2,0,1.000000
196,0.276722,49.430000,1.412636,0.000000,0.000000,0.573800,0.000800,0.574600,0.889200,1,2869,4,2873,5000,2783,2952,169,90,259,0.968674,0.942751,4,0,1.000000
197,0.164017,45.150000,1.484013,0.000000,0.000000,0.668200,0.000400,0.668600,0.940600,1,3341,2,3343,5000,3305,3436,131,38,169,0.988633,0.961874,1,1,0.500000
198,0.309583,55.160000,1.237198,0.000000,0.000000,0.598400,0.000000,0.598400,0.901800,1,2992,0,2992,5000,2866,2980,114,126,240,0.957888,0.961745,0,0,0.000000
199,0.387139,50.710000,1.361985,0.000000,0.000000,0.671000,0.000000,0.671000,0.870800,1,3355,0,3355,5000,3066,3184,118,289,407,0.913860,0.962940,0,0,0.000000
200,0.214446,56.620000,1.235278,0.000000,0.000000,0.648200,0.000000,0.648200,0.925000,1,3241,0,3241,5000,3164,3260,96,77,173,0.976242,0.970552,0,0,0.000000
201,0.325063,52.340000,1.333592,0.000000,0.000000,0.522400,0.000400,0.522800,0.916000,1,2612,2,2614,5000,2375,2476,101,239,340,0.908569,0.959208,2,0,1.000000
202,0.205075,54.630000,1.276102,0.000000,0.000000,0.597800,0.000000,0.597800,0.893400,1,2989,0,2989,5000,2927,3080,153,62,215,0.979257,0.950325,0,0,0.000000
203,0.248692,45.480000,1.439807,0.000000,0.000000,0.599600,0.000600,0.600200,0.937000,1,2998,3,3001,5000,2957,3088,131,44,175,0.985338,0.957578,3,0,1.000000
204,0.239865,57.370000,1.214676,0.000000,0.000000,0.622200,0.000400,0.622600,0.924400,1,3111,2,3113,5000,3014,3076,62,99,161,0.968198,0.979844,2,0,1.000000
205,0.461822,48.480000,1.390602,0.000000,0.000000,0.527800,0.000000,0.527800,0.840000,1,2639,0,2639,5000,2300,2372,72,339,411,0.871542,0.969646,0,0,0.000000
206,0.212337,45.500000,1.544342,0.000000,0.000000,0.541800,0.000600,0.542400,0.904600,1,2709,3,2712,5000,2637,2728,91,75,166,0.972345,0.966642,3,0,1.000000
207,0.181312,51.560000,1.366063,0.000000,0.000000,0.637200,0.000000,0.637200,0.921800,1,3186,0,3186,5000,3143,3232,89,43,132,0.986503,0.972463,0,0,0.000000
208,0.327139,51.740000,1.370606,0.000000,0.000000,0.511200,0.000200,0.511400,0.900200,1,2556,1,2557,5000,2349,2436,87,208,295,0.918655,0.964286,1,0,1.000000
209,0.168950,50.490000,1.400193,0.000000,0.000000,0.690800,0.000000,0.690800,0.928000,1,3454,0,3454,5000,3412,3520,108,42,150,0.987840,0.969318,0,0,0.000000
210,0.308189,56.960000,1.227102,0.000000,0.000000,0.605800,0.000800,0.606600,0.924000,1,3029,4,3033,5000,2766,2880,114,267,381,0.911968,0.960417,4,0,1.000000
211,0.222495,56.220000,1.269335,0.000000,0.000000,0.543000,0.000000,0.543000,0.913200,1,2715,0,2715,5000,2615,2732,117,100,217,0.963168,0.957174,0,0,0.000000
212,0.222624,48.380000,1.447427,0.000000,0.000000,0.602000,0.000000,0.602000,0.896600,1,3010,0,3010,5000,2950,3036,86,60,146,0.980066,0.971673,0,0,0.000000
213,0.198071,47.460000,1.513401,0.000000,0.000000,0.544200,0.000000,0.544200,0.951000,1,2721,0,2721,5000,2649,2720,71,72,143,0.973539,0.973897,0,0,0.000000
214,0.200709,49.680000,1.383013,0.000000,0.000000,0.719800,0.000000,0.719800,0.905600,1,3599,0,3599,5000,3570,3720,150,29,179,0.991942,0.959677,0,0,0.000000
215,0.200360,53.190000,1.271616,0.000000,0.000000,0.646600,0.000200,0.646800,0.882400,1,3233,1,3234,5000,3181,3352,171,53,224,0.983612,0.948986,1,0,1.000000
216,0.176266,54.820000,1.246427,0.000000,0.000000,0.588800,0.000400,0.589200,0.938600,1,2944,2,2946,5000,2882,2992,110,64,174,0.978276,0.963235,2,0,1.000000
217,0.328605,52.920000,1.331739,0.000000,0.000000,0.707800,0.000000,0.707800,0.877600,1,3539,0,3539,5000,3288,3420,132,251,383,0.929076,0.961404,0,0,0.000000
218,0.206870,48.150000,1.475100,0.000000,0.000000,0.697400,0.000200,0.697600,0.927200,1,3487,1,3488,5000,3435,3532,97,53,150,0.984805,0.972537,1,0,1.000000
219,0.210978,43.790000,1.659048,0.000000,0.000000,0.584400,0.000600,0.585000,0.929400,1,2922,3,2925,5000,2848,2952,104,77,181,0.973675,0.964770,2,1,0.666667
220,0.351479,54.690000,1.254141,0.000000,0.000000,0.573600,0.001000,0.574600,0.885400,1,2868,5,2873,5000,2625,2752,127,248,375,0.913679,0.953852,5,0,1.000000
221,0.186967,52.460000,1.386336,0.000000,0.000000,0.575800,0.000400,0.576200,0.928400,1,2879,2,2881,5000,2802,2888,86,79,165,0.972579,0.970222,2,0,1.000000
222,0.135995,55.260000,1.282041,0.000000,0.000000,0.640400,0.000400,0.640800,0.955800,1,3202,2,3204,5000,3172,3260,88,32,120,0.990012,0.973006,2,0,1.000000
223,0.190515,53.190000,1.335350,0.000000,0.000000,0.500200,0.000200,0.500400,0.935600,1,2501,1,2502,5000,2429,2568,139,73,212,0.970823,0.945872,1,0,1.000000
224,0.455245,35.440000,1.955362,0.000000,0.000000,0.670000,0.000200,0.670200,0.874000,1,3350,1,3351,5000,2902,3000,98,449,547,0.866010,0.967333,1,0,1.000000
225,0.258951,52.510000,1.382743,0.000000,0.000000,0.522000,0.000600,0.522600,0.926600,1,2610,3,2613,5000,2536,2624,88,77,165,0.970532,0.966463,3,0,1.000000
226,0.182283,50.040000,1.392962,0.000000,0.000000,0.621600,0.000400,0.622000,0.938600,1,3108,2,3110,5000,3076,3160,84,34,118,0.989068,0.973418,2,0,1.000000
227,0.143206,50.500000,1.325141,0.000000,0.000000,0.624600,0.000400,0.625000,0.964400,1,3123,2,3125,5000,3100,3188,88,25,113,0.992000,0.972396,2,0,1.000000
228,0.194382,55.270000,1.288208,0.000000,0.000000,0.664600,0.000400,0.665000,0.931800,1,3323,2,3325,5000,3266,3380,114,59,173,0.982256,0.966272,2,0,1.000000
229,0.184334,53.780000,1.287189,0.000000,0.000000,0.691600,0.000800,0.692400,0.885800,1,3458,4,3462,5000,3420,3536,116,42,158,0.987868,0.967195,4,0,1.000000
230,0.343780,50.710000,1.421759,0.000000,0.000000,0.509400,0.000000,0.509400,0.890200,1,2547,0,2547,5000,2220,2272,52,327,379,0.871614,0.977113,0,0,0.000000
231,0.271757,53.730000,1.292283,0.000000,0.000000,0.519800,0.001000,0.520800,0.883000,1,2599,5,2604,5000,2482,2552,70,122,192,0.953149,0.972571,5,0,1.000000
232,0.252706,49.630000,1.405218,0.000000,0.000000,0.680600,0.000200,0.680800,0.916200,1,3403,1,3404,5000,3332,3428,96,72,168,0.978848,0.971995,1,0,1.000000
233,0.181230,53.040000,1.353454,0.000000,0.000000,0.585000,0.000800,0.585800,0.947000,1,2925,4,2929,5000,2870,2980,110,59,169,0.979857,0.963087,4,0,1.000000
234,0.127229,52.840000,1.306986,0.000000,0.000000,0.559400,0.001000,0.560400,0.966000,1,2797,5,2802,5000,2773,2876,103,29,132,0.989650,0.964186,5,0,1.000000
235,0.177607,49.560000,1.391873,0.000000,0.000000,0.681800,0.000400,0.682200,0.932000,1,3409,2,3411,5000,3364,3520,156,47,203,0.986221,0.955682,2,0,1.000000
236,0.230412,54.480000,1.282932,0.000000,0.000000,0.522000,0.001200,0.523200,0.931400,1,2610,6,2616,5000,2532,2656,124,84,208,0.967890,0.953313,6,0,1.000000
237,0.191838,52.730000,1.345989,0.000000,0.000000,0.547400,0.000200,0.547600,0.943600,1,2737,1,2738,5000,2686,2844,158,52,210,0.981008,0.944444,1,0,1.000000
238,0.393590,55.810000,1.304367,0.000000,0.000000,0.638200,0.000400,0.638600,0.901800,1,3191,2,3193,5000,2769,2836,67,424,491,0.867210,0.976375,2,0,1.000000
239,0.197968,59.120000,1.160699,0.000000,0.000000,0.559000,0.000200,0.559200,0.918400,1,2795,1,2796,5000,2718,2840,122,78,200,0.972103,0.957042,1,0,1.000000
240,0.179438,58.090000,1.217071,0.000000,0.000000,0.615400,0.000000,0.615400,0.950800,1,3077,0,3077,5000,3011,3072,61,66,127,0.978551,0.980143,0,0,0.000000
241,0.150680,51.770000,1.345560,0.000000,0.000000,0.509800,0.000000,0.509800,0.965800,1,2549,0,2549,5000,2504,2568,64,45,109,0.982346,0.975078,0,0,0.000000
242,0.114404,59.100000,1.191168,0.000000,0.000000,0.708000,0.000400,0.708400,0.970400,1,3540,2,3542,5000,3527,3604,77,15,92,0.995765,0.978635,2,0,1.000000
243,0.227009,53.710000,1.275590,0.000000,0.000000,0.479200,0.000600,0.479800,0.928000,1,2396,3,2399,5000,2326,2396,70,73,143,0.969571,0.970785,3,0,1.000000
244,0.309136,52.500000,1.346235,0.000000,0.000000,0.655200,0.000400,0.655600,0.901800,1,3276,2,3278,5000,3073,3164,91,205,296,0.937462,0.971239,2,0,1.000000
245,0.215009,53.830000,1.302364,0.000000,0.000000,0.628000,0.000600,0.628600,0.903200,1,3140,3,3143,5000,3077,3216,139,66,205,0.979001,0.956779,3,0,1.000000
246,0.125632,53.860000,1.313525,0.000000,0.000000,0.584400,0.000400,0.584800,0.958800,1,2922,2,2924,5000,2885,2960,75,39,114,0.986662,0.974662,2,0,1.000000
247,0.175533,55.800000,1.253272,0.000000,0.000000,0.552600,0.001400,0.554000,0.924000,1,2763,7,2770,5000,2712,2868,156,58,214,0.979061,0.945607,4,3,0.571429
248,0.157266,45.950000,1.496542,0.000000,0.000000,0.495200,0.000400,0.495600,0.969800,1,2476,2,2478,5000,2457,2496,39,21,60,0.991525,0.984375,2,0,1.000000
249,0.218996,51.980000,1.390232,0.000000,0.000000,0.610200,0.000000,0.610200,0.915400,1,3051,0,3051,5000,3001,3096,95,50,145,0.983612,0.969315,0,0,0.000000
250,0.184659,50.810000,1.373964,0.000000,0.000000,0.599400,0.000200,0.599600,0.944400,1,2997,1,2998,5000,2942,3068,126,56,182,0.981321,0.958931,1,0,1.000000
251,0.524201,55.340000,1.287004,0.000000,0.000000,0.487200,0.000000,0.487200,0.850800,1,2436,0,2436,5000,1934,2008,74,502,576,0.793924,0.963147,0,0,0.000000
252,0.289176,53.060000,1.359616,0.000000,0.000000,0.701600,0.000200,0.701800,0.921000,1,3508,1,3509,5000,3214,3268,54,295,349,0.915930,0.983476,1,0,1.000000
253,0.301212,50.270000,1.390045,0.000000,0.000000,0.590600,0.000600,0.591200,0.905200,1,2953,3,2956,5000,2721,2836,115,235,350,0.920501,0.959450,3,0,1.000000
254,0.287156,48.630000,1.459700,0.000000,0.000000,0.626800,0.001000,0.627800,0.923400,1,3134,5,3139,5000,3089,3164,75,50,125,0.984071,0.976296,5,0,1.000000
255,0.229576,53.150000,1.279583,0.000000,0.000000,0.520200,0.000400,0.520600,0.936400,1,2601,2,2603,5000,2520,2608,88,83,171,0.968114,0.966258,2,0,1.000000
256,0.326735,53.300000,1.338760,0.000000,0.000000,0.581600,0.000400,0.582000,0.900000,1,2908,2,2910,5000,2600,2676,76,310,386,0.893471,0.971599,2,0,1.000000
257,0.266612,48.400000,1.494118,0.000000,0.000000,0.650400,0.000400,0.650800,0.921200,1,3252,2,3254,5000,3031,3104,73,223,296,0.931469,0.976482,2,0,1.000000
258,0.139275,50.540000,1.358113,0.000000,0.000000,0.583200,0.000800,0.584000,0.954600,1,2916,4,2920,5000,2890,2972,82,30,112,0.989726,0.972409,4,0,1.000000
259,0.177377,57.210000,1.198837,0.000000,0.000000,0.523000,0.000200,0.523200,0.956000,1,2615,1,2616,5000,2566,2644,78,50,128,0.980887,0.970499,1,0,1.000000
260,0.331643,50.340000,1.415933,0.000000,0.000000,0.650800,0.000600,0.651400,0.869000,1,3254,3,3257,5000,3018,3140,122,239,361,0.926620,0.961146,3,0,1.000000
261,0.173090,47.000000,1.548032,0.000000,0.000000,0.559800,0.000000,0.559800,0.964600,1,2799,0,2799,5000,2744,2808,64,55,119,0.980350,0.977208,0,0,0.000000
262,0.351872,51.720000,1.346414,0.000000,0.000000,0.562000,0.001600,0.563600,0.894200,1,2810,8,2818,5000,2502,2584,82,316,398,0.887864,0.968266,8,0,1.000000
263,0.192382,47.130000,1.540515,0.000000,0.000000,0.712200,0.000600,0.712800,0.904800,1,3561,3,3564,5000,3516,3656,140,48,188,0.986532,0.961707,2,1,0.666667
264,0.373994,54.300000,1.275867,0.000000,0.000000,0.586400,0.000200,0.586600,0.874000,1,2932,1,2933,5000,2679,2784,105,254,359,0.913399,0.962284,1,0,1.000000
265,0.164275,50.660000,1.414252,0.000000,0.000000,0.745400,0.000400,0.745800,0.937800,1,3727,2,3729,5000,3704,3828,124,25,149,0.993296,0.967607,2,0,1.000000
266,0.121366,53.960000,1.329207,0.000000,0.000000,0.639400,0.000400,0.639800,0.977400,1,3197,2,3199,5000,3174,3244,70,25,95,0.992185,0.978422,2,0,1.000000
267,0.456672,55.200000,1.266898,0.000000,0.000000,0.563800,0.000200,0.564000,0.876400,1,2819,1,2820,5000,2307,2360,53,513,566,0.818085,0.977542,1,0,1.000000
268,0.164919,52.020000,1.379645,0.000000,0.000000,0.554200,0.000000,0.554200,0.951800,1,2771,0,2771,5000,2726,2800,74,45,119,0.983760,0.973571,0,0,0.000000
269,0.169395,52.900000,1.267779,0.000000,0.000000,0.653400,0.000200,0.653600,0.948800,1,3267,1,3268,5000,3223,3320,97,45,142,0.986230,0.970783,1,0,1.000000
270,0.374735,53.690000,1.269633,0.000000,0.000000,0.627800,0.000000,0.627800,0.828600,1,3139,0,3139,5000,2895,2956,61,244,305,0.922268,0.979364,0,0,0.000000
271,0.126294,52.850000,1.321811,0.000000,0.000000,0.631600,0.000000,0.631600,0.956800,1,3158,0,3158,5000,3135,3200,65,23,88,0.992717,0.979687,0,0,0.000000
272,0.170361,52.640000,1.341250,0.000000,0.000000,0.573200,0.000000,0.573200,0.953400,1,2866,0,2866,5000,2817,2892,75,49,124,0.982903,0.974066,0,0,0.000000
273,0.184429,52.270000,1.409165,0.000000,0.000000,0.583400,0.000200,0.583600,0.936800,1,2917,1,2918,5000,2851,2952,101,67,168,0.977039,0.965786,1,0,1.000000
274,0.126433,53.310000,1.365707,0.000000,0.000000,0.629800,0.000800,0.630600,0.965200,1,3149,4,3153,5000,3122,3224,102,31,133,0.990168,0.968362,4,0,1.000000
275,0.334958,49.920000,1.496248,0.000000,0.000000,0.674600,0.000800,0.675400,0.825200,1,3373,4,3377,5000,3124,3220,96,253,349,0.925081,0.970186,4,0,1.000000
276,0.523627,51.020000,1.350561,0.000000,0.000000,0.614800,0.000200,0.615000,0.839400,1,3074,1,3075,5000,2550,2628,78,525,603,0.829268,0.970320,1,0,1.000000
277,0.143487,54.560000,1.274894,0.000000,0.000000,0.724200,0.000200,0.724400,0.960200,1,3621,1,3622,5000,3594,3712,118,28,146,0.992269,0.968211,1,0,1.000000
278,0.164859,54.550000,1.347332,0.000000,0.000000,0.726000,0.000200,0.726200,0.935400,1,3630,1,3631,5000,3580,3692,112,51,163,0.985954,0.969664,1,0,1.000000
279,0.229185,54.930000,1.353225,0.000000,0.000000,0.585000,0.000400,0.585400,0.908200,1,2925,2,2927,5000,2828,2904,76,99,175,0.966177,0.973829,2,0,1.000000
280,0.215602,51.320000,1.337006,0.000000,0.000000,0.560200,0.000000,0.560200,0.898400,1,2801,0,2801,5000,2743,2820,77,58,135,0.979293,0.972695,0,0,0.000000
281,0.354914,55.220000,1.299185,0.000000,0.000000,0.581800,0.000200,0.582000,0.888400,1,2909,1,2910,5000,2637,2720,83,273,356,0.906186,0.969485,1,0,1.000000
282,0.198988,55.000000,1.263518,0.000000,0.000000,0.524600,0.000000,0.524600,0.948400,1,2623,0,2623,5000,2542,2624,82,81,163,0.969119,0.968750,0,0,0.000000
283,0.219404,51.760000,1.334745,0.000000,0.000000,0.565200,0.000400,0.565600,0.935000,1,2826,2,2828,5000,2738,2816,78,90,168,0.968175,0.972301,2,0,1.000000
284,0.104198,53.890000,1.344389,0.000000,0.000000,0.663800,0.000800,0.664600,0.960600,1,3319,4,3323,5000,3293,3376,83,30,113,0.990972,0.975415,4,0,1.000000
285,0.194520,58.500000,1.164469,0.000000,0.000000,0.571600,0.000400,0.572000,0.934000,1,2858,2,2860,5000,2808,2872,64,52,116,0.981818,0.977716,2,0,1.000000
286,0.317883,56.500000,1.245802,0.000000,0.000000,0.624400,0.000200,0.624600,0.903400,1,3122,1,3123,5000,2852,2932,80,271,351,0.913224,0.972715,1,0,1.000000
287,0.143908,53.950000,1.293101,0.000000,0.000000,0.656800,0.000000,0.656800,0.916400,1,3284,0,3284,5000,3252,3340,88,32,120,0.990256,0.973653,0,0,0.000000
288,0.143924,59.170000,1.190551,0.000000,0.000000,0.652800,0.000800,0.653600,0.953200,1,3264,4,3268,5000,3219,3288,69,49,118,0.985006,0.979015,4,0,1.000000
289,0.253363,49.640000,1.383908,0.000000,0.000000,0.471800,0.000000,0.471800,0.915000,1,2359,0,2359,5000,2255,2340,85,104,189,0.955914,0.963675,0,0,0.000000
290,0.141147,58.250000,1.206890,0.000000,0.000000,0.671600,0.000000,0.671600,0.960000,1,3358,0,3358,5000,3314,3400,86,44,130,0.986897,0.974706,0,0,0.000000
291,0.516068,54.640000,1.286601,0.000000,0.000000,0.499200,0.001200,0.500400,0.834400,1,2496,6,2502,5000,1958,2040,82,544,626,0.782574,0.959804,5,1,0.833333
292,0.127856,55.350000,1.216824,0.000000,0.000000,0.592200,0.000400,0.592600,0.959400,1,2961,2,2963,5000,2932,3028,96,31,127,0.989538,0.968296,2,0,1.000000
293,0.160482,55.480000,1.309796,0.000000,0.000000,0.562000,0.000200,0.562200,0.940800,1,2810,1,2811,5000,2756,2824,68,55,123,0.980434,0.975921,1,0,1.000000
294,0.229693,51.460000,1.365928,0.000000,0.000000,0.692800,0.000400,0.693200,0.894000,1,3464,2,3466,5000,3374,3440,66,92,158,0.973456,0.980814,2,0,1.000000
295,0.271350,55.510000,1.237822,0.000000,0.000000,0.615200,0.000200,0.615400,0.943600,1,3076,1,3077,5000,3030,3108,78,47,125,0.984725,0.974903,1,0,1.000000
296,0.200450,49.490000,1.387530,0.000000,0.000000,0.700000,0.000600,0.700600,0.930200,1,3500,3,3503,5000,3453,3576,123,50,173,0.985727,0.965604,2,1,0.666667
297,0.128580,54.540000,1.283227,0.000000,0.000000,0.676200,0.000600,0.676800,0.968400,1,3381,3,3384,5000,3362,3416,54,22,76,0.993499,0.984192,3,0,1.000000
298,0.217628,51.020000,1.411880,0.000000,0.000000,0.531600,0.000800,0.532400,0.890000,1,2658,4,2662,5000,2608,2688,80,54,134,0.979715,0.970238,4,0,1.000000
299,0.173388,52.650000,1.334796,0.000000,0.000000,0.502800,0.000200,0.503000,0.960200,1,2514,1,2515,5000,2480,2540,60,35,95,0.986083,0.976378,1,0,1.000000
300,0.215289,53.380000,1.308849,0.000000,0.000000,0.639400,0.000400,0.639800,0.864600,1,3197,2,3199,5000,3136,3232,96,63,159,0.980306,0.970297,2,0,1.000000
301,0.151819,46.240000,1.517866,0.000000,0.000000,0.647000,0.000200,0.647200,0.957000,1,3235,1,3236,5000,3166,3260,94,70,164,0.978368,0.971166,1,0,1.000000
302,0.182723,56.770000,1.190201,0.000000,0.000000,0.671600,0.000600,0.672200,0.945600,1,3358,3,3361,5000,3310,3460,150,51,201,0.984826,0.956647,3,0,1.000000
303,0.141801,56.300000,1.258595,0.000000,0.000000,0.695400,0.000400,0.695800,0.943400,1,3477,2,3479,5000,3436,3540,104,43,147,0.987640,0.970621,2,0,1.000000
304,0.202952,55.830000,1.232864,0.000000,0.000000,0.494800,0.000200,0.495000,0.939400,1,2474,1,2475,5000,2388,2476,88,87,175,0.964848,0.964459,1,0,1.000000
305,0.415427,59.400000,1.138414,0.000000,0.000000,0.459800,0.000000,0.459800,0.868600,1,2299,0,2299,5000,2008,2052,44,291,335,0.873423,0.978558,0,0,0.000000
306,0.287046,49.420000,1.387688,0.000000,0.000000,0.670800,0.000200,0.671000,0.911200,1,3354,1,3355,5000,3096,3172,76,259,335,0.922802,0.976040,1,0,1.000000
307,0.128922,53.680000,1.300210,0.000000,0.000000,0.690000,0.000600,0.690600,0.954800,1,3450,3,3453,5000,3431,3508,77,22,99,0.993629,0.978050,3,0,1.000000
308,0.274242,56.930000,1.223566,0.000000,0.000000,0.711200,0.000200,0.711400,0.919600,1,3556,1,3557,5000,3303,3420,117,254,371,0.928592,0.965789,1,0,1.000000
309,0.114501,56.110000,1.206348,0.000000,0.000000,0.664200,0.000000,0.664200,0.942000,1,3321,0,3321,5000,3282,3332,50,39,89,0.988257,0.984994,0,0,0.000000
310,0.291501,59.800000,1.146647,0.000000,0.000000,0.633200,0.000200,0.633400,0.919600,1,3166,1,3167,5000,2875,2960,85,292,377,0.907799,0.971284,1,0,1.000000
311,0.257890,52.030000,1.396626,0.000000,0.000000,0.601200,0.000000,0.601200,0.924000,1,3006,0,3006,5000,2744,2784,40,262,302,0.912841,0.985632,0,0,0.000000
312,0.155606,50.730000,1.393836,0.000000,0.000000,0.704600,0.000600,0.705200,0.912600,1,3523,3,3526,5000,3511,3576,65,15,80,0.995746,0.981823,3,0,1.000000
313,0.215152,54.710000,1.287364,0.000000,0.000000,0.495400,0.000600,0.496000,0.924000,1,2477,3,2480,5000,2369,2484,115,111,226,0.955242,0.953704,3,0,1.000000
314,0.108694,55.030000,1.281549,0.000000,0.000000,0.549000,0.000200,0.549200,0.971000,1,2745,1,2746,5000,2713,2772,59,33,92,0.987983,0.978716,1,0,1.000000
315,0.304573,49.260000,1.371636,0.000000,0.000000,0.584600,0.000200,0.584800,0.899400,1,2923,1,2924,5000,2667,2724,57,257,314,0.912107,0.979075,1,0,1.000000
316,0.181729,54.060000,1.309709,0.000000,0.000000,0.548600,0.000200,0.548800,0.877000,1,2743,1,2744,5000,2692,2780,88,52,140,0.981050,0.968345,1,0,1.000000
317,0.175746,56.180000,1.279121,0.000000,0.000000,0.609800,0.000200,0.610000,0.946400,1,3049,1,3050,5000,3020,3104,84,30,114,0.990164,0.972938,1,0,1.000000
318,0.482640,55.940000,1.260649,0.000000,0.000000,0.623400,0.000200,0.623600,0.844000,1,3117,1,3118,5000,2566,2636,70,552,622,0.822963,0.973445,1,0,1.000000
319,0.157150,52.830000,1.331594,0.000000,0.000000,0.547400,0.001200,0.548600,0.949600,1,2737,6,2743,5000,2695,2784,89,48,137,0.982501,0.968032,6,0,1.000000
320,0.328085,50.370000,1.408391,0.000000,0.000000,0.492200,0.000600,0.492800,0.882800,1,2461,3,2464,5000,2225,2292,67,239,306,0.903003,0.970768,3,0,1.000000
321,0.133226,55.220000,1.247345,0.000000,0.000000,0.636200,0.001000,0.637200,0.969000,1,3181,5,3186,5000,3157,3236,79,29,108,0.990898,0.975587,5,0,1.000000
322,0.194074,57.540000,1.197956,0.000000,0.000000,0.725200,0.002400,0.727600,0.933200,1,3626,12,3638,5000,3568,3680,112,70,182,0.980759,0.969565,10,2,0.833333
323,0.168855,60.130000,1.149968,0.000000,0.000000,0.570400,0.000200,0.570600,0.950800,1,2852,1,2853,5000,2785,2852,67,68,135,0.976165,0.976508,0,1,0.000000
324,0.157470,51.520000,1.370175,0.000000,0.000000,0.632000,0.001400,0.633400,0.947200,1,3160,7,3167,5000,3124,3396,272,43,315,0.986422,0.919906,7,0,1.000000
325,0.169965,57.680000,1.255638,0.000000,0.000000,0.655200,0.000600,0.655800,0.944600,1,3276,3,3279,5000,3208,3344,136,71,207,0.978347,0.959330,2,1,0.666667
326,0.312483,54.560000,1.302352,0.000000,0.000000,0.617000,0.000200,0.617200,0.900000,1,3085,1,3086,5000,2779,2840,61,307,368,0.900518,0.978521,0,1,0.000000
327,0.182443,53.780000,1.283902,0.000000,0.000000,0.669800,0.000600,0.670400,0.946800,1,3349,3,3352,5000,3299,3432,133,53,186,0.984189,0.961247,3,0,1.000000
328,0.258953,55.620000,1.289394,0.000000,0.000000,0.492000,0.000400,0.492400,0.912400,1,2460,2,2462,5000,2354,2436,82,108,190,0.956133,0.966338,2,0,1.000000
329,0.228712,53.860000,1.402970,0.000000,0.000000,0.583200,0.000400,0.583600,0.905000,1,2916,2,2918,5000,2826,2916,90,92,182,0.968472,0.969136,2,0,1.000000
330,0.156795,57.740000,1.200780,0.000000,0.000000,0.624800,0.000600,0.625400,0.953600,1,3124,3,3127,5000,3093,3176,83,34,117,0.989127,0.973866,3,0,1.000000
331,0.183146,57.480000,1.208865,0.000000,0.000000,0.541400,0.000800,0.542200,0.941200,1,2707,4,2711,5000,2655,2732,77,56,133,0.979343,0.971816,4,0,1.000000
332,0.139721,56.670000,1.269610,0.000000,0.000000,0.572400,0.000400,0.572800,0.954400,1,2862,2,2864,5000,2819,2912,93,45,138,0.984288,0.968063,2,0,1.000000
333,0.216519,58.510000,1.153825,0.000000,0.000000,0.658000,0.000000,0.658000,0.885000,1,3290,0,3290,5000,3225,3328,103,65,168,0.980243,0.969050,0,0,0.000000
334,0.151854,47.500000,1.568825,0.000000,0.000000,0.527000,0.000200,0.527200,0.955400,1,2635,1,2636,5000,2593,2676,83,43,126,0.983687,0.968984,1,0,1.000000
335,0.130390,55.220000,1.277616,0.000000,0.000000,0.640600,0.001600,0.642200,0.969400,1,3203,8,3211,5000,3171,3248,77,40,117,0.987543,0.976293,8,0,1.000000
336,0.351533,58.380000,1.211958,0.000000,0.000000,0.602400,0.000000,0.602400,0.881000,1,3012,0,3012,5000,2666,2732,66,346,412,0.885126,0.975842,0,0,0.000000
337,0.198561,54.960000,1.282260,0.000000,0.000000,0.621600,0.000400,0.622000,0.919800,1,3108,2,3110,5000,3049,3140,91,61,152,0.980386,0.971019,2,0,1.000000
338,0.141746,53.270000,1.368688,0.000000,0.000000,0.679200,0.000400,0.679600,0.960800,1,3396,2,3398,5000,3341,3424,83,57,140,0.983225,0.975759,2,0,1.000000
339,0.158973,53.870000,1.271162,0.000000,0.000000,0.654200,0.000600,0.654800,0.952600,1,3271,3,3274,5000,3226,3340,114,48,162,0.985339,0.965868,3,0,1.000000
340,0.308834,54.050000,1.265969,0.000000,0.000000,0.615800,0.000200,0.616000,0.905400,1,3079,1,3080,5000,2803,2916,113,277,390,0.910065,0.961248,1,0,1.000000
341,0.150968,58.520000,1.194803,0.000000,0.000000,0.548000,0.000200,0.548200,0.955200,1,2740,1,2741,5000,2682,2764,82,59,141,0.978475,0.970333,1,0,1.000000
342,0.537166,56.490000,1.242711,0.000000,0.000000,0.502400,0.000600,0.503000,0.833400,1,2512,3,2515,5000,1950,2044,94,565,659,0.775348,0.954012,3,0,1.000000
343,0.124396,57.430000,1.216726,0.000000,0.000000,0.654200,0.000200,0.654400,0.963600,1,3271,1,3272,5000,3228,3276,48,44,92,0.986553,0.985348,1,0,1.000000
344,0.111850,52.340000,1.375719,0.000000,0.000000,0.724400,0.001000,0.725400,0.961200,1,3622,5,3627,5000,3589,3680,91,38,129,0.989523,0.975272,5,0,1.000000
345,0.306700,55.790000,1.238392,0.000000,0.000000,0.680800,0.000200,0.681000,0.886200,1,3404,1,3405,5000,3128,3220,92,277,369,0.918649,0.971429,1,0,1.000000
346,0.144952,58.400000,1.152363,0.000000,0.000000,0.677200,0.000200,0.677400,0.939600,1,3386,1,3387,5000,3340,3420,80,47,127,0.986123,0.976608,1,0,1.000000
347,0.120423,53.670000,1.338664,0.000000,0.000000,0.751400,0.000200,0.751600,0.958800,1,3757,1,3758,5000,3720,3780,60,38,98,0.989888,0.984127,1,0,1.000000
348,0.209767,57.090000,1.213799,0.000000,0.000000,0.596600,0.000400,0.597000,0.921200,1,2983,2,2985,5000,2898,2996,98,87,185,0.970854,0.967290,2,0,1.000000
349,0.133283,59.290000,1.194472,0.000000,0.000000,0.604200,0.000000,0.604200,0.943600,1,3021,0,3021,5000,2959,3012,53,62,115,0.979477,0.982404,0,0,0.000000
350,0.281051,51.700000,1.426207,0.000000,0.000000,0.558400,0.000600,0.559000,0.852400,1,2792,3,2795,5000,2709,2792,83,86,169,0.969231,0.970272,3,0,1.000000
351,0.330161,59.220000,1.160618,0.000000,0.000000,0.702800,0.001200,0.704000,0.906800,1,3514,6,3520,5000,3244,3344,100,276,376,0.921591,0.970096,6,0,1.000000
352,0.178061,59.780000,1.147828,0.000000,0.000000,0.541200,0.000600,0.541800,0.953000,1,2706,3,2709,5000,2647,2736,89,62,151,0.977113,0.967471,3,0,1.000000
353,0.165600,51.710000,1.396132,0.000000,0.000000,0.670000,0.000800,0.670800,0.944200,1,3350,4,3354,5000,3291,3380,89,63,152,0.981216,0.973669,4,0,1.000000
354,0.200241,57.780000,1.225882,0.000000,0.000000,0.590800,0.000000,0.590800,0.927200,1,2954,0,2954,5000,2892,2956,64,62,126,0.979012,0.978349,0,0,0.000000
355,0.341224,58.640000,1.192212,0.000000,0.000000,0.596200,0.000600,0.596800,0.873800,1,2981,3,2984,5000,2665,2756,91,319,410,0.893097,0.966981,3,0,1.000000
356,0.510211,53.070000,1.356407,0.000000,0.000000,0.671400,0.000000,0.671400,0.841000,1,3357,0,3357,5000,2868,2932,64,489,553,0.854334,0.978172,0,0,0.000000
357,0.285905,53.730000,1.312537,0.000000,0.000000,0.649400,0.000000,0.649400,0.919400,1,3247,0,3247,5000,2993,3100,107,254,361,0.921774,0.965484,0,0,0.000000
358,0.284990,56.270000,1.245726,0.000000,0.000000,0.677000,0.000400,0.677400,0.919000,1,3385,2,3387,5000,3093,3124,31,294,325,0.913198,0.990077,2,0,1.000000
359,0.312697,49.600000,1.475673,0.000000,0.000000,0.650200,0.000200,0.650400,0.900200,1,3251,1,3252,5000,2972,3040,68,280,348,0.913899,0.977632,1,0,1.000000
360,0.165490,56.110000,1.315973,0.000000,0.000000,0.684800,0.000400,0.685200,0.937400,1,3424,2,3426,5000,3364,3440,76,62,138,0.981903,0.977907,2,0,1.000000
361,0.150538,53.690000,1.417758,0.000000,0.000000,0.637400,0.000200,0.637600,0.955800,1,3187,1,3188,5000,3117,3156,39,71,110,0.977729,0.987643,1,0,1.000000
362,0.274388,52.220000,1.356146,0.000000,0.000000,0.596800,0.003400,0.600200,0.919200,1,2984,17,3001,5000,2702,2784,82,299,381,0.900367,0.970546,17,0,1.000000
363,0.148923,55.550000,1.229285,0.000000,0.000000,0.640600,0.000800,0.641400,0.937400,1,3203,4,3207,5000,3162,3232,70,45,115,0.985968,0.978342,4,0,1.000000
364,0.121642,56.890000,1.282968,0.000000,0.000000,0.510600,0.000200,0.510800,0.969200,1,2553,1,2554,5000,2516,2580,64,38,102,0.985121,0.975194,1,0,1.000000
365,0.108514,55.330000,1.263409,0.000000,0.000000,0.641000,0.000000,0.641000,0.969400,1,3205,0,3205,5000,3179,3252,73,26,99,0.991888,0.977552,0,0,0.000000
366,0.412486,55.430000,1.303464,0.000000,0.000000,0.662800,0.000600,0.663400,0.871000,1,3314,3,3317,5000,2823,2896,73,494,567,0.851070,0.974793,3,0,1.000000
367,0.166335,53.420000,1.297357,0.000000,0.000000,0.664800,0.001000,0.665800,0.942400,1,3324,5,3329,5000,3268,3344,76,61,137,0.981676,0.977273,5,0,1.000000
368,0.115708,55.810000,1.250113,0.000000,0.000000,0.682400,0.000200,0.682600,0.950600,1,3412,1,3413,5000,3370,3468,98,43,141,0.987401,0.971742,1,0,1.000000
369,0.298084,55.610000,1.257295,0.000000,0.000000,0.683000,0.000600,0.683600,0.894600,1,3415,3,3418,5000,3189,3236,47,229,276,0.933002,0.985476,3,0,1.000000
370,0.411081,51.250000,1.413777,0.000000,0.000000,0.511400,0.000400,0.511800,0.877600,1,2557,2,2559,5000,2422,2488,66,137,203,0.946463,0.973473,2,0,1.000000
371,0.128397,48.600000,1.442960,0.000000,0.000000,0.631800,0.000400,0.632200,0.956800,1,3159,2,3161,5000,3121,3184,63,40,103,0.987346,0.980214,2,0,1.000000
372,0.202687,57.020000,1.213276,0.000000,0.000000,0.585400,0.000400,0.585800,0.937200,1,2927,2,2929,5000,2868,2972,104,61,165,0.979174,0.965007,2,0,1.000000
373,0.136115,58.050000,1.205184,0.000000,0.000000,0.594600,0.001000,0.595600,0.962400,1,2973,5,2978,5000,2926,2996,70,52,122,0.982539,0.976636,5,0,1.000000
374,0.178457,53.210000,1.341043,0.000000,0.000000,0.635800,0.000600,0.636400,0.936200,1,3179,3,3182,5000,3108,3200,92,74,166,0.976744,0.971250,3,0,1.000000
375,0.176904,59.270000,1.163253,0.000000,0.000000,0.552200,0.000600,0.552800,0.961000,1,2761,3,2764,5000,2699,2780,81,65,146,0.976483,0.970863,3,0,1.000000
376,0.153759,46.530000,1.554741,0.000000,0.000000,0.599800,0.000200,0.600000,0.911400,1,2999,1,3000,5000,2964,3032,68,36,104,0.988000,0.977573,1,0,1.000000
377,0.176657,53.570000,1.377219,0.000000,0.000000,0.653000,0.000800,0.653800,0.933000,1,3265,4,3269,5000,3215,3284,69,54,123,0.983481,0.978989,3,1,0.750000
378,0.188201,58.460000,1.184611,0.000000,0.000000,0.607400,0.000400,0.607800,0.969400,1,3037,2,3039,5000,2976,3032,56,63,119,0.979269,0.981530,2,0,1.000000
379,0.123189,57.500000,1.205020,0.000000,0.000000,0.660400,0.000800,0.661200,0.947000,1,3302,4,3306,5000,3256,3384,128,50,178,0.984876,0.962175,4,0,1.000000
380,0.145894,58.150000,1.190940,0.000000,0.000000,0.546400,0.000400,0.546800,0.955200,1,2732,2,2734,5000,2680,2748,68,54,122,0.980249,0.975255,2,0,1.000000
381,0.208622,49.410000,1.403713,0.000000,0.000000,0.657600,0.000000,0.657600,0.950400,1,3288,0,3288,5000,3232,3304,72,56,128,0.982968,0.978208,0,0,0.000000
382,0.198048,55.320000,1.263154,0.000000,0.000000,0.646000,0.001000,0.647000,0.938600,1,3230,5,3235,5000,3180,3256,76,55,131,0.982998,0.976658,5,0,1.000000
383,0.205362,47.300000,1.539197,0.000000,0.000000,0.565800,0.001600,0.567400,0.909200,1,2829,8,2837,5000,2730,2816,86,107,193,0.962284,0.969460,7,1,0.875000
384,0.150033,58.170000,1.206764,0.000000,0.000000,0.634400,0.001000,0.635400,0.959200,1,3172,5,3177,5000,3129,3212,83,48,131,0.984891,0.974159,5,0,1.000000
385,0.170975,54.960000,1.294453,0.000000,0.000000,0.611400,0.000600,0.612000,0.955000,1,3057,3,3060,5000,2994,3056,62,66,128,0.978431,0.979712,3,0,1.000000
386,0.114889,54.500000,1.346487,0.000000,0.000000,0.597600,0.000400,0.598000,0.941800,1,2988,2,2990,5000,2952,3008,56,38,94,0.987291,0.981383,2,0,1.000000
387,0.136408,52.830000,1.386068,0.000000,0.000000,0.724000,0.000400,0.724400,0.956200,1,3620,2,3622,5000,3594,3640,46,28,74,0.992269,0.987363,2,0,1.000000
388,0.302231,45.100000,1.582438,0.000000,0.000000,0.609200,0.000600,0.609800,0.889800,1,3046,3,3049,5000,2776,2832,56,273,329,0.910462,0.980226,3,0,1.000000
389,0.163606,59.740000,1.148043,0.000000,0.000000,0.629400,0.000000,0.629400,0.941000,1,3147,0,3147,5000,3099,3188,89,48,137,0.984747,0.972083,0,0,0.000000
390,0.341011,56.710000,1.275425,0.000000,0.000000,0.627800,0.000000,0.627800,0.897000,1,3139,0,3139,5000,2850,2940,90,289,379,0.907932,0.969388,0,0,0.000000
391,0.256287,58.890000,1.174483,0.000000,0.000000,0.565600,0.001200,0.566800,0.925200,1,2828,6,2834,5000,2745,2820,75,89,164,0.968596,0.973404,6,0,1.000000
392,0.184253,58.910000,1.159425,0.000000,0.000000,0.553400,0.000600,0.554000,0.943000,1,2767,3,2770,5000,2694,2788,94,76,170,0.972563,0.966284,3,0,1.000000
393,0.331208,56.640000,1.237080,0.000000,0.000000,0.610600,0.001200,0.611800,0.896600,1,3053,6,3059,5000,2791,2860,69,268,337,0.912390,0.975874,5,1,0.833333
394,0.275128,53.470000,1.372129,0.000000,0.000000,0.620600,0.000000,0.620600,0.907200,1,3103,0,3103,5000,2837,2888,51,266,317,0.914277,0.982341,0,0,0.000000
395,0.174693,55.120000,1.316807,0.000000,0.000000,0.529400,0.000800,0.530200,0.949200,1,2647,4,2651,5000,2567,2640,73,84,157,0.968314,0.972348,4,0,1.000000
396,0.134533,56.990000,1.229512,0.000000,0.000000,0.524600,0.000400,0.525000,0.952600,1,2623,2,2625,5000,2574,2632,58,51,109,0.980571,0.977964,2,0,1.000000
397,0.329949,55.700000,1.264915,0.000000,0.000000,0.734800,0.004200,0.739000,0.897800,1,3674,21,3695,5000,3375,3460,85,320,405,0.913396,0.975434,21,0,1.000000
398,0.308357,57.710000,1.185065,0.000000,0.000000,0.590400,0.002200,0.592600,0.865000,1,2952,11,2963,5000,2862,2936,74,101,175,0.965913,0.974796,11,0,1.000000
399,0.340975,54.870000,1.336111,0.000000,0.000000,0.695600,0.001000,0.696600,0.901400,1,3478,5,3483,5000,3196,3344,148,287,435,0.917600,0.955742,5,0,1.000000
400,0.221047,52.200000,1.400447,0.000000,0.000000,0.560000,0.000600,0.560600,0.921000,1,2800,3,2803,5000,2721,2772,51,82,133,0.970746,0.981602,3,0,1.000000
401,0.290251,54.320000,1.330392,0.000000,0.000000,0.637600,0.000400,0.638000,0.884800,1,3188,2,3190,5000,2913,2984,71,277,348,0.913166,0.976206,2,0,1.000000
402,0.167566,59.610000,1.176363,0.000000,0.000000,0.581600,0.000400,0.582000,0.923800,1,2908,2,2910,5000,2869,2964,95,41,136,0.985911,0.967949,2,0,1.000000
403,0.123507,56.280000,1.328008,0.000000,0.000000,0.724200,0.000800,0.725000,0.964600,1,3621,4,3625,5000,3598,3704,106,27,133,0.992552,0.971382,4,0,1.000000
404,0.154863,60.210000,1.139708,0.000000,0.000000,0.677600,0.000200,0.677800,0.957600,1,3388,1,3389,5000,3317,3380,63,72,135,0.978755,0.981361,1,0,1.000000
405,0.181575,54.210000,1.297994,0.000000,0.000000,0.508800,0.001400,0.510200,0.956400,1,2544,7,2551,5000,2477,2556,79,74,153,0.970992,0.969092,7,0,1.000000
406,0.327703,58.380000,1.184723,0.000000,0.000000,0.683200,0.000000,0.683200,0.865000,1,3416,0,3416,5000,3129,3200,71,287,358,0.915984,0.977812,0,0,0.000000
407,0.265979,52.670000,1.360357,0.000000,0.000000,0.531600,0.000400,0.532000,0.880000,1,2658,2,2660,5000,2554,2656,102,106,208,0.960150,0.961596,1,1,0.500000
408,0.151464,60.010000,1.130379,0.000000,0.000000,0.639200,0.000400,0.639600,0.970000,1,3196,2,3198,5000,3146,3232,86,52,138,0.983740,0.973391,2,0,1.000000
409,0.131200,57.450000,1.207660,0.000000,0.000000,0.467200,0.000000,0.467200,0.974200,1,2336,0,2336,5000,2294,2340,46,42,88,0.982021,0.980342,0,0,0.000000
410,0.268084,60.500000,1.153208,0.000000,0.000000,0.647600,0.000200,0.647800,0.916600,1,3238,1,3239,5000,2986,3076,90,253,343,0.921889,0.970741,1,0,1.000000
411,0.286353,53.000000,1.371869,0.000000,0.000000,0.463200,0.000200,0.463400,0.920200,1,2316,1,2317,5000,2003,2072,69,314,383,0.864480,0.966699,1,0,1.000000
412,0.321995,59.490000,1.164676,0.000000,0.000000,0.456000,0.002800,0.458800,0.915800,1,2280,14,2294,5000,1996,2088,92,298,390,0.870096,0.955939,12,2,0.857143
413,0.244598,57.290000,1.228591,0.000000,0.000000,0.673000,0.000600,0.673600,0.929200,1,3365,3,3368,5000,3113,3176,63,255,318,0.924287,0.980164,3,0,1.000000
414,0.257473,57.010000,1.205575,0.000000,0.000000,0.671800,0.000200,0.672000,0.918200,1,3359,1,3360,5000,3127,3196,69,233,302,0.930655,0.978411,1,0,1.000000
415,0.169314,52.200000,1.392256,0.000000,0.000000,0.550400,0.000200,0.550600,0.960600,1,2752,1,2753,5000,2701,2744,43,52,95,0.981112,0.984329,1,0,1.000000
416,0.250741,56.230000,1.267147,0.000000,0.000000,0.683800,0.000000,0.683800,0.944800,1,3419,0,3419,5000,3366,3452,86,53,139,0.984498,0.975087,0,0,0.000000
417,0.144120,54.400000,1.294895,0.000000,0.000000,0.695000,0.001000,0.696000,0.913000,1,3475,5,3480,5000,3454,3556,102,26,128,0.992529,0.971316,5,0,1.000000
418,0.155126,49.000000,1.456046,0.000000,0.000000,0.632200,0.000000,0.632200,0.951800,1,3161,0,3161,5000,3102,3188,86,59,145,0.981335,0.973024,0,0,0.000000
419,0.139211,54.350000,1.305974,0.000000,0.000000,0.485000,0.002000,0.487000,0.958200,1,2425,10,2435,5000,2391,2464,73,44,117,0.981930,0.970373,10,0,1.000000
420,0.380604,52.070000,1.369603,0.000000,0.000000,0.594800,0.001000,0.595800,0.888000,1,2974,5,2979,5000,2644,2708,64,335,399,0.887546,0.976366,4,1,0.800000
421,0.160597,54.610000,1.285838,0.000000,0.000000,0.611000,0.000600,0.611600,0.963600,1,3055,3,3058,5000,3004,3060,56,54,110,0.982341,0.981699,3,0,1.000000
422,0.137957,54.950000,1.302615,0.000000,0.000000,0.545800,0.000600,0.546400,0.962000,1,2729,3,2732,5000,2688,2764,76,44,120,0.983895,0.972504,2,1,0.666667
423,0.161874,57.500000,1.222372,0.000000,0.000000,0.557400,0.001400,0.558800,0.955200,1,2787,7,2794,5000,2731,2820,89,63,152,0.977452,0.968440,7,0,1.000000
424,0.544535,55.480000,1.256955,0.000000,0.000000,0.484000,0.000000,0.484000,0.856400,1,2420,0,2420,5000,1801,1832,31,619,650,0.744215,0.983079,0,0,0.000000
425,0.157381,56.670000,1.277811,0.000000,0.000000,0.615000,0.001000,0.616000,0.939400,1,3075,5,3080,5000,3024,3120,96,56,152,0.981818,0.969231,5,0,1.000000
426,0.280033,56.170000,1.234269,0.000000,0.000000,0.617600,0.000800,0.618400,0.915800,1,3088,4,3092,5000,2810,2916,106,282,388,0.908797,0.963649,4,0,1.000000
427,0.167122,57.730000,1.207012,0.000000,0.000000,0.572600,0.000200,0.572800,0.947000,1,2863,1,2864,5000,2780,2856,76,84,160,0.970670,0.973389,1,0,1.000000
428,0.262963,51.790000,1.441742,0.000000,0.000000,0.697400,0.000000,0.697400,0.904000,1,3487,0,3487,5000,3229,3276,47,258,305,0.926011,0.985653,0,0,0.000000
429,0.288033,58.540000,1.182601,0.000000,0.000000,0.660200,0.001400,0.661600,0.902600,1,3301,7,3308,5000,3024,3136,112,284,396,0.914148,0.964286,7,0,1.000000
430,0.092529,57.970000,1.250039,0.000000,0.000000,0.613400,0.000400,0.613800,0.979400,1,3067,2,3069,5000,3040,3076,36,29,65,0.990551,0.988296,1,1,0.500000
431,0.211262,57.240000,1.227965,0.000000,0.000000,0.695200,0.000600,0.695800,0.951400,1,3476,3,3479,5000,3441,3512,71,38,109,0.989077,0.979784,2,1,0.666667
432,0.214721,56.680000,1.260487,0.000000,0.000000,0.520000,0.000400,0.520400,0.941000,1,2600,2,2602,5000,2540,2596,56,62,118,0.976172,0.978428,2,0,1.000000
433,0.112755,47.840000,1.514392,0.000000,0.000000,0.724400,0.000000,0.724400,0.966400,1,3622,0,3622,5000,3592,3652,60,30,90,0.991717,0.983571,0,0,0.000000
434,0.137868,59.480000,1.212621,0.000000,0.000000,0.714000,0.000000,0.714000,0.957400,1,3570,0,3570,5000,3505,3576,71,65,136,0.981793,0.980145,0,0,0.000000
435,0.197440,56.210000,1.313018,0.000000,0.000000,0.597800,0.000200,0.598000,0.919000,1,2989,1,2990,5000,2916,2992,76,74,150,0.975251,0.974599,1,0,1.000000
436,0.156736,61.500000,1.106371,0.000000,0.000000,0.640600,0.000400,0.641000,0.943400,1,3203,2,3205,5000,3164,3216,52,41,93,0.987207,0.983831,1,1,0.500000
437,0.193329,58.230000,1.176024,0.000000,0.000000,0.571600,0.000200,0.571800,0.943000,1,2858,1,2859,5000,2790,2860,70,69,139,0.975866,0.975524,1,0,1.000000
438,0.284519,57.070000,1.227951,0.000000,0.000000,0.712800,0.000000,0.712800,0.917000,1,3564,0,3564,5000,3247,3300,53,317,370,0.911055,0.983939,0,0,0.000000
439,0.099750,55.700000,1.286858,0.000000,0.000000,0.588800,0.000000,0.588800,0.966400,1,2944,0,2944,5000,2902,2952,50,42,92,0.985734,0.983062,0,0,0.000000
440,0.152722,53.300000,1.393661,0.000000,0.000000,0.517400,0.000600,0.518000,0.954200,1,2587,3,2590,5000,2531,2568,37,59,96,0.977220,0.985592,3,0,1.000000
441,0.152623,53.760000,1.336576,0.000000,0.000000,0.584600,0.000200,0.584800,0.947600,1,2923,1,2924,5000,2857,2912,55,67,122,0.977086,0.981113,0,1,0.000000
442,0.142309,58.540000,1.238475,0.000000,0.000000,0.622200,0.000000,0.622200,0.958200,1,3111,0,3111,5000,3066,3136,70,45,115,0.985535,0.977679,0,0,0.000000
443,0.269744,42.240000,1.804296,0.000000,0.000000,0.641000,0.000600,0.641600,0.957600,1,3205,3,3208,5000,3177,3216,39,31,70,0.990337,0.987873,3,0,1.000000
444,0.448237,55.910000,1.259106,0.000000,0.000000,0.692200,0.000400,0.692600,0.823000,1,3461,2,3463,5000,3173,3228,55,290,345,0.916258,0.982962,2,0,1.000000
445,0.274078,56.060000,1.251895,0.000000,0.000000,0.571000,0.000400,0.571400,0.920800,1,2855,2,2857,5000,2570,2652,82,287,369,0.899545,0.969080,2,0,1.000000
446,0.147114,56.720000,1.278583,0.000000,0.000000,0.610400,0.003200,0.613600,0.951400,1,3052,16,3068,5000,3010,3164,154,58,212,0.981095,0.951327,16,0,1.000000
447,0.153313,59.970000,1.164058,0.000000,0.000000,0.541800,0.000400,0.542200,0.944600,1,2709,2,2711,5000,2639,2700,61,72,133,0.973442,0.977407,2,0,1.000000
448,0.207572,55.900000,1.315080,0.000000,0.000000,0.622000,0.000000,0.622000,0.902000,1,3110,0,3110,5000,2977,3032,55,133,188,0.957235,0.981860,0,0,0.000000
449,0.336587,60.180000,1.144478,0.000000,0.000000,0.434000,0.000400,0.434400,0.888800,1,2170,2,2172,5000,1894,1940,46,278,324,0.872007,0.976289,2,0,1.000000
450,0.151834,58.570000,1.189964,0.000000,0.000000,0.596200,0.000200,0.596400,0.909600,1,2981,1,2982,5000,2919,2988,69,63,132,0.978873,0.976908,1,0,1.000000
451,0.295942,58.160000,1.184017,0.000000,0.000000,0.661800,0.000800,0.662600,0.900200,1,3309,4,3313,5000,3015,3068,53,298,351,0.910051,0.982725,4,0,1.000000
452,0.511342,58.760000,1.206493,0.000000,0.000000,0.624200,0.000200,0.624400,0.897800,1,3121,1,3122,5000,2858,2908,50,264,314,0.915439,0.982806,1,0,1.000000
453,0.139575,55.500000,1.273156,0.000000,0.000000,0.559800,0.000600,0.560400,0.964800,1,2799,3,2802,5000,2764,2816,52,38,90,0.986438,0.981534,3,0,1.000000
454,0.170408,55.130000,1.285259,0.000000,0.000000,0.709600,0.000200,0.709800,0.905400,1,3548,1,3549,5000,3486,3532,46,63,109,0.982249,0.986976,1,0,1.000000
455,0.139448,48.750000,1.496510,0.000000,0.000000,0.624600,0.002800,0.627400,0.959600,1,3123,14,3137,5000,3084,3176,92,53,145,0.983105,0.971033,14,0,1.000000
456,0.153207,56.520000,1.254626,0.000000,0.000000,0.523400,0.000400,0.523800,0.968400,1,2617,2,2619,5000,2571,2612,41,48,89,0.981672,0.984303,2,0,1.000000
457,0.095730,58.400000,1.186904,0.000000,0.000000,0.656400,0.000200,0.656600,0.978000,1,3282,1,3283,5000,3253,3360,107,30,137,0.990862,0.968155,1,0,1.000000
458,0.148323,53.670000,1.339728,0.000000,0.000000,0.596400,0.001000,0.597400,0.899600,1,2982,5,2987,5000,2919,3004,85,68,153,0.977235,0.971704,4,1,0.800000
459,0.160452,57.500000,1.183706,0.000000,0.000000,0.630200,0.000600,0.630800,0.909600,1,3151,3,3154,5000,3106,3188,82,48,130,0.984781,0.974279,3,0,1.000000
460,0.153233,58.280000,1.185992,0.000000,0.000000,0.625600,0.000400,0.626000,0.956800,1,3128,2,3130,5000,3063,3128,65,67,132,0.978594,0.979220,2,0,1.000000
461,0.147294,58.080000,1.194164,0.000000,0.000000,0.648400,0.001200,0.649600,0.935000,1,3242,6,3248,5000,3185,3276,91,63,154,0.980603,0.972222,6,0,1.000000
462,0.127221,56.830000,1.267177,0.000000,0.000000,0.740200,0.000200,0.740400,0.943200,1,3701,1,3702,5000,3660,3720,60,42,102,0.988655,0.983871,1,0,1.000000
463,0.260446,58.230000,1.188183,0.000000,0.000000,0.731400,0.000200,0.731600,0.917600,1,3657,1,3658,5000,3383,3436,53,275,328,0.924822,0.984575,1,0,1.000000
464,0.137568,55.730000,1.220607,0.000000,0.000000,0.589600,0.000400,0.590000,0.954000,1,2948,2,2950,5000,2899,2960,61,51,112,0.982712,0.979392,2,0,1.000000
465,0.145390,57.350000,1.263714,0.000000,0.000000,0.520600,0.001000,0.521600,0.929400,1,2603,5,2608,5000,2539,2608,69,69,138,0.973543,0.973543,5,0,1.000000
466,0.107768,61.270000,1.112201,0.000000,0.000000,0.650400,0.000600,0.651000,0.974600,1,3252,3,3255,5000,3222,3268,46,33,79,0.989862,0.985924,3,0,1.000000
467,0.288682,61.150000,1.115044,0.000000,0.000000,0.495800,0.000200,0.496000,0.923400,1,2479,1,2480,5000,2193,2240,47,287,334,0.884274,0.979018,1,0,1.000000
468,0.344612,59.610000,1.132420,0.000000,0.000000,0.615200,0.000800,0.616000,0.859200,1,3076,4,3080,5000,2779,2860,81,301,382,0.902273,0.971678,4,0,1.000000
469,0.150416,54.360000,1.334424,0.000000,0.000000,0.616000,0.000200,0.616200,0.951800,1,3080,1,3081,5000,3012,3088,76,69,145,0.977605,0.975389,1,0,1.000000
470,0.308636,53.430000,1.323354,0.000000,0.000000,0.642400,0.001000,0.643400,0.893000,1,3212,5,3217,5000,2941,3016,75,276,351,0.914206,0.975133,5,0,1.000000
471,0.320199,57.710000,1.220056,0.000000,0.000000,0.583200,0.000200,0.583400,0.895400,1,2916,1,2917,5000,2726,2792,66,191,257,0.934522,0.976361,1,0,1.000000
472,0.254670,52.340000,1.361500,0.000000,0.000000,0.671800,0.003200,0.675000,0.904400,1,3359,16,3375,5000,3091,3204,113,284,397,0.915852,0.964732,16,0,1.000000
473,0.384857,53.130000,1.360643,0.000000,0.000000,0.580800,0.000000,0.580800,0.901800,1,2904,0,2904,5000,2629,2696,67,275,342,0.905303,0.975148,0,0,0.000000
474,0.392031,54.700000,1.318423,0.000000,0.000000,0.611600,0.000200,0.611800,0.876000,1,3058,1,3059,5000,2573,2608,35,486,521,0.841125,0.986580,1,0,1.000000
475,0.146351,55.600000,1.310383,0.000000,0.000000,0.553200,0.000600,0.553800,0.956400,1,2766,3,2769,5000,2706,2756,50,63,113,0.977248,0.981858,3,0,1.000000
476,0.154387,60.080000,1.152716,0.000000,0.000000,0.694200,0.000800,0.695000,0.941200,1,3471,4,3475,5000,3425,3512,87,50,137,0.985612,0.975228,4,0,1.000000
477,0.111103,58.540000,1.155150,0.000000,0.000000,0.682600,0.000600,0.683200,0.968200,1,3413,3,3416,5000,3383,3436,53,33,86,0.990340,0.984575,3,0,1.000000
478,0.149949,52.220000,1.346454,0.000000,0.000000,0.569600,0.003200,0.572800,0.954400,1,2848,16,2864,5000,2797,2888,91,67,158,0.976606,0.968490,16,0,1.000000
479,0.261966,58.960000,1.185244,0.000000,0.000000,0.676800,0.000400,0.677200,0.913400,1,3384,2,3386,5000,3107,3152,45,279,324,0.917602,0.985723,2,0,1.000000
480,0.156695,52.970000,1.328258,0.000000,0.000000,0.707200,0.000000,0.707200,0.962200,1,3536,0,3536,5000,3467,3536,69,69,138,0.980486,0.980486,0,0,0.000000
481,0.162312,56.210000,1.239056,0.000000,0.000000,0.506200,0.000200,0.506400,0.941400,1,2531,1,2532,5000,2474,2536,62,58,120,0.977093,0.975552,1,0,1.000000
482,0.106395,57.170000,1.198900,0.000000,0.000000,0.690800,0.000800,0.691600,0.957800,1,3454,4,3458,5000,3431,3484,53,27,80,0.992192,0.984788,4,0,1.000000
483,0.266110,56.160000,1.270046,0.000000,0.000000,0.717600,0.000600,0.718200,0.916600,1,3588,3,3591,5000,3292,3364,72,299,371,0.916736,0.978597,2,1,0.666667
484,0.108977,60.970000,1.108550,0.000000,0.000000,0.700400,0.000800,0.701200,0.952000,1,3502,4,3506,5000,3478,3544,66,28,94,0.992014,0.981377,4,0,1.000000
485,0.187876,53.740000,1.326105,0.000000,0.000000,0.526800,0.000800,0.527600,0.875800,1,2634,4,2638,5000,2533,2588,55,105,160,0.960197,0.978748,4,0,1.000000
486,0.148835,55.140000,1.275307,0.000000,0.000000,0.566600,0.000200,0.566800,0.962800,1,2833,1,2834,5000,2767,2824,57,67,124,0.976359,0.979816,1,0,1.000000
487,0.244992,56.190000,1.252159,0.000000,0.000000,0.628600,0.000200,0.628800,0.959600,1,3143,1,3144,5000,3094,3144,50,50,100,0.984097,0.984097,1,0,1.000000
488,0.169483,52.400000,1.325141,0.000000,0.000000,0.630000,0.000000,0.630000,0.949400,1,3150,0,3150,5000,3103,3200,97,47,144,0.985079,0.969687,0,0,0.000000
489,0.145031,59.760000,1.142778,0.000000,0.000000,0.614400,0.001400,0.615800,0.943200,1,3072,7,3079,5000,3011,3108,97,68,165,0.977915,0.968790,7,0,1.000000
490,0.254345,60.680000,1.158800,0.000000,0.000000,0.650600,0.000200,0.650800,0.925600,1,3253,1,3254,5000,2997,3048,51,257,308,0.921020,0.983268,1,0,1.000000
491,0.333391,58.470000,1.234510,0.000000,0.000000,0.508600,0.000200,0.508800,0.884000,1,2543,1,2544,5000,2205,2252,47,339,386,0.866745,0.979130,1,0,1.000000
492,0.166784,58.750000,1.201721,0.000000,0.000000,0.675200,0.000400,0.675600,0.948400,1,3376,2,3378,5000,3294,3352,58,84,142,0.975133,0.982697,2,0,1.000000
493,0.138837,53.830000,1.311563,0.000000,0.000000,0.686200,0.000400,0.686600,0.961800,1,3431,2,3433,5000,3393,3472,79,40,119,0.988348,0.977247,2,0,1.000000
494,0.219525,55.020000,1.256713,0.000000,0.000000,0.546800,0.000000,0.546800,0.910400,1,2734,0,2734,5000,2666,2724,58,68,126,0.975128,0.978708,0,0,0.000000
495,0.279963,57.580000,1.221377,0.000000,0.000000,0.599600,0.002200,0.601800,0.904600,1,2998,11,3009,5000,2716,2804,88,293,381,0.902625,0.968616,10,1,0.909091
496,0.375629,55.380000,1.298521,0.000000,0.000000,0.554800,0.000000,0.554800,0.904400,1,2774,0,2774,5000,2410,2464,54,364,418,0.868782,0.978084,0,0,0.000000
497,0.119025,55.960000,1.252438,0.000000,0.000000,0.624400,0.000200,0.624600,0.967200,1,3122,1,3123,5000,3076,3144,68,47,115,0.984950,0.978372,1,0,1.000000
498,0.388557,54.710000,1.279401,0.000000,0.000000,0.702600,0.001000,0.703600,0.863000,1,3513,5,3518,5000,3043,3120,77,475,552,0.864980,0.975321,5,0,1.000000
499,0.358914,57.140000,1.217068,0.000000,0.000000,0.442400,0.000400,0.442800,0.905600,1,2212,2,2214,5000,1839,1892,53,375,428,0.830623,0.971987,2,0,1.000000
