epoch,train_loss,global_test_acc,global_test_loss,personal_apa,personal_loss,core_clean_ratio,recover_ratio,train_ratio,agreement_ratio,recovery_trigger,core_count,recover_count,train_count,total_count,actual_train_clean_count,actual_round_clean_count,missed_clean_count,false_clean_count,total_wrong_count,actual_train_clean_ratio,clean_recall,recover_true_clean_count,recover_false_clean_count,recover_precision
0,1.579433,19.930000,2.261942,0.000000,0.000000,1.000000,0.000000,1.000000,0.000000,0,5000,0,5000,5000,3216,3216,0,1784,1784,0.643200,1.000000,0,0,0.000000
1,1.622528,21.850000,2.178927,0.000000,0.000000,1.000000,0.000000,1.000000,0.000000,0,5000,0,5000,5000,2980,2980,0,2020,2020,0.596000,1.000000,0,0,0.000000
2,1.444677,15.700000,2.233482,0.000000,0.000000,1.000000,0.000000,1.000000,0.000000,0,5000,0,5000,5000,3112,3112,0,1888,1888,0.622400,1.000000,0,0,0.000000
3,1.574788,24.040000,2.131331,0.000000,0.000000,1.000000,0.000000,1.000000,0.000000,0,5000,0,5000,5000,3096,3096,0,1904,1904,0.619200,1.000000,0,0,0.000000
4,1.657805,25.200000,2.135125,0.000000,0.000000,1.000000,0.000000,1.000000,0.000000,0,5000,0,5000,5000,2924,2924,0,2076,2076,0.584800,1.000000,0,0,0.000000
5,1.896236,25.910000,2.135291,0.000000,0.000000,1.000000,0.000000,1.000000,0.000000,0,5000,0,5000,5000,2272,2272,0,2728,2728,0.454400,1.000000,0,0,0.000000
6,1.584949,26.170000,2.102382,0.000000,0.000000,1.000000,0.000000,1.000000,0.000000,0,5000,0,5000,5000,3012,3012,0,1988,1988,0.602400,1.000000,0,0,0.000000
7,1.407943,24.590000,2.122404,0.000000,0.000000,1.000000,0.000000,1.000000,0.000000,0,5000,0,5000,5000,3164,3164,0,1836,1836,0.632800,1.000000,0,0,0.000000
8,1.132968,28.890000,2.065019,0.000000,0.000000,1.000000,0.000000,1.000000,0.000000,0,5000,0,5000,5000,3772,3772,0,1228,1228,0.754400,1.000000,0,0,0.000000
9,1.541392,24.450000,2.071146,0.000000,0.000000,1.000000,0.000000,1.000000,0.000000,0,5000,0,5000,5000,2752,2752,0,2248,2248,0.550400,1.000000,0,0,0.000000
10,1.588334,19.980000,2.157493,0.000000,0.000000,1.000000,0.000000,1.000000,0.000000,0,5000,0,5000,5000,2888,2888,0,2112,2112,0.577600,1.000000,0,0,0.000000
11,1.558152,24.940000,2.084034,0.000000,0.000000,1.000000,0.000000,1.000000,0.000000,0,5000,0,5000,5000,2940,2940,0,2060,2060,0.588000,1.000000,0,0,0.000000
12,1.685622,29.390000,2.048053,0.000000,0.000000,1.000000,0.000000,1.000000,0.000000,0,5000,0,5000,5000,2736,2736,0,2264,2264,0.547200,1.000000,0,0,0.000000
13,1.473707,27.980000,2.038756,0.000000,0.000000,1.000000,0.000000,1.000000,0.000000,0,5000,0,5000,5000,3148,3148,0,1852,1852,0.629600,1.000000,0,0,0.000000
14,1.308277,26.230000,2.058628,0.000000,0.000000,1.000000,0.000000,1.000000,0.000000,0,5000,0,5000,5000,3492,3492,0,1508,1508,0.698400,1.000000,0,0,0.000000
15,1.472112,21.900000,2.052762,0.000000,0.000000,1.000000,0.000000,1.000000,0.000000,0,5000,0,5000,5000,3160,3160,0,1840,1840,0.632000,1.000000,0,0,0.000000
16,1.288693,32.310000,2.023941,0.000000,0.000000,1.000000,0.000000,1.000000,0.000000,0,5000,0,5000,5000,3508,3508,0,1492,1492,0.701600,1.000000,0,0,0.000000
17,1.638880,31.950000,2.018901,0.000000,0.000000,1.000000,0.000000,1.000000,0.000000,0,5000,0,5000,5000,2780,2780,0,2220,2220,0.556000,1.000000,0,0,0.000000
18,1.667000,25.080000,2.072234,0.000000,0.000000,1.000000,0.000000,1.000000,0.000000,0,5000,0,5000,5000,2632,2632,0,2368,2368,0.526400,1.000000,0,0,0.000000
19,1.664281,29.050000,2.044371,0.000000,0.000000,1.000000,0.000000,1.000000,0.000000,0,5000,0,5000,5000,2716,2716,0,2284,2284,0.543200,1.000000,0,0,0.000000
20,1.385473,32.910000,2.008644,0.000000,0.000000,1.000000,0.000000,1.000000,0.000000,0,5000,0,5000,5000,3272,3272,0,1728,1728,0.654400,1.000000,0,0,0.000000
21,1.513961,31.740000,2.008977,0.000000,0.000000,1.000000,0.000000,1.000000,0.000000,0,5000,0,5000,5000,3172,3172,0,1828,1828,0.634400,1.000000,0,0,0.000000
22,1.479344,28.820000,2.017692,0.000000,0.000000,1.000000,0.000000,1.000000,0.000000,0,5000,0,5000,5000,3028,3028,0,1972,1972,0.605600,1.000000,0,0,0.000000
23,1.502838,27.440000,2.063302,0.000000,0.000000,1.000000,0.000000,1.000000,0.000000,0,5000,0,5000,5000,3004,3004,0,1996,1996,0.600800,1.000000,0,0,0.000000
24,1.501100,25.260000,2.054590,0.000000,0.000000,1.000000,0.000000,1.000000,0.000000,0,5000,0,5000,5000,3028,3028,0,1972,1972,0.605600,1.000000,0,0,0.000000
25,1.348634,32.640000,1.967901,0.000000,0.000000,1.000000,0.000000,1.000000,0.000000,0,5000,0,5000,5000,3364,3364,0,1636,1636,0.672800,1.000000,0,0,0.000000
26,1.488004,30.170000,2.009067,0.000000,0.000000,1.000000,0.000000,1.000000,0.000000,0,5000,0,5000,5000,3208,3208,0,1792,1792,0.641600,1.000000,0,0,0.000000
27,1.364135,30.030000,2.003405,0.000000,0.000000,1.000000,0.000000,1.000000,0.000000,0,5000,0,5000,5000,3324,3324,0,1676,1676,0.664800,1.000000,0,0,0.000000
28,1.529825,33.270000,1.985880,0.000000,0.000000,1.000000,0.000000,1.000000,0.000000,0,5000,0,5000,5000,2968,2968,0,2032,2032,0.593600,1.000000,0,0,0.000000
29,1.404957,28.500000,2.024027,0.000000,0.000000,1.000000,0.000000,1.000000,0.000000,0,5000,0,5000,5000,3264,3264,0,1736,1736,0.652800,1.000000,0,0,0.000000
30,1.258880,24.430000,2.030635,0.000000,0.000000,1.000000,0.000000,1.000000,0.000000,0,5000,0,5000,5000,3504,3504,0,1496,1496,0.700800,1.000000,0,0,0.000000
31,1.467525,30.190000,2.004698,0.000000,0.000000,1.000000,0.000000,1.000000,0.000000,0,5000,0,5000,5000,3148,3148,0,1852,1852,0.629600,1.000000,0,0,0.000000
32,1.660119,31.720000,1.993059,0.000000,0.000000,1.000000,0.000000,1.000000,0.000000,0,5000,0,5000,5000,2788,2788,0,2212,2212,0.557600,1.000000,0,0,0.000000
33,1.682316,29.130000,2.037734,0.000000,0.000000,1.000000,0.000000,1.000000,0.000000,0,5000,0,5000,5000,2796,2796,0,2204,2204,0.559200,1.000000,0,0,0.000000
34,1.265098,32.090000,2.004912,0.000000,0.000000,1.000000,0.000000,1.000000,0.000000,0,5000,0,5000,5000,3496,3496,0,1504,1504,0.699200,1.000000,0,0,0.000000
35,1.552252,29.470000,2.028558,0.000000,0.000000,1.000000,0.000000,1.000000,0.000000,0,5000,0,5000,5000,2908,2908,0,2092,2092,0.581600,1.000000,0,0,0.000000
36,1.294097,20.680000,2.090563,0.000000,0.000000,1.000000,0.000000,1.000000,0.000000,0,5000,0,5000,5000,3428,3428,0,1572,1572,0.685600,1.000000,0,0,0.000000
37,1.427200,29.760000,1.987827,0.000000,0.000000,1.000000,0.000000,1.000000,0.000000,0,5000,0,5000,5000,3196,3196,0,1804,1804,0.639200,1.000000,0,0,0.000000
38,1.862549,30.390000,2.037297,0.000000,0.000000,1.000000,0.000000,1.000000,0.000000,0,5000,0,5000,5000,2148,2148,0,2852,2852,0.429600,1.000000,0,0,0.000000
39,1.492004,27.920000,2.064475,0.000000,0.000000,1.000000,0.000000,1.000000,0.000000,0,5000,0,5000,5000,3172,3172,0,1828,1828,0.634400,1.000000,0,0,0.000000
40,1.380497,27.730000,2.021595,0.000000,0.000000,1.000000,0.000000,1.000000,0.000000,0,5000,0,5000,5000,3196,3196,0,1804,1804,0.639200,1.000000,0,0,0.000000
41,1.438417,26.610000,2.020269,0.000000,0.000000,1.000000,0.000000,1.000000,0.000000,0,5000,0,5000,5000,3036,3036,0,1964,1964,0.607200,1.000000,0,0,0.000000
42,1.467102,31.940000,2.011196,0.000000,0.000000,1.000000,0.000000,1.000000,0.000000,0,5000,0,5000,5000,3112,3112,0,1888,1888,0.622400,1.000000,0,0,0.000000
43,1.394991,29.520000,2.006600,0.000000,0.000000,1.000000,0.000000,1.000000,0.000000,0,5000,0,5000,5000,3152,3152,0,1848,1848,0.630400,1.000000,0,0,0.000000
44,1.535180,32.540000,1.989344,0.000000,0.000000,1.000000,0.000000,1.000000,0.000000,0,5000,0,5000,5000,2976,2976,0,2024,2024,0.595200,1.000000,0,0,0.000000
45,1.392553,29.130000,1.988763,0.000000,0.000000,1.000000,0.000000,1.000000,0.000000,0,5000,0,5000,5000,3204,3204,0,1796,1796,0.640800,1.000000,0,0,0.000000
46,1.468583,28.030000,2.001428,0.000000,0.000000,1.000000,0.000000,1.000000,0.000000,0,5000,0,5000,5000,2872,2872,0,2128,2128,0.574400,1.000000,0,0,0.000000
47,1.273879,30.520000,1.990256,0.000000,0.000000,1.000000,0.000000,1.000000,0.000000,0,5000,0,5000,5000,3396,3396,0,1604,1604,0.679200,1.000000,0,0,0.000000
48,1.506502,29.750000,1.998473,0.000000,0.000000,1.000000,0.000000,1.000000,0.000000,0,5000,0,5000,5000,2756,2756,0,2244,2244,0.551200,1.000000,0,0,0.000000
49,1.759444,28.490000,2.048834,0.000000,0.000000,1.000000,0.000000,1.000000,0.000000,0,5000,0,5000,5000,2452,2452,0,2548,2548,0.490400,1.000000,0,0,0.000000
50,1.463426,25.840000,2.047514,0.000000,0.000000,1.000000,0.000000,1.000000,0.000000,0,5000,0,5000,5000,2912,2912,0,2088,2088,0.582400,1.000000,0,0,0.000000
51,1.646126,29.380000,2.062195,0.000000,0.000000,1.000000,0.000000,1.000000,0.000000,0,5000,0,5000,5000,2612,2612,0,2388,2388,0.522400,1.000000,0,0,0.000000
52,1.365573,28.770000,2.057601,0.000000,0.000000,1.000000,0.000000,1.000000,0.000000,0,5000,0,5000,5000,3136,3136,0,1864,1864,0.627200,1.000000,0,0,0.000000
53,1.426835,30.220000,2.013412,0.000000,0.000000,1.000000,0.000000,1.000000,0.000000,0,5000,0,5000,5000,2952,2952,0,2048,2048,0.590400,1.000000,0,0,0.000000
54,1.648089,26.080000,2.042631,0.000000,0.000000,1.000000,0.000000,1.000000,0.000000,0,5000,0,5000,5000,2556,2556,0,2444,2444,0.511200,1.000000,0,0,0.000000
55,1.151891,27.300000,1.993080,0.000000,0.000000,1.000000,0.000000,1.000000,0.000000,0,5000,0,5000,5000,3536,3536,0,1464,1464,0.707200,1.000000,0,0,0.000000
56,1.416445,31.490000,1.999947,0.000000,0.000000,1.000000,0.000000,1.000000,0.000000,0,5000,0,5000,5000,3120,3120,0,1880,1880,0.624000,1.000000,0,0,0.000000
57,1.356658,30.270000,2.012845,0.000000,0.000000,1.000000,0.000000,1.000000,0.000000,0,5000,0,5000,5000,3276,3276,0,1724,1724,0.655200,1.000000,0,0,0.000000
58,1.461829,33.010000,1.966120,0.000000,0.000000,1.000000,0.000000,1.000000,0.000000,0,5000,0,5000,5000,3048,3048,0,1952,1952,0.609600,1.000000,0,0,0.000000
59,1.198963,28.630000,2.000700,0.000000,0.000000,1.000000,0.000000,1.000000,0.000000,0,5000,0,5000,5000,3620,3620,0,1380,1380,0.724000,1.000000,0,0,0.000000
60,1.558334,31.820000,2.008162,0.000000,0.000000,1.000000,0.000000,1.000000,0.000000,0,5000,0,5000,5000,2920,2920,0,2080,2080,0.584000,1.000000,0,0,0.000000
61,1.236542,30.740000,1.991284,0.000000,0.000000,1.000000,0.000000,1.000000,0.000000,0,5000,0,5000,5000,3400,3400,0,1600,1600,0.680000,1.000000,0,0,0.000000
62,1.526573,31.650000,1.991244,0.000000,0.000000,1.000000,0.000000,1.000000,0.000000,0,5000,0,5000,5000,2884,2884,0,2116,2116,0.576800,1.000000,0,0,0.000000
63,1.429073,32.360000,1.954661,0.000000,0.000000,1.000000,0.000000,1.000000,0.000000,0,5000,0,5000,5000,3140,3140,0,1860,1860,0.628000,1.000000,0,0,0.000000
64,1.168681,31.100000,1.934573,0.000000,0.000000,1.000000,0.000000,1.000000,0.000000,0,5000,0,5000,5000,3464,3464,0,1536,1536,0.692800,1.000000,0,0,0.000000
65,1.619213,30.830000,2.005255,0.000000,0.000000,1.000000,0.000000,1.000000,0.000000,0,5000,0,5000,5000,2692,2692,0,2308,2308,0.538400,1.000000,0,0,0.000000
66,1.633771,32.360000,1.984788,0.000000,0.000000,1.000000,0.000000,1.000000,0.000000,0,5000,0,5000,5000,2648,2648,0,2352,2352,0.529600,1.000000,0,0,0.000000
67,1.450232,33.370000,1.965988,0.000000,0.000000,1.000000,0.000000,1.000000,0.000000,0,5000,0,5000,5000,3004,3004,0,1996,1996,0.600800,1.000000,0,0,0.000000
68,1.310940,32.860000,1.954507,0.000000,0.000000,1.000000,0.000000,1.000000,0.000000,0,5000,0,5000,5000,3332,3332,0,1668,1668,0.666400,1.000000,0,0,0.000000
69,1.608096,29.910000,2.008758,0.000000,0.000000,1.000000,0.000000,1.000000,0.000000,0,5000,0,5000,5000,2700,2700,0,2300,2300,0.540000,1.000000,0,0,0.000000
70,1.333516,34.880000,1.933668,0.000000,0.000000,1.000000,0.000000,1.000000,0.000000,0,5000,0,5000,5000,3208,3208,0,1792,1792,0.641600,1.000000,0,0,0.000000
71,1.551298,27.210000,2.006452,0.000000,0.000000,1.000000,0.000000,1.000000,0.000000,0,5000,0,5000,5000,2824,2824,0,2176,2176,0.564800,1.000000,0,0,0.000000
72,1.620582,27.880000,2.032885,0.000000,0.000000,1.000000,0.000000,1.000000,0.000000,0,5000,0,5000,5000,2612,2612,0,2388,2388,0.522400,1.000000,0,0,0.000000
73,1.456308,31.060000,1.983984,0.000000,0.000000,1.000000,0.000000,1.000000,0.000000,0,5000,0,5000,5000,3000,3000,0,2000,2000,0.600000,1.000000,0,0,0.000000
74,1.442625,26.460000,2.020651,0.000000,0.000000,1.000000,0.000000,1.000000,0.000000,0,5000,0,5000,5000,2980,2980,0,2020,2020,0.596000,1.000000,0,0,0.000000
75,1.184331,35.750000,1.915461,0.000000,0.000000,1.000000,0.000000,1.000000,0.000000,0,5000,0,5000,5000,3596,3596,0,1404,1404,0.719200,1.000000,0,0,0.000000
76,1.708491,28.890000,2.017592,0.000000,0.000000,1.000000,0.000000,1.000000,0.000000,0,5000,0,5000,5000,2544,2544,0,2456,2456,0.508800,1.000000,0,0,0.000000
77,1.112287,30.670000,1.982638,0.000000,0.000000,1.000000,0.000000,1.000000,0.000000,0,5000,0,5000,5000,3592,3592,0,1408,1408,0.718400,1.000000,0,0,0.000000
78,1.726007,29.890000,1.998471,0.000000,0.000000,1.000000,0.000000,1.000000,0.000000,0,5000,0,5000,5000,2380,2380,0,2620,2620,0.476000,1.000000,0,0,0.000000
79,1.235681,36.790000,1.912821,0.000000,0.000000,1.000000,0.000000,1.000000,0.000000,0,5000,0,5000,5000,3336,3336,0,1664,1664,0.667200,1.000000,0,0,0.000000
80,1.929651,26.890000,2.066822,0.000000,0.000000,1.000000,0.000000,1.000000,0.000000,0,5000,0,5000,5000,1824,1824,0,3176,3176,0.364800,1.000000,0,0,0.000000
81,1.592394,30.690000,2.039044,0.000000,0.000000,1.000000,0.000000,1.000000,0.000000,0,5000,0,5000,5000,2576,2576,0,2424,2424,0.515200,1.000000,0,0,0.000000
82,1.325549,31.970000,1.966842,0.000000,0.000000,1.000000,0.000000,1.000000,0.000000,0,5000,0,5000,5000,3364,3364,0,1636,1636,0.672800,1.000000,0,0,0.000000
83,1.638069,28.720000,2.045607,0.000000,0.000000,1.000000,0.000000,1.000000,0.000000,0,5000,0,5000,5000,2552,2552,0,2448,2448,0.510400,1.000000,0,0,0.000000
84,1.333676,26.990000,2.067024,0.000000,0.000000,1.000000,0.000000,1.000000,0.000000,0,5000,0,5000,5000,3192,3192,0,1808,1808,0.638400,1.000000,0,0,0.000000
85,1.333630,28.790000,2.012849,0.000000,0.000000,1.000000,0.000000,1.000000,0.000000,0,5000,0,5000,5000,3024,3024,0,1976,1976,0.604800,1.000000,0,0,0.000000
86,1.676815,27.410000,2.042339,0.000000,0.000000,1.000000,0.000000,1.000000,0.000000,0,5000,0,5000,5000,2456,2456,0,2544,2544,0.491200,1.000000,0,0,0.000000
87,1.340745,25.390000,2.047767,0.000000,0.000000,1.000000,0.000000,1.000000,0.000000,0,5000,0,5000,5000,3204,3204,0,1796,1796,0.640800,1.000000,0,0,0.000000
88,1.362770,28.060000,2.003362,0.000000,0.000000,1.000000,0.000000,1.000000,0.000000,0,5000,0,5000,5000,3096,3096,0,1904,1904,0.619200,1.000000,0,0,0.000000
89,1.550811,28.690000,2.037385,0.000000,0.000000,1.000000,0.000000,1.000000,0.000000,0,5000,0,5000,5000,2840,2840,0,2160,2160,0.568000,1.000000,0,0,0.000000
90,1.102380,31.720000,2.005959,0.000000,0.000000,1.000000,0.000000,1.000000,0.000000,0,5000,0,5000,5000,3548,3548,0,1452,1452,0.709600,1.000000,0,0,0.000000
91,1.400884,30.430000,2.011351,0.000000,0.000000,1.000000,0.000000,1.000000,0.000000,0,5000,0,5000,5000,2784,2784,0,2216,2216,0.556800,1.000000,0,0,0.000000
92,1.466044,25.080000,2.102644,0.000000,0.000000,1.000000,0.000000,1.000000,0.000000,0,5000,0,5000,5000,2812,2812,0,2188,2188,0.562400,1.000000,0,0,0.000000
93,1.105229,29.430000,2.027607,0.000000,0.000000,1.000000,0.000000,1.000000,0.000000,0,5000,0,5000,5000,3648,3648,0,1352,1352,0.729600,1.000000,0,0,0.000000
94,1.558713,28.380000,2.039745,0.000000,0.000000,1.000000,0.000000,1.000000,0.000000,0,5000,0,5000,5000,2692,2692,0,2308,2308,0.538400,1.000000,0,0,0.000000
95,0.845332,31.000000,1.957753,0.000000,0.000000,1.000000,0.000000,1.000000,0.000000,0,5000,0,5000,5000,4060,4060,0,940,940,0.812000,1.000000,0,0,0.000000
96,1.029413,30.110000,1.971949,0.000000,0.000000,1.000000,0.000000,1.000000,0.000000,0,5000,0,5000,5000,3888,3888,0,1112,1112,0.777600,1.000000,0,0,0.000000
97,1.809547,31.090000,1.993818,0.000000,0.000000,1.000000,0.000000,1.000000,0.000000,0,5000,0,5000,5000,2108,2108,0,2892,2892,0.421600,1.000000,0,0,0.000000
98,1.245982,28.880000,2.005866,0.000000,0.000000,1.000000,0.000000,1.000000,0.000000,0,5000,0,5000,5000,3424,3424,0,1576,1576,0.684800,1.000000,0,0,0.000000
99,1.079753,30.780000,1.955634,0.000000,0.000000,1.000000,0.000000,1.000000,0.000000,0,5000,0,5000,5000,3648,3648,0,1352,1352,0.729600,1.000000,0,0,0.000000
100,0.422724,36.580000,1.861650,0.000000,0.000000,0.629000,0.000000,0.629000,0.164200,1,3145,0,3145,5000,2916,3124,208,229,437,0.927186,0.933419,0,0,0.000000
101,0.445537,38.880000,1.765273,0.000000,0.000000,0.646600,0.000000,0.646600,0.247400,1,3233,0,3233,5000,2926,3064,138,307,445,0.905042,0.954961,0,0,0.000000
102,0.609914,37.150000,1.762508,0.000000,0.000000,0.626800,0.000000,0.626800,0.244800,1,3134,0,3134,5000,2829,2940,111,305,416,0.902680,0.962245,0,0,0.000000
103,0.507512,29.690000,1.994736,0.000000,0.000000,0.729600,0.000000,0.729600,0.386400,1,3648,0,3648,5000,3279,3400,121,369,490,0.898849,0.964412,0,0,0.000000
104,0.531624,40.550000,1.707530,0.000000,0.000000,0.602600,0.000000,0.602600,0.225800,1,3013,0,3013,5000,2769,2920,151,244,395,0.919018,0.948288,0,0,0.000000
105,0.486270,35.200000,1.839242,0.000000,0.000000,0.599200,0.000000,0.599200,0.252800,1,2996,0,2996,5000,2587,2696,109,409,518,0.863485,0.959570,0,0,0.000000
106,0.511250,36.770000,1.794985,0.000000,0.000000,0.563600,0.000000,0.563600,0.217800,1,2818,0,2818,5000,2474,2564,90,344,434,0.877928,0.964899,0,0,0.000000
107,0.516324,28.360000,1.949251,0.000000,0.000000,0.496600,0.000000,0.496600,0.273400,1,2483,0,2483,5000,2223,2288,65,260,325,0.895288,0.971591,0,0,0.000000
108,0.360753,33.270000,1.810753,0.000000,0.000000,0.719400,0.000000,0.719400,0.332000,1,3597,0,3597,5000,3333,3532,199,264,463,0.926606,0.943658,0,0,0.000000
109,0.610983,38.670000,1.707009,0.000000,0.000000,0.621000,0.000000,0.621000,0.303800,1,3105,0,3105,5000,2709,2808,99,396,495,0.872464,0.964744,0,0,0.000000
110,0.573077,37.940000,1.746438,0.000000,0.000000,0.637600,0.000000,0.637600,0.245000,1,3188,0,3188,5000,2753,2876,123,435,558,0.863551,0.957232,0,0,0.000000
111,0.461403,35.900000,1.728234,0.000000,0.000000,0.647000,0.000000,0.647000,0.201000,1,3235,0,3235,5000,2873,2964,91,362,453,0.888099,0.969298,0,0,0.000000
112,0.327701,46.390000,1.584821,0.000000,0.000000,0.599800,0.000000,0.599800,0.291000,1,2999,0,2999,5000,2877,2976,99,122,221,0.959320,0.966734,0,0,0.000000
113,0.319400,41.500000,1.577897,0.000000,0.000000,0.655000,0.000000,0.655000,0.375200,1,3275,0,3275,5000,3148,3292,144,127,271,0.961221,0.956258,0,0,0.000000
114,0.401206,31.640000,1.923336,0.000000,0.000000,0.527400,0.000000,0.527400,0.334000,1,2637,0,2637,5000,2482,2604,122,155,277,0.941221,0.953149,0,0,0.000000
115,0.266911,47.030000,1.506472,0.000000,0.000000,0.689400,0.000000,0.689400,0.132400,1,3447,0,3447,5000,3380,3516,136,67,203,0.980563,0.961320,0,0,0.000000
116,0.292468,46.230000,1.519096,0.000000,0.000000,0.606000,0.000000,0.606000,0.277000,1,3030,0,3030,5000,2935,3068,133,95,228,0.968647,0.956649,0,0,0.000000
117,0.387325,35.370000,1.770362,0.000000,0.000000,0.550200,0.000000,0.550200,0.380000,1,2751,0,2751,5000,2539,2656,117,212,329,0.922937,0.955949,0,0,0.000000
118,0.357732,40.260000,1.745705,0.000000,0.000000,0.636000,0.000000,0.636000,0.367800,1,3180,0,3180,5000,3031,3120,89,149,238,0.953145,0.971474,0,0,0.000000
119,0.426739,42.890000,1.571995,0.000000,0.000000,0.623600,0.000000,0.623600,0.250600,1,3118,0,3118,5000,2789,2920,131,329,460,0.894484,0.955137,0,0,0.000000
120,0.255214,37.940000,1.693894,0.000000,0.000000,0.671000,0.000000,0.671000,0.320800,1,3355,0,3355,5000,3263,3444,181,92,273,0.972578,0.947445,0,0,0.000000
121,0.539888,44.950000,1.555307,0.000000,0.000000,0.569800,0.000000,0.569800,0.344600,1,2849,0,2849,5000,2327,2500,173,522,695,0.816778,0.930800,0,0,0.000000
122,0.391978,35.890000,1.721299,0.000000,0.000000,0.605000,0.000000,0.605000,0.254600,1,3025,0,3025,5000,2811,2916,105,214,319,0.929256,0.963992,0,0,0.000000
123,0.584065,33.150000,1.783039,0.000000,0.000000,0.638600,0.000000,0.638600,0.351200,1,3193,0,3193,5000,2739,2796,57,454,511,0.857814,0.979614,0,0,0.000000
124,0.321327,43.260000,1.559019,0.000000,0.000000,0.548800,0.000000,0.548800,0.284400,1,2744,0,2744,5000,2638,2712,74,106,180,0.961370,0.972714,0,0,0.000000
125,0.323387,33.230000,1.810809,0.000000,0.000000,0.566000,0.000000,0.566000,0.405800,1,2830,0,2830,5000,2735,2836,101,95,196,0.966431,0.964386,0,0,0.000000
126,0.534297,37.630000,1.716164,0.000000,0.000000,0.604000,0.000000,0.604000,0.162000,1,3020,0,3020,5000,2708,2824,116,312,428,0.896689,0.958924,0,0,0.000000
127,0.282043,49.020000,1.457903,0.000000,0.000000,0.610000,0.000000,0.610000,0.334000,1,3050,0,3050,5000,2970,3088,118,80,198,0.973770,0.961788,0,0,0.000000
128,0.246685,45.770000,1.515579,0.000000,0.000000,0.707200,0.000000,0.707200,0.324200,1,3536,0,3536,5000,3490,3700,210,46,256,0.986991,0.943243,0,0,0.000000
129,0.187405,43.250000,1.553489,0.000000,0.000000,0.681600,0.000000,0.681600,0.322200,1,3408,0,3408,5000,3365,3492,127,43,170,0.987383,0.963631,0,0,0.000000
130,0.267756,42.220000,1.606226,0.000000,0.000000,0.499000,0.000000,0.499000,0.373600,1,2495,0,2495,5000,2408,2508,100,87,187,0.965130,0.960128,0,0,0.000000
131,0.376476,44.060000,1.549700,0.000000,0.000000,0.610800,0.000000,0.610800,0.338000,1,3054,0,3054,5000,2719,2824,105,335,440,0.890308,0.962819,0,0,0.000000
132,0.258486,49.380000,1.450040,0.000000,0.000000,0.618600,0.000000,0.618600,0.373800,1,3093,0,3093,5000,3000,3156,156,93,249,0.969932,0.950570,0,0,0.000000
133,0.459716,52.050000,1.378943,0.000000,0.000000,0.530600,0.000000,0.530600,0.312400,1,2653,0,2653,5000,2383,2504,121,270,391,0.898228,0.951677,0,0,0.000000
134,0.421737,48.760000,1.474224,0.000000,0.000000,0.553600,0.000000,0.553600,0.290800,1,2768,0,2768,5000,2453,2532,79,315,394,0.886199,0.968799,0,0,0.000000
135,0.218964,41.340000,1.642886,0.000000,0.000000,0.599600,0.000000,0.599600,0.400400,1,2998,0,2998,5000,2937,3020,83,61,144,0.979653,0.972517,0,0,0.000000
136,0.238888,40.470000,1.658212,0.000000,0.000000,0.581600,0.000000,0.581600,0.424600,1,2908,0,2908,5000,2837,2980,143,71,214,0.975585,0.952013,0,0,0.000000
137,0.299400,52.140000,1.415546,0.000000,0.000000,0.552600,0.000000,0.552600,0.274800,1,2763,0,2763,5000,2661,2772,111,102,213,0.963084,0.959957,0,0,0.000000
138,0.429623,49.120000,1.427414,0.000000,0.000000,0.653400,0.000000,0.653400,0.261400,1,3267,0,3267,5000,3027,3176,149,240,389,0.926538,0.953086,0,0,0.000000
139,0.252504,42.590000,1.610341,0.000000,0.000000,0.546000,0.000000,0.546000,0.394600,1,2730,0,2730,5000,2655,2804,149,75,224,0.972527,0.946862,0,0,0.000000
140,0.208617,47.690000,1.513524,0.000000,0.000000,0.674400,0.000000,0.674400,0.334400,1,3372,0,3372,5000,3301,3392,91,71,162,0.978944,0.973172,0,0,0.000000
141,0.462147,42.740000,1.576282,0.000000,0.000000,0.500200,0.000000,0.500200,0.282800,1,2501,0,2501,5000,2157,2248,91,344,435,0.862455,0.959520,0,0,0.000000
142,0.164512,52.420000,1.349733,0.000000,0.000000,0.689600,0.000000,0.689600,0.350800,1,3448,0,3448,5000,3416,3548,132,32,164,0.990719,0.962796,0,0,0.000000
143,0.188501,42.570000,1.578923,0.000000,0.000000,0.527400,0.000000,0.527400,0.460800,1,2637,0,2637,5000,2584,2676,92,53,145,0.979901,0.965620,0,0,0.000000
144,0.215713,47.760000,1.473759,0.000000,0.000000,0.691600,0.000000,0.691600,0.319200,1,3458,0,3458,5000,3386,3532,146,72,218,0.979179,0.958664,0,0,0.000000
145,0.244381,37.620000,1.651878,0.000000,0.000000,0.581000,0.000000,0.581000,0.337600,1,2905,0,2905,5000,2849,2936,87,56,143,0.980723,0.970368,0,0,0.000000
146,0.197017,39.320000,1.620857,0.000000,0.000000,0.620000,0.000000,0.620000,0.369200,1,3100,0,3100,5000,3035,3092,57,65,122,0.979032,0.981565,0,0,0.000000
147,0.283333,49.760000,1.381597,0.000000,0.000000,0.629400,0.000000,0.629400,0.251800,1,3147,0,3147,5000,3049,3200,151,98,249,0.968859,0.952812,0,0,0.000000
148,0.186296,50.060000,1.392461,0.000000,0.000000,0.670600,0.000000,0.670600,0.374200,1,3353,0,3353,5000,3312,3480,168,41,209,0.987772,0.951724,0,0,0.000000
149,0.227334,43.970000,1.656073,0.000000,0.000000,0.717200,0.000000,0.717200,0.420000,1,3586,0,3586,5000,3516,3596,80,70,150,0.980480,0.977753,0,0,0.000000
150,0.484951,49.930000,1.398442,0.000000,0.000000,0.590200,0.000000,0.590200,0.290600,1,2951,0,2951,5000,2670,2768,98,281,379,0.904778,0.964595,0,0,0.000000
151,0.181774,48.540000,1.446404,0.000000,0.000000,0.570400,0.000000,0.570400,0.321600,1,2852,0,2852,5000,2789,2892,103,63,166,0.977910,0.964385,0,0,0.000000
152,0.384336,49.200000,1.400879,0.000000,0.000000,0.652600,0.000000,0.652600,0.337600,1,3263,0,3263,5000,2973,3076,103,290,393,0.911125,0.966515,0,0,0.000000
153,0.220870,48.150000,1.464736,0.000000,0.000000,0.586800,0.000000,0.586800,0.498400,1,2934,0,2934,5000,2860,2948,88,74,162,0.974778,0.970149,0,0,0.000000
154,0.279099,42.330000,1.612690,0.000000,0.000000,0.604600,0.000000,0.604600,0.273400,1,3023,0,3023,5000,2923,3056,133,100,233,0.966920,0.956479,0,0,0.000000
155,0.232944,51.980000,1.378839,0.000000,0.000000,0.676200,0.000000,0.676200,0.401000,1,3381,0,3381,5000,3312,3508,196,69,265,0.979592,0.944128,0,0,0.000000
156,0.360729,49.120000,1.410495,0.000000,0.000000,0.660600,0.000000,0.660600,0.432600,1,3303,0,3303,5000,3043,3144,101,260,361,0.921284,0.967875,0,0,0.000000
157,0.292992,53.440000,1.324454,0.000000,0.000000,0.643800,0.000000,0.643800,0.327800,1,3219,0,3219,5000,3117,3216,99,102,201,0.968313,0.969216,0,0,0.000000
158,0.255216,50.740000,1.447134,0.000000,0.000000,0.552400,0.000000,0.552400,0.389200,1,2762,0,2762,5000,2684,2776,92,78,170,0.971760,0.966859,0,0,0.000000
159,0.327075,50.560000,1.403690,0.000000,0.000000,0.544000,0.000000,0.544000,0.390600,1,2720,0,2720,5000,2587,2700,113,133,246,0.951103,0.958148,0,0,0.000000
160,0.213807,42.690000,1.631129,0.000000,0.000000,0.551400,0.000000,0.551400,0.443800,1,2757,0,2757,5000,2702,2764,62,55,117,0.980051,0.977569,0,0,0.000000
161,0.303310,42.720000,1.523663,0.000000,0.000000,0.504200,0.000000,0.504200,0.186000,1,2521,0,2521,5000,2426,2560,134,95,229,0.962317,0.947656,0,0,0.000000
162,0.223171,43.220000,1.614591,0.000000,0.000000,0.586600,0.000000,0.586600,0.387000,1,2933,0,2933,5000,2807,2900,93,126,219,0.957041,0.967931,0,0,0.000000
163,0.178722,35.430000,2.010065,0.000000,0.000000,0.617600,0.000000,0.617600,0.470200,1,3088,0,3088,5000,3043,3148,105,45,150,0.985427,0.966645,0,0,0.000000
164,0.281500,53.310000,1.344009,0.000000,0.000000,0.612200,0.000000,0.612200,0.276400,1,3061,0,3061,5000,2966,3080,114,95,209,0.968964,0.962987,0,0,0.000000
165,0.315972,48.380000,1.424653,0.000000,0.000000,0.727400,0.000000,0.727400,0.368200,1,3637,0,3637,5000,3387,3512,125,250,375,0.931262,0.964408,0,0,0.000000
166,0.161923,48.890000,1.445669,0.000000,0.000000,0.779400,0.000000,0.779400,0.422200,1,3897,0,3897,5000,3862,4004,142,35,177,0.991019,0.964535,0,0,0.000000
167,0.201580,45.590000,1.507040,0.000000,0.000000,0.712000,0.000000,0.712000,0.301400,1,3560,0,3560,5000,3523,3668,145,37,182,0.989607,0.960469,0,0,0.000000
168,0.207703,42.520000,1.648169,0.000000,0.000000,0.650800,0.000000,0.650800,0.499000,1,3254,0,3254,5000,3184,3308,124,70,194,0.978488,0.962515,0,0,0.000000
169,0.174817,34.660000,1.994374,0.000000,0.000000,0.616400,0.000000,0.616400,0.322000,1,3082,0,3082,5000,3036,3156,120,46,166,0.985075,0.961977,0,0,0.000000
170,0.348205,48.680000,1.415059,0.000000,0.000000,0.626400,0.000000,0.626400,0.347600,1,3132,0,3132,5000,2977,3100,123,155,278,0.950511,0.960323,0,0,0.000000
171,0.190816,50.320000,1.415695,0.000000,0.000000,0.652400,0.000000,0.652400,0.326200,1,3262,0,3262,5000,3218,3316,98,44,142,0.986511,0.970446,0,0,0.000000
172,0.154049,46.710000,1.477127,0.000000,0.000000,0.654200,0.000000,0.654200,0.417200,1,3271,0,3271,5000,3217,3348,131,54,185,0.983491,0.960872,0,0,0.000000
173,0.217410,47.670000,1.446149,0.000000,0.000000,0.660600,0.000000,0.660600,0.402600,1,3303,0,3303,5000,3195,3236,41,108,149,0.967302,0.987330,0,0,0.000000
174,0.324538,52.400000,1.317253,0.000000,0.000000,0.536600,0.000000,0.536600,0.370400,1,2683,0,2683,5000,2480,2564,84,203,287,0.924338,0.967239,0,0,0.000000
175,0.338709,40.690000,1.633233,0.000000,0.000000,0.712600,0.000000,0.712600,0.447000,1,3563,0,3563,5000,3293,3388,95,270,365,0.924221,0.971960,0,0,0.000000
176,0.219633,51.550000,1.354978,0.000000,0.000000,0.640200,0.000000,0.640200,0.302200,1,3201,0,3201,5000,3146,3300,154,55,209,0.982818,0.953333,0,0,0.000000
177,0.255924,45.950000,1.522864,0.000000,0.000000,0.633800,0.000000,0.633800,0.433600,1,3169,0,3169,5000,3035,3088,53,134,187,0.957715,0.982837,0,0,0.000000
178,0.295545,53.590000,1.309639,0.000000,0.000000,0.538400,0.000000,0.538400,0.383800,1,2692,0,2692,5000,2564,2664,100,128,228,0.952452,0.962462,0,0,0.000000
179,0.225325,54.000000,1.295743,0.000000,0.000000,0.579000,0.000000,0.579000,0.491200,1,2895,0,2895,5000,2828,2940,112,67,179,0.976857,0.961905,0,0,0.000000
180,0.352533,47.470000,1.476709,0.000000,0.000000,0.559800,0.000000,0.559800,0.450200,1,2799,0,2799,5000,2480,2556,76,319,395,0.886031,0.970266,0,0,0.000000
181,0.158271,45.740000,1.439855,0.000000,0.000000,0.594000,0.000000,0.594000,0.292200,1,2970,0,2970,5000,2940,3048,108,30,138,0.989899,0.964567,0,0,0.000000
182,0.245862,50.410000,1.396754,0.000000,0.000000,0.566200,0.000000,0.566200,0.311600,1,2831,0,2831,5000,2748,2912,164,83,247,0.970682,0.943681,0,0,0.000000
183,0.292405,53.020000,1.320805,0.000000,0.000000,0.613600,0.000000,0.613600,0.443800,1,3068,0,3068,5000,2969,3080,111,99,210,0.967731,0.963961,0,0,0.000000
184,0.134439,50.080000,1.414614,0.000000,0.000000,0.691000,0.000000,0.691000,0.432200,1,3455,0,3455,5000,3407,3648,241,48,289,0.986107,0.933936,0,0,0.000000
185,0.238858,49.630000,1.379468,0.000000,0.000000,0.664800,0.000000,0.664800,0.442400,1,3324,0,3324,5000,3248,3380,132,76,208,0.977136,0.960947,0,0,0.000000
186,0.211523,53.190000,1.291310,0.000000,0.000000,0.513400,0.000000,0.513400,0.353000,1,2567,0,2567,5000,2513,2616,103,54,157,0.978964,0.960627,0,0,0.000000
187,0.186702,50.710000,1.410115,0.000000,0.000000,0.462600,0.000000,0.462600,0.353800,1,2313,0,2313,5000,2266,2324,58,47,105,0.979680,0.975043,0,0,0.000000
188,0.186939,45.220000,1.537967,0.000000,0.000000,0.627600,0.000000,0.627600,0.443600,1,3138,0,3138,5000,3089,3216,127,49,176,0.984385,0.960510,0,0,0.000000
189,0.222236,52.430000,1.304264,0.000000,0.000000,0.617600,0.000000,0.617600,0.313200,1,3088,0,3088,5000,3019,3164,145,69,214,0.977655,0.954172,0,0,0.000000
190,0.393314,55.120000,1.250580,0.000000,0.000000,0.634600,0.000000,0.634600,0.379600,1,3173,0,3173,5000,2884,3088,204,289,493,0.908919,0.933938,0,0,0.000000
191,0.172035,42.160000,1.710467,0.000000,0.000000,0.685200,0.000000,0.685200,0.374200,1,3426,0,3426,5000,3378,3528,150,48,198,0.985989,0.957483,0,0,0.000000
192,0.229588,54.110000,1.279571,0.000000,0.000000,0.547600,0.000000,0.547600,0.355400,1,2738,0,2738,5000,2639,2756,117,99,216,0.963842,0.957547,0,0,0.000000
193,0.174291,50.140000,1.397957,0.000000,0.000000,0.653400,0.000000,0.653400,0.397800,1,3267,0,3267,5000,3223,3360,137,44,181,0.986532,0.959226,0,0,0.000000
194,0.283269,44.530000,1.570872,0.000000,0.000000,0.713000,0.000000,0.713000,0.496800,1,3565,0,3565,5000,3332,3416,84,233,317,0.934642,0.975410,0,0,0.000000
195,0.305120,47.900000,1.425949,0.000000,0.000000,0.623400,0.000000,0.623400,0.411200,1,3117,0,3117,5000,2877,3076,199,240,439,0.923003,0.935306,0,0,0.000000
196,0.272881,48.720000,1.441481,0.000000,0.000000,0.585600,0.000000,0.585600,0.414400,1,2928,0,2928,5000,2839,2952,113,89,202,0.969604,0.961721,0,0,0.000000
197,0.169480,45.210000,1.498222,0.000000,0.000000,0.666800,0.000000,0.666800,0.451400,1,3334,0,3334,5000,3300,3436,136,34,170,0.989802,0.960419,0,0,0.000000
198,0.267221,57.580000,1.195093,0.000000,0.000000,0.566200,0.000000,0.566200,0.358200,1,2831,0,2831,5000,2730,2980,250,101,351,0.964324,0.916107,0,0,0.000000
199,0.407707,50.860000,1.357442,0.000000,0.000000,0.675200,0.000000,0.675200,0.379200,1,3376,0,3376,5000,3074,3184,110,302,412,0.910545,0.965452,0,0,0.000000
200,0.202773,55.090000,1.286988,0.000000,0.000000,0.633400,0.000000,0.633400,0.425400,1,3167,0,3167,5000,3055,3260,205,112,317,0.964635,0.937117,0,0,0.000000
201,0.363232,51.880000,1.343708,0.000000,0.000000,0.531200,0.000000,0.531200,0.413800,1,2656,0,2656,5000,2387,2476,89,269,358,0.898720,0.964055,0,0,0.000000
202,0.201782,55.620000,1.263405,0.000000,0.000000,0.597600,0.000000,0.597600,0.396200,1,2988,0,2988,5000,2927,3080,153,61,214,0.979585,0.950325,0,0,0.000000
203,0.159338,44.750000,1.460978,0.000000,0.000000,0.601400,0.000000,0.601400,0.374600,1,3007,0,3007,5000,2966,3088,122,41,163,0.986365,0.960492,0,0,0.000000
204,0.218773,58.100000,1.193010,0.000000,0.000000,0.623600,0.000000,0.623600,0.353000,1,3118,0,3118,5000,3023,3076,53,95,148,0.969532,0.982770,0,0,0.000000
205,0.362694,49.090000,1.362564,0.000000,0.000000,0.522200,0.000000,0.522200,0.340400,1,2611,0,2611,5000,2275,2372,97,336,433,0.871314,0.959106,0,0,0.000000
206,0.200866,45.980000,1.523853,0.000000,0.000000,0.543800,0.000000,0.543800,0.415000,1,2719,0,2719,5000,2635,2728,93,84,177,0.969106,0.965909,0,0,0.000000
207,0.175348,51.050000,1.374289,0.000000,0.000000,0.633400,0.000000,0.633400,0.251800,1,3167,0,3167,5000,3127,3232,105,40,145,0.987370,0.967512,0,0,0.000000
208,0.359236,53.070000,1.321457,0.000000,0.000000,0.527800,0.000000,0.527800,0.393800,1,2639,0,2639,5000,2344,2436,92,295,387,0.888215,0.962233,0,0,0.000000
209,0.167465,49.370000,1.423686,0.000000,0.000000,0.687800,0.000000,0.687800,0.459800,1,3439,0,3439,5000,3401,3520,119,38,157,0.988950,0.966193,0,0,0.000000
210,0.305361,55.890000,1.240817,0.000000,0.000000,0.613000,0.000000,0.613000,0.342600,1,3065,0,3065,5000,2771,2880,109,294,403,0.904078,0.962153,0,0,0.000000
211,0.248517,55.560000,1.286136,0.000000,0.000000,0.544600,0.000000,0.544600,0.425000,1,2723,0,2723,5000,2628,2732,104,95,199,0.965112,0.961933,0,0,0.000000
212,0.267244,49.140000,1.424247,0.000000,0.000000,0.598200,0.000000,0.598200,0.418200,1,2991,0,2991,5000,2915,3036,121,76,197,0.974590,0.960145,0,0,0.000000
213,0.189404,48.790000,1.471924,0.000000,0.000000,0.542600,0.000000,0.542600,0.314200,1,2713,0,2713,5000,2644,2720,76,69,145,0.974567,0.972059,0,0,0.000000
214,0.174938,50.950000,1.353799,0.000000,0.000000,0.712800,0.000000,0.712800,0.313000,1,3564,0,3564,5000,3538,3720,182,26,208,0.992705,0.951075,0,0,0.000000
215,0.256929,51.070000,1.369801,0.000000,0.000000,0.654600,0.000000,0.654600,0.398000,1,3273,0,3273,5000,3215,3352,137,58,195,0.982279,0.959129,0,0,0.000000
216,0.234726,53.000000,1.298822,0.000000,0.000000,0.591800,0.000000,0.591800,0.382800,1,2959,0,2959,5000,2888,2992,104,71,175,0.976005,0.965241,0,0,0.000000
217,0.337355,52.040000,1.356109,0.000000,0.000000,0.712200,0.000000,0.712200,0.453400,1,3561,0,3561,5000,3293,3420,127,268,395,0.924740,0.962865,0,0,0.000000
218,0.266181,46.140000,1.543737,0.000000,0.000000,0.699400,0.000000,0.699400,0.377000,1,3497,0,3497,5000,3435,3532,97,62,159,0.982271,0.972537,0,0,0.000000
219,0.200702,42.230000,1.720704,0.000000,0.000000,0.571800,0.000000,0.571800,0.329400,1,2859,0,2859,5000,2782,2952,170,77,247,0.973068,0.942412,0,0,0.000000
220,0.347152,52.590000,1.300896,0.000000,0.000000,0.576000,0.000000,0.576000,0.359400,1,2880,0,2880,5000,2635,2752,117,245,362,0.914931,0.957485,0,0,0.000000
221,0.186135,50.840000,1.410004,0.000000,0.000000,0.576200,0.000000,0.576200,0.473000,1,2881,0,2881,5000,2805,2888,83,76,159,0.973620,0.971260,0,0,0.000000
222,0.130444,54.440000,1.287222,0.000000,0.000000,0.637800,0.000000,0.637800,0.475000,1,3189,0,3189,5000,3146,3260,114,43,157,0.986516,0.965031,0,0,0.000000
223,0.240522,51.230000,1.381491,0.000000,0.000000,0.510000,0.000000,0.510000,0.475000,1,2550,0,2550,5000,2460,2568,108,90,198,0.964706,0.957944,0,0,0.000000
224,0.423228,34.950000,2.001291,0.000000,0.000000,0.674000,0.000000,0.674000,0.385200,1,3370,0,3370,5000,2921,3000,79,449,528,0.866766,0.973667,0,0,0.000000
225,0.225718,52.650000,1.363883,0.000000,0.000000,0.519000,0.000000,0.519000,0.346800,1,2595,0,2595,5000,2517,2624,107,78,185,0.969942,0.959223,0,0,0.000000
226,0.167401,49.170000,1.419970,0.000000,0.000000,0.618000,0.000000,0.618000,0.296800,1,3090,0,3090,5000,3051,3160,109,39,148,0.987379,0.965506,0,0,0.000000
227,0.138798,49.480000,1.359803,0.000000,0.000000,0.620000,0.000000,0.620000,0.330000,1,3100,0,3100,5000,3067,3188,121,33,154,0.989355,0.962045,0,0,0.000000
228,0.174756,53.920000,1.336891,0.000000,0.000000,0.667200,0.000000,0.667200,0.333800,1,3336,0,3336,5000,3288,3380,92,48,140,0.985612,0.972781,0,0,0.000000
229,0.186381,54.620000,1.270863,0.000000,0.000000,0.685800,0.000000,0.685800,0.375800,1,3429,0,3429,5000,3386,3536,150,43,193,0.987460,0.957579,0,0,0.000000
230,0.485629,52.760000,1.356556,0.000000,0.000000,0.509400,0.000000,0.509400,0.453000,1,2547,0,2547,5000,2208,2272,64,339,403,0.866902,0.971831,0,0,0.000000
231,0.224955,55.350000,1.251305,0.000000,0.000000,0.508200,0.000000,0.508200,0.336800,1,2541,0,2541,5000,2459,2552,93,82,175,0.967729,0.963558,0,0,0.000000
232,0.163233,51.400000,1.352626,0.000000,0.000000,0.653400,0.000000,0.653400,0.450600,1,3267,0,3267,5000,3205,3428,223,62,285,0.981022,0.934947,0,0,0.000000
233,0.166710,54.890000,1.301191,0.000000,0.000000,0.582400,0.000000,0.582400,0.460400,1,2912,0,2912,5000,2856,2980,124,56,180,0.980769,0.958389,0,0,0.000000
234,0.132358,53.740000,1.279810,0.000000,0.000000,0.562400,0.000000,0.562400,0.390600,1,2812,0,2812,5000,2777,2876,99,35,134,0.987553,0.965577,0,0,0.000000
235,0.176893,49.270000,1.394815,0.000000,0.000000,0.683000,0.000000,0.683000,0.461200,1,3415,0,3415,5000,3372,3520,148,43,191,0.987408,0.957955,0,0,0.000000
236,0.221433,55.910000,1.255962,0.000000,0.000000,0.524200,0.000000,0.524200,0.418000,1,2621,0,2621,5000,2532,2656,124,89,213,0.966043,0.953313,0,0,0.000000
237,0.192989,53.510000,1.324250,0.000000,0.000000,0.551600,0.000000,0.551600,0.485600,1,2758,0,2758,5000,2701,2844,143,57,200,0.979333,0.949719,0,0,0.000000
238,0.433658,55.230000,1.306784,0.000000,0.000000,0.650600,0.000000,0.650600,0.497800,1,3253,0,3253,5000,2769,2836,67,484,551,0.851214,0.976375,0,0,0.000000
239,0.233458,56.770000,1.214685,0.000000,0.000000,0.566800,0.000000,0.566800,0.327000,1,2834,0,2834,5000,2746,2840,94,88,182,0.968948,0.966901,0,0,0.000000
240,0.198465,57.060000,1.243552,0.000000,0.000000,0.611000,0.000000,0.611000,0.482800,1,3055,0,3055,5000,2976,3072,96,79,175,0.974141,0.968750,0,0,0.000000
241,0.158818,51.590000,1.341325,0.000000,0.000000,0.509200,0.000000,0.509200,0.451400,1,2546,0,2546,5000,2498,2568,70,48,118,0.981147,0.972741,0,0,0.000000
242,0.175272,58.450000,1.192998,0.000000,0.000000,0.708200,0.000000,0.708200,0.419000,1,3541,0,3541,5000,3524,3604,80,17,97,0.995199,0.977802,0,0,0.000000
243,0.228341,52.760000,1.312524,0.000000,0.000000,0.478200,0.000000,0.478200,0.425400,1,2391,0,2391,5000,2310,2396,86,81,167,0.966123,0.964107,0,0,0.000000
244,0.302239,51.180000,1.353781,0.000000,0.000000,0.646600,0.000000,0.646600,0.360800,1,3233,0,3233,5000,2955,3164,209,278,487,0.914012,0.933944,0,0,0.000000
245,0.195867,52.810000,1.309176,0.000000,0.000000,0.636000,0.000000,0.636000,0.406600,1,3180,0,3180,5000,3115,3216,101,65,166,0.979560,0.968595,0,0,0.000000
246,0.142053,51.590000,1.356825,0.000000,0.000000,0.586400,0.000000,0.586400,0.399800,1,2932,0,2932,5000,2883,2960,77,49,126,0.983288,0.973986,0,0,0.000000
247,0.188771,55.860000,1.252955,0.000000,0.000000,0.540800,0.000000,0.540800,0.421000,1,2704,0,2704,5000,2628,2868,240,76,316,0.971893,0.916318,0,0,0.000000
248,0.132514,44.730000,1.548221,0.000000,0.000000,0.496600,0.000000,0.496600,0.412200,1,2483,0,2483,5000,2459,2496,37,24,61,0.990334,0.985176,0,0,0.000000
249,0.216078,50.860000,1.407020,0.000000,0.000000,0.604600,0.000000,0.604600,0.432600,1,3023,0,3023,5000,2973,3096,123,50,173,0.983460,0.960271,0,0,0.000000
250,0.237903,49.410000,1.409362,0.000000,0.000000,0.606200,0.000000,0.606200,0.328200,1,3031,0,3031,5000,2976,3068,92,55,147,0.981854,0.970013,0,0,0.000000
251,0.560465,54.690000,1.269554,0.000000,0.000000,0.472600,0.000000,0.472600,0.294000,1,2363,0,2363,5000,1848,2008,160,515,675,0.782057,0.920319,0,0,0.000000
252,0.329901,51.170000,1.410999,0.000000,0.000000,0.697600,0.000000,0.697600,0.402400,1,3488,0,3488,5000,3219,3268,49,269,318,0.922878,0.985006,0,0,0.000000
253,0.380089,48.760000,1.410197,0.000000,0.000000,0.602000,0.000000,0.602000,0.366000,1,3010,0,3010,5000,2759,2836,77,251,328,0.916611,0.972849,0,0,0.000000
254,0.205010,50.200000,1.414690,0.000000,0.000000,0.629200,0.000000,0.629200,0.402200,1,3146,0,3146,5000,3093,3164,71,53,124,0.983153,0.977560,0,0,0.000000
255,0.225937,55.100000,1.231129,0.000000,0.000000,0.513600,0.000000,0.513600,0.355200,1,2568,0,2568,5000,2501,2608,107,67,174,0.973910,0.958972,0,0,0.000000
256,0.363195,52.920000,1.339705,0.000000,0.000000,0.579200,0.000000,0.579200,0.445800,1,2896,0,2896,5000,2595,2676,81,301,382,0.896064,0.969731,0,0,0.000000
257,0.345861,44.460000,1.635136,0.000000,0.000000,0.651200,0.000000,0.651200,0.450400,1,3256,0,3256,5000,3034,3104,70,222,292,0.931818,0.977448,0,0,0.000000
258,0.162025,48.590000,1.413919,0.000000,0.000000,0.586400,0.000000,0.586400,0.259600,1,2932,0,2932,5000,2890,2972,82,42,124,0.985675,0.972409,0,0,0.000000
259,0.145995,56.570000,1.229498,0.000000,0.000000,0.520800,0.000000,0.520800,0.362000,1,2604,0,2604,5000,2558,2644,86,46,132,0.982335,0.967474,0,0,0.000000
260,0.390415,50.610000,1.386866,0.000000,0.000000,0.664800,0.000000,0.664800,0.364200,1,3324,0,3324,5000,3036,3140,104,288,392,0.913357,0.966879,0,0,0.000000
261,0.186333,44.770000,1.624946,0.000000,0.000000,0.558400,0.000000,0.558400,0.501600,1,2792,0,2792,5000,2742,2808,66,50,116,0.982092,0.976496,0,0,0.000000
262,0.395383,50.260000,1.379589,0.000000,0.000000,0.569800,0.000000,0.569800,0.321800,1,2849,0,2849,5000,2499,2584,85,350,435,0.877150,0.967105,0,0,0.000000
263,0.187687,47.820000,1.491505,0.000000,0.000000,0.713000,0.000000,0.713000,0.294000,1,3565,0,3565,5000,3518,3656,138,47,185,0.986816,0.962254,0,0,0.000000
264,0.400885,53.890000,1.277235,0.000000,0.000000,0.592600,0.000000,0.592600,0.400000,1,2963,0,2963,5000,2657,2784,127,306,433,0.896726,0.954382,0,0,0.000000
265,0.152601,49.420000,1.435955,0.000000,0.000000,0.743600,0.000000,0.743600,0.385800,1,3718,0,3718,5000,3696,3828,132,22,154,0.994083,0.965517,0,0,0.000000
266,0.137667,52.740000,1.342825,0.000000,0.000000,0.648000,0.000000,0.648000,0.461000,1,3240,0,3240,5000,3200,3244,44,40,84,0.987654,0.986436,0,0,0.000000
267,0.434487,55.310000,1.288040,0.000000,0.000000,0.546200,0.000000,0.546200,0.360600,1,2731,0,2731,5000,2196,2360,164,535,699,0.804101,0.930508,0,0,0.000000
268,0.181965,52.600000,1.374773,0.000000,0.000000,0.556800,0.000000,0.556800,0.383200,1,2784,0,2784,5000,2726,2800,74,58,132,0.979167,0.973571,0,0,0.000000
269,0.186797,52.070000,1.288199,0.000000,0.000000,0.648400,0.000000,0.648400,0.385800,1,3242,0,3242,5000,3196,3320,124,46,170,0.985811,0.962651,0,0,0.000000
270,0.333947,52.460000,1.277609,0.000000,0.000000,0.630200,0.000000,0.630200,0.308800,1,3151,0,3151,5000,2824,2956,132,327,459,0.896223,0.955345,0,0,0.000000
271,0.213914,48.270000,1.441518,0.000000,0.000000,0.633000,0.000000,0.633000,0.435200,1,3165,0,3165,5000,3135,3200,65,30,95,0.990521,0.979687,0,0,0.000000
272,0.155341,51.610000,1.351668,0.000000,0.000000,0.573200,0.000000,0.573200,0.418800,1,2866,0,2866,5000,2816,2892,76,50,126,0.982554,0.973721,0,0,0.000000
273,0.196337,52.640000,1.374508,0.000000,0.000000,0.582000,0.000000,0.582000,0.384200,1,2910,0,2910,5000,2841,2952,111,69,180,0.976289,0.962398,0,0,0.000000
274,0.133257,52.730000,1.362679,0.000000,0.000000,0.638600,0.000000,0.638600,0.431000,1,3193,0,3193,5000,3158,3224,66,35,101,0.989039,0.979529,0,0,0.000000
275,0.347443,49.900000,1.464693,0.000000,0.000000,0.684200,0.000000,0.684200,0.428000,1,3421,0,3421,5000,3111,3220,109,310,419,0.909383,0.966149,0,0,0.000000
276,0.489402,50.500000,1.363659,0.000000,0.000000,0.614200,0.000000,0.614200,0.448400,1,3071,0,3071,5000,2543,2628,85,528,613,0.828069,0.967656,0,0,0.000000
277,0.205927,55.560000,1.266578,0.000000,0.000000,0.735600,0.000000,0.735600,0.319000,1,3678,0,3678,5000,3597,3712,115,81,196,0.977977,0.969019,0,0,0.000000
278,0.209962,52.100000,1.441023,0.000000,0.000000,0.720400,0.000000,0.720400,0.466200,1,3602,0,3602,5000,3542,3692,150,60,210,0.983343,0.959372,0,0,0.000000
279,0.229994,54.090000,1.378805,0.000000,0.000000,0.576800,0.000000,0.576800,0.582600,1,2884,0,2884,5000,2779,2904,125,105,230,0.963592,0.956956,0,0,0.000000
280,0.155526,53.520000,1.288486,0.000000,0.000000,0.531400,0.000000,0.531400,0.335000,1,2657,0,2657,5000,2612,2820,208,45,253,0.983064,0.926241,0,0,0.000000
281,0.346132,56.400000,1.248279,0.000000,0.000000,0.585800,0.000000,0.585800,0.426400,1,2929,0,2929,5000,2663,2720,57,266,323,0.909184,0.979044,0,0,0.000000
282,0.203999,55.560000,1.238063,0.000000,0.000000,0.521800,0.000000,0.521800,0.320600,1,2609,0,2609,5000,2526,2624,98,83,181,0.968187,0.962652,0,0,0.000000
283,0.188160,52.970000,1.326735,0.000000,0.000000,0.532800,0.000000,0.532800,0.427600,1,2664,0,2664,5000,2594,2816,222,70,292,0.973724,0.921165,0,0,0.000000
284,0.102620,54.710000,1.320550,0.000000,0.000000,0.662800,0.000000,0.662800,0.449000,1,3314,0,3314,5000,3292,3376,84,22,106,0.993361,0.975118,0,0,0.000000
285,0.210185,58.220000,1.181673,0.000000,0.000000,0.572800,0.000000,0.572800,0.382000,1,2864,0,2864,5000,2807,2872,65,57,122,0.980098,0.977368,0,0,0.000000
286,0.329258,56.800000,1.239548,0.000000,0.000000,0.617800,0.000000,0.617800,0.402400,1,3089,0,3089,5000,2840,2932,92,249,341,0.919391,0.968622,0,0,0.000000
287,0.148869,54.520000,1.272809,0.000000,0.000000,0.654400,0.000000,0.654400,0.444800,1,3272,0,3272,5000,3233,3340,107,39,146,0.988081,0.967964,0,0,0.000000
288,0.146946,59.450000,1.189228,0.000000,0.000000,0.653400,0.000000,0.653400,0.490400,1,3267,0,3267,5000,3219,3288,69,48,117,0.985308,0.979015,0,0,0.000000
289,0.243210,47.250000,1.458074,0.000000,0.000000,0.445800,0.000000,0.445800,0.292400,1,2229,0,2229,5000,2135,2340,205,94,299,0.957829,0.912393,0,0,0.000000
290,0.133498,56.840000,1.238561,0.000000,0.000000,0.669400,0.000000,0.669400,0.422600,1,3347,0,3347,5000,3306,3400,94,41,135,0.987750,0.972353,0,0,0.000000
291,0.618023,54.470000,1.295464,0.000000,0.000000,0.521400,0.000000,0.521400,0.462600,1,2607,0,2607,5000,1966,2040,74,641,715,0.754124,0.963725,0,0,0.000000
292,0.194027,54.090000,1.256920,0.000000,0.000000,0.601400,0.000000,0.601400,0.413600,1,3007,0,3007,5000,2926,3028,102,81,183,0.973063,0.966314,0,0,0.000000
293,0.180875,52.300000,1.400315,0.000000,0.000000,0.558800,0.000000,0.558800,0.518000,1,2794,0,2794,5000,2740,2824,84,54,138,0.980673,0.970255,0,0,0.000000
294,0.210714,46.850000,1.473081,0.000000,0.000000,0.670400,0.000000,0.670400,0.452400,1,3352,0,3352,5000,3272,3440,168,80,248,0.976134,0.951163,0,0,0.000000
295,0.174256,55.770000,1.271532,0.000000,0.000000,0.610000,0.000000,0.610000,0.411200,1,3050,0,3050,5000,3007,3108,101,43,144,0.985902,0.967503,0,0,0.000000
296,0.128755,51.500000,1.337560,0.000000,0.000000,0.680800,0.000000,0.680800,0.456400,1,3404,0,3404,5000,3361,3576,215,43,258,0.987368,0.939877,0,0,0.000000
297,0.200842,52.250000,1.366746,0.000000,0.000000,0.674800,0.000000,0.674800,0.380400,1,3374,0,3374,5000,3349,3416,67,25,92,0.992590,0.980386,0,0,0.000000
298,0.193247,52.320000,1.381480,0.000000,0.000000,0.540400,0.000000,0.540400,0.530000,1,2702,0,2702,5000,2610,2688,78,92,170,0.965951,0.970982,0,0,0.000000
299,0.166999,54.480000,1.290847,0.000000,0.000000,0.506600,0.000000,0.506600,0.367400,1,2533,0,2533,5000,2488,2540,52,45,97,0.982235,0.979528,0,0,0.000000
300,0.206510,53.810000,1.308076,0.000000,0.000000,0.637800,0.000000,0.637800,0.414200,1,3189,0,3189,5000,3126,3232,106,63,169,0.980245,0.967203,0,0,0.000000
301,0.171434,45.120000,1.570730,0.000000,0.000000,0.629800,0.000000,0.629800,0.274800,1,3149,0,3149,5000,3087,3260,173,62,235,0.980311,0.946933,0,0,0.000000
302,0.181276,54.950000,1.239618,0.000000,0.000000,0.674000,0.000000,0.674000,0.368200,1,3370,0,3370,5000,3329,3460,131,41,172,0.987834,0.962139,0,0,0.000000
303,0.221367,53.840000,1.333021,0.000000,0.000000,0.700400,0.000000,0.700400,0.480000,1,3502,0,3502,5000,3445,3540,95,57,152,0.983724,0.973164,0,0,0.000000
304,0.208330,55.540000,1.250345,0.000000,0.000000,0.496400,0.000000,0.496400,0.359600,1,2482,0,2482,5000,2379,2476,97,103,200,0.958501,0.960824,0,0,0.000000
305,0.356054,59.640000,1.145984,0.000000,0.000000,0.451000,0.000000,0.451000,0.487200,1,2255,0,2255,5000,1962,2052,90,293,383,0.870067,0.956140,0,0,0.000000
306,0.350752,48.600000,1.383104,0.000000,0.000000,0.674000,0.000000,0.674000,0.392200,1,3370,0,3370,5000,3089,3172,83,281,364,0.916617,0.973834,0,0,0.000000
307,0.126776,53.600000,1.291560,0.000000,0.000000,0.693000,0.000000,0.693000,0.382400,1,3465,0,3465,5000,3438,3508,70,27,97,0.992208,0.980046,0,0,0.000000
308,0.288592,55.790000,1.260414,0.000000,0.000000,0.714800,0.000000,0.714800,0.423400,1,3574,0,3574,5000,3319,3420,101,255,356,0.928651,0.970468,0,0,0.000000
309,0.120285,55.540000,1.222524,0.000000,0.000000,0.655600,0.000000,0.655600,0.367000,1,3278,0,3278,5000,3249,3332,83,29,112,0.991153,0.975090,0,0,0.000000
310,0.258413,60.180000,1.146883,0.000000,0.000000,0.609600,0.000000,0.609600,0.431800,1,3048,0,3048,5000,2772,2960,188,276,464,0.909449,0.936486,0,0,0.000000
311,0.266354,50.990000,1.423177,0.000000,0.000000,0.595000,0.000000,0.595000,0.532200,1,2975,0,2975,5000,2740,2784,44,235,279,0.921008,0.984195,0,0,0.000000
312,0.121670,48.970000,1.482830,0.000000,0.000000,0.700600,0.000000,0.700600,0.410400,1,3503,0,3503,5000,3492,3576,84,11,95,0.996860,0.976510,0,0,0.000000
313,0.204330,55.110000,1.286837,0.000000,0.000000,0.469400,0.000000,0.469400,0.356200,1,2347,0,2347,5000,2256,2484,228,91,319,0.961227,0.908213,0,0,0.000000
314,0.110323,54.490000,1.296218,0.000000,0.000000,0.548400,0.000000,0.548400,0.413200,1,2742,0,2742,5000,2715,2772,57,27,84,0.990153,0.979437,0,0,0.000000
315,0.314465,50.840000,1.337760,0.000000,0.000000,0.577400,0.000000,0.577400,0.360600,1,2887,0,2887,5000,2640,2724,84,247,331,0.914444,0.969163,0,0,0.000000
316,0.207513,57.440000,1.209982,0.000000,0.000000,0.557400,0.000000,0.557400,0.446000,1,2787,0,2787,5000,2703,2780,77,84,161,0.969860,0.972302,0,0,0.000000
317,0.123193,58.510000,1.210156,0.000000,0.000000,0.607400,0.000000,0.607400,0.474000,1,3037,0,3037,5000,3012,3104,92,25,117,0.991768,0.970361,0,0,0.000000
318,0.499529,54.470000,1.290720,0.000000,0.000000,0.600600,0.000000,0.600600,0.461800,1,3003,0,3003,5000,2474,2636,162,529,691,0.823843,0.938543,0,0,0.000000
319,0.173492,53.430000,1.305611,0.000000,0.000000,0.551200,0.000000,0.551200,0.463200,1,2756,0,2756,5000,2700,2784,84,56,140,0.979681,0.969828,0,0,0.000000
320,0.282168,54.390000,1.308437,0.000000,0.000000,0.493800,0.000000,0.493800,0.415000,1,2469,0,2469,5000,2219,2292,73,250,323,0.898744,0.968150,0,0,0.000000
321,0.140456,56.190000,1.218498,0.000000,0.000000,0.636400,0.000000,0.636400,0.372200,1,3182,0,3182,5000,3150,3236,86,32,118,0.989943,0.973424,0,0,0.000000
322,0.218822,56.380000,1.241423,0.000000,0.000000,0.701000,0.000000,0.701000,0.495600,1,3505,0,3505,5000,3442,3680,238,63,301,0.982026,0.935326,0,0,0.000000
323,0.149469,58.640000,1.175648,0.000000,0.000000,0.544000,0.000000,0.544000,0.372800,1,2720,0,2720,5000,2663,2852,189,57,246,0.979044,0.933731,0,0,0.000000
324,0.133631,50.960000,1.396075,0.000000,0.000000,0.669000,0.000000,0.669000,0.491600,1,3345,0,3345,5000,3304,3396,92,41,133,0.987743,0.972909,0,0,0.000000
325,0.178667,55.490000,1.326016,0.000000,0.000000,0.663000,0.000000,0.663000,0.512800,1,3315,0,3315,5000,3237,3344,107,78,185,0.976471,0.968002,0,0,0.000000
326,0.304410,55.600000,1.281620,0.000000,0.000000,0.616600,0.000000,0.616600,0.466800,1,3083,0,3083,5000,2759,2840,81,324,405,0.894908,0.971479,0,0,0.000000
327,0.172585,55.410000,1.247037,0.000000,0.000000,0.679800,0.000000,0.679800,0.363200,1,3399,0,3399,5000,3342,3432,90,57,147,0.983230,0.973776,0,0,0.000000
328,0.250231,54.780000,1.291698,0.000000,0.000000,0.487200,0.000000,0.487200,0.513200,1,2436,0,2436,5000,2344,2436,92,92,184,0.962233,0.962233,0,0,0.000000
329,0.216940,52.290000,1.450169,0.000000,0.000000,0.575200,0.000000,0.575200,0.533800,1,2876,0,2876,5000,2797,2916,119,79,198,0.972531,0.959191,0,0,0.000000
330,0.162540,57.730000,1.212519,0.000000,0.000000,0.624800,0.000000,0.624800,0.468000,1,3124,0,3124,5000,3090,3176,86,34,120,0.989117,0.972922,0,0,0.000000
331,0.155015,57.610000,1.207437,0.000000,0.000000,0.535600,0.000000,0.535600,0.451000,1,2678,0,2678,5000,2622,2732,110,56,166,0.979089,0.959736,0,0,0.000000
332,0.182263,57.710000,1.232705,0.000000,0.000000,0.574000,0.000000,0.574000,0.453600,1,2870,0,2870,5000,2826,2912,86,44,130,0.984669,0.970467,0,0,0.000000
333,0.204273,58.760000,1.165374,0.000000,0.000000,0.660200,0.000000,0.660200,0.461200,1,3301,0,3301,5000,3237,3328,91,64,155,0.980612,0.972656,0,0,0.000000
334,0.158739,49.280000,1.483434,0.000000,0.000000,0.532000,0.000000,0.532000,0.385000,1,2660,0,2660,5000,2612,2676,64,48,112,0.981955,0.976084,0,0,0.000000
335,0.161762,54.890000,1.290353,0.000000,0.000000,0.641600,0.000000,0.641600,0.543800,1,3208,0,3208,5000,3173,3248,75,35,110,0.989090,0.976909,0,0,0.000000
336,0.344571,59.170000,1.189735,0.000000,0.000000,0.600800,0.000000,0.600800,0.390000,1,3004,0,3004,5000,2650,2732,82,354,436,0.882157,0.969985,0,0,0.000000
337,0.182637,54.410000,1.296051,0.000000,0.000000,0.618800,0.000000,0.618800,0.441800,1,3094,0,3094,5000,3044,3140,96,50,146,0.983840,0.969427,0,0,0.000000
338,0.142097,53.620000,1.339050,0.000000,0.000000,0.677600,0.000000,0.677600,0.406600,1,3388,0,3388,5000,3329,3424,95,59,154,0.982586,0.972255,0,0,0.000000
339,0.167959,51.360000,1.352670,0.000000,0.000000,0.655600,0.000000,0.655600,0.359200,1,3278,0,3278,5000,3229,3340,111,49,160,0.985052,0.966766,0,0,0.000000
340,0.337895,53.830000,1.281802,0.000000,0.000000,0.620200,0.000000,0.620200,0.334000,1,3101,0,3101,5000,2824,2916,92,277,369,0.910674,0.968450,0,0,0.000000
341,0.181750,59.410000,1.162882,0.000000,0.000000,0.544600,0.000000,0.544600,0.415800,1,2723,0,2723,5000,2659,2764,105,64,169,0.976497,0.962012,0,0,0.000000
342,0.494614,56.370000,1.255835,0.000000,0.000000,0.478400,0.000000,0.478400,0.475200,1,2392,0,2392,5000,1872,2044,172,520,692,0.782609,0.915851,0,0,0.000000
343,0.149710,56.270000,1.242526,0.000000,0.000000,0.653800,0.000000,0.653800,0.434800,1,3269,0,3269,5000,3230,3276,46,39,85,0.988070,0.985958,0,0,0.000000
344,0.117322,52.270000,1.366818,0.000000,0.000000,0.723200,0.000000,0.723200,0.357400,1,3616,0,3616,5000,3583,3680,97,33,130,0.990874,0.973641,0,0,0.000000
345,0.258270,57.420000,1.205995,0.000000,0.000000,0.669000,0.000000,0.669000,0.436800,1,3345,0,3345,5000,3146,3220,74,199,273,0.940508,0.977019,0,0,0.000000
346,0.143341,59.190000,1.144915,0.000000,0.000000,0.676600,0.000000,0.676600,0.458400,1,3383,0,3383,5000,3341,3420,79,42,121,0.987585,0.976901,0,0,0.000000
347,0.135987,54.630000,1.291403,0.000000,0.000000,0.751800,0.000000,0.751800,0.448000,1,3759,0,3759,5000,3723,3780,57,36,93,0.990423,0.984921,0,0,0.000000
348,0.236437,55.850000,1.246149,0.000000,0.000000,0.597200,0.000000,0.597200,0.393800,1,2986,0,2986,5000,2902,2996,94,84,178,0.971869,0.968625,0,0,0.000000
349,0.159488,60.110000,1.172678,0.000000,0.000000,0.598600,0.000000,0.598600,0.466200,1,2993,0,2993,5000,2920,3012,92,73,165,0.975610,0.969456,0,0,0.000000
350,0.150853,52.280000,1.382447,0.000000,0.000000,0.555600,0.000000,0.555600,0.526600,1,2778,0,2778,5000,2723,2792,69,55,124,0.980202,0.975287,0,0,0.000000
351,0.312161,60.850000,1.126927,0.000000,0.000000,0.682200,0.000000,0.682200,0.407600,1,3411,0,3411,5000,3202,3344,142,209,351,0.938728,0.957536,0,0,0.000000
352,0.187464,58.910000,1.167871,0.000000,0.000000,0.543200,0.000000,0.543200,0.509400,1,2716,0,2716,5000,2639,2736,97,77,174,0.971649,0.964547,0,0,0.000000
353,0.204089,50.820000,1.406349,0.000000,0.000000,0.669800,0.000000,0.669800,0.407600,1,3349,0,3349,5000,3288,3380,92,61,153,0.981786,0.972781,0,0,0.000000
354,0.225958,57.180000,1.250755,0.000000,0.000000,0.594600,0.000000,0.594600,0.483800,1,2973,0,2973,5000,2890,2956,66,83,149,0.972082,0.977673,0,0,0.000000
355,0.350694,57.760000,1.193095,0.000000,0.000000,0.604600,0.000000,0.604600,0.407000,1,3023,0,3023,5000,2663,2756,93,360,453,0.880913,0.966255,0,0,0.000000
356,0.382852,54.090000,1.338559,0.000000,0.000000,0.660200,0.000000,0.660200,0.448200,1,3301,0,3301,5000,2883,2932,49,418,467,0.873372,0.983288,0,0,0.000000
357,0.223884,52.470000,1.366090,0.000000,0.000000,0.616600,0.000000,0.616600,0.322000,1,3083,0,3083,5000,2873,3100,227,210,437,0.931885,0.926774,0,0,0.000000
358,0.291976,56.350000,1.241471,0.000000,0.000000,0.672000,0.000000,0.672000,0.383600,1,3360,0,3360,5000,3039,3124,85,321,406,0.904464,0.972791,0,0,0.000000
359,0.235209,50.900000,1.438585,0.000000,0.000000,0.631400,0.000000,0.631400,0.447000,1,3157,0,3157,5000,2970,3040,70,187,257,0.940767,0.976974,0,0,0.000000
360,0.240510,51.660000,1.459562,0.000000,0.000000,0.682200,0.000000,0.682200,0.493000,1,3411,0,3411,5000,3346,3440,94,65,159,0.980944,0.972674,0,0,0.000000
361,0.133856,51.580000,1.483490,0.000000,0.000000,0.628800,0.000000,0.628800,0.495600,1,3144,0,3144,5000,3082,3156,74,62,136,0.980280,0.976553,0,0,0.000000
362,0.238719,49.930000,1.443430,0.000000,0.000000,0.584400,0.000000,0.584400,0.415800,1,2922,0,2922,5000,2719,2784,65,203,268,0.930527,0.976652,0,0,0.000000
363,0.144507,55.560000,1.243594,0.000000,0.000000,0.622600,0.000000,0.622600,0.380400,1,3113,0,3113,5000,3076,3232,156,37,193,0.988114,0.951733,0,0,0.000000
364,0.146253,56.110000,1.312913,0.000000,0.000000,0.515200,0.000000,0.515200,0.496400,1,2576,0,2576,5000,2531,2580,49,45,94,0.982531,0.981008,0,0,0.000000
365,0.111893,56.760000,1.245137,0.000000,0.000000,0.639600,0.000000,0.639600,0.385200,1,3198,0,3198,5000,3174,3252,78,24,102,0.992495,0.976015,0,0,0.000000
366,0.420457,55.270000,1.269591,0.000000,0.000000,0.664600,0.000000,0.664600,0.476600,1,3323,0,3323,5000,2823,2896,73,500,573,0.849534,0.974793,0,0,0.000000
367,0.143840,52.450000,1.338583,0.000000,0.000000,0.627400,0.000000,0.627400,0.479400,1,3137,0,3137,5000,3081,3344,263,56,319,0.982149,0.921352,0,0,0.000000
368,0.135928,56.390000,1.232207,0.000000,0.000000,0.677200,0.000000,0.677200,0.367600,1,3386,0,3386,5000,3340,3468,128,46,174,0.986415,0.963091,0,0,0.000000
369,0.264388,57.180000,1.223302,0.000000,0.000000,0.691000,0.000000,0.691000,0.500600,1,3455,0,3455,5000,3184,3236,52,271,323,0.921563,0.983931,0,0,0.000000
370,0.229296,51.500000,1.397527,0.000000,0.000000,0.503000,0.000000,0.503000,0.440200,1,2515,0,2515,5000,2410,2488,78,105,183,0.958250,0.968650,0,0,0.000000
371,0.127303,48.440000,1.449781,0.000000,0.000000,0.629200,0.000000,0.629200,0.492800,1,3146,0,3146,5000,3111,3184,73,35,108,0.988875,0.977073,0,0,0.000000
372,0.233425,55.230000,1.285088,0.000000,0.000000,0.583200,0.000000,0.583200,0.272000,1,2916,0,2916,5000,2850,2972,122,66,188,0.977366,0.958950,0,0,0.000000
373,0.152957,57.560000,1.235325,0.000000,0.000000,0.599000,0.000000,0.599000,0.474000,1,2995,0,2995,5000,2930,2996,66,65,131,0.978297,0.977971,0,0,0.000000
374,0.197580,53.470000,1.331547,0.000000,0.000000,0.637200,0.000000,0.637200,0.459000,1,3186,0,3186,5000,3105,3200,95,81,176,0.974576,0.970312,0,0,0.000000
375,0.147039,60.990000,1.127360,0.000000,0.000000,0.549200,0.000000,0.549200,0.517200,1,2746,0,2746,5000,2678,2780,102,68,170,0.975237,0.963309,0,0,0.000000
376,0.137299,49.180000,1.463341,0.000000,0.000000,0.599600,0.000000,0.599600,0.442600,1,2998,0,2998,5000,2963,3032,69,35,104,0.988326,0.977243,0,0,0.000000
377,0.172854,55.900000,1.314555,0.000000,0.000000,0.654600,0.000000,0.654600,0.451800,1,3273,0,3273,5000,3217,3284,67,56,123,0.982890,0.979598,0,0,0.000000
378,0.144967,60.010000,1.168823,0.000000,0.000000,0.602000,0.000000,0.602000,0.433400,1,3010,0,3010,5000,2963,3032,69,47,116,0.984385,0.977243,0,0,0.000000
379,0.117796,58.280000,1.195596,0.000000,0.000000,0.670200,0.000000,0.670200,0.505600,1,3351,0,3351,5000,3297,3384,87,54,141,0.983885,0.974291,0,0,0.000000
380,0.138985,58.040000,1.202122,0.000000,0.000000,0.544600,0.000000,0.544600,0.461600,1,2723,0,2723,5000,2675,2748,73,48,121,0.982372,0.973435,0,0,0.000000
381,0.135878,49.320000,1.416375,0.000000,0.000000,0.652000,0.000000,0.652000,0.478800,1,3260,0,3260,5000,3203,3304,101,57,158,0.982515,0.969431,0,0,0.000000
382,0.169777,56.990000,1.224467,0.000000,0.000000,0.647600,0.000000,0.647600,0.405000,1,3238,0,3238,5000,3172,3256,84,66,150,0.979617,0.974201,0,0,0.000000
383,0.238063,46.360000,1.557493,0.000000,0.000000,0.561600,0.000000,0.561600,0.466000,1,2808,0,2808,5000,2710,2816,106,98,204,0.965100,0.962358,0,0,0.000000
384,0.167793,57.530000,1.220678,0.000000,0.000000,0.628200,0.000000,0.628200,0.467000,1,3141,0,3141,5000,3094,3212,118,47,165,0.985037,0.963263,0,0,0.000000
385,0.189937,55.810000,1.283324,0.000000,0.000000,0.585600,0.000000,0.585600,0.437800,1,2928,0,2928,5000,2857,3056,199,71,270,0.975751,0.934882,0,0,0.000000
386,0.139924,56.190000,1.285561,0.000000,0.000000,0.599600,0.000000,0.599600,0.444800,1,2998,0,2998,5000,2959,3008,49,39,88,0.986991,0.983710,0,0,0.000000
387,0.151605,52.830000,1.394521,0.000000,0.000000,0.719000,0.000000,0.719000,0.434400,1,3595,0,3595,5000,3574,3640,66,21,87,0.994159,0.981868,0,0,0.000000
388,0.254447,44.710000,1.603559,0.000000,0.000000,0.597600,0.000000,0.597600,0.443600,1,2988,0,2988,5000,2772,2832,60,216,276,0.927711,0.978814,0,0,0.000000
389,0.168664,58.340000,1.178950,0.000000,0.000000,0.630600,0.000000,0.630600,0.363000,1,3153,0,3153,5000,3089,3188,99,64,163,0.979702,0.968946,0,0,0.000000
390,0.298492,57.150000,1.262336,0.000000,0.000000,0.616200,0.000000,0.616200,0.459800,1,3081,0,3081,5000,2832,2940,108,249,357,0.919182,0.963265,0,0,0.000000
391,0.235291,58.190000,1.201543,0.000000,0.000000,0.569400,0.000000,0.569400,0.383200,1,2847,0,2847,5000,2735,2820,85,112,197,0.960660,0.969858,0,0,0.000000
392,0.190266,57.170000,1.195130,0.000000,0.000000,0.529200,0.000000,0.529200,0.413800,1,2646,0,2646,5000,2590,2788,198,56,254,0.978836,0.928981,0,0,0.000000
393,0.369410,56.960000,1.227904,0.000000,0.000000,0.617000,0.000000,0.617000,0.522200,1,3085,0,3085,5000,2783,2860,77,302,379,0.902107,0.973077,0,0,0.000000
394,0.218675,53.290000,1.391250,0.000000,0.000000,0.606600,0.000000,0.606600,0.406800,1,3033,0,3033,5000,2824,2888,64,209,273,0.931091,0.977839,0,0,0.000000
395,0.172211,55.840000,1.311020,0.000000,0.000000,0.529800,0.000000,0.529800,0.502200,1,2649,0,2649,5000,2568,2640,72,81,153,0.969422,0.972727,0,0,0.000000
396,0.145545,59.010000,1.195613,0.000000,0.000000,0.525600,0.000000,0.525600,0.434200,1,2628,0,2628,5000,2585,2632,47,43,90,0.983638,0.982143,0,0,0.000000
397,0.275801,57.240000,1.229886,0.000000,0.000000,0.726800,0.000000,0.726800,0.426000,1,3634,0,3634,5000,3358,3460,102,276,378,0.924051,0.970520,0,0,0.000000
398,0.194382,58.790000,1.146656,0.000000,0.000000,0.568200,0.000000,0.568200,0.395800,1,2841,0,2841,5000,2759,2936,177,82,259,0.971137,0.939714,0,0,0.000000
399,0.327526,56.950000,1.277713,0.000000,0.000000,0.703400,0.000000,0.703400,0.470600,1,3517,0,3517,5000,3234,3344,110,283,393,0.919534,0.967105,0,0,0.000000
400,0.177243,50.610000,1.475005,0.000000,0.000000,0.559000,0.000000,0.559000,0.508800,1,2795,0,2795,5000,2719,2772,53,76,129,0.972809,0.980880,0,0,0.000000
401,0.244986,54.650000,1.355073,0.000000,0.000000,0.623400,0.000000,0.623400,0.397400,1,3117,0,3117,5000,2902,2984,82,215,297,0.931023,0.972520,0,0,0.000000
402,0.134115,57.610000,1.229459,0.000000,0.000000,0.584200,0.000000,0.584200,0.463400,1,2921,0,2921,5000,2881,2964,83,40,123,0.986306,0.971997,0,0,0.000000
403,0.125578,56.150000,1.328625,0.000000,0.000000,0.733200,0.000000,0.733200,0.466800,1,3666,0,3666,5000,3629,3704,75,37,112,0.989907,0.979752,0,0,0.000000
404,0.129089,61.350000,1.130217,0.000000,0.000000,0.669000,0.000000,0.669000,0.435800,1,3345,0,3345,5000,3293,3380,87,52,139,0.984454,0.974260,0,0,0.000000
405,0.176196,54.710000,1.304447,0.000000,0.000000,0.515800,0.000000,0.515800,0.488400,1,2579,0,2579,5000,2488,2556,68,91,159,0.964715,0.973396,0,0,0.000000
406,0.309886,58.480000,1.193782,0.000000,0.000000,0.681400,0.000000,0.681400,0.457000,1,3407,0,3407,5000,3107,3200,93,300,393,0.911946,0.970937,0,0,0.000000
407,0.242063,55.380000,1.260867,0.000000,0.000000,0.536400,0.000000,0.536400,0.463000,1,2682,0,2682,5000,2586,2656,70,96,166,0.964206,0.973645,0,0,0.000000
408,0.131120,59.470000,1.174210,0.000000,0.000000,0.638800,0.000000,0.638800,0.471200,1,3194,0,3194,5000,3151,3232,81,43,124,0.986537,0.974938,0,0,0.000000
409,0.121860,55.960000,1.255330,0.000000,0.000000,0.465600,0.000000,0.465600,0.439200,1,2328,0,2328,5000,2292,2340,48,36,84,0.984536,0.979487,0,0,0.000000
410,0.232792,60.290000,1.171370,0.000000,0.000000,0.640400,0.000000,0.640400,0.510600,1,3202,0,3202,5000,2991,3076,85,211,296,0.934104,0.972367,0,0,0.000000
411,0.368716,53.190000,1.377996,0.000000,0.000000,0.461600,0.000000,0.461600,0.357000,1,2308,0,2308,5000,2001,2072,71,307,378,0.866984,0.965734,0,0,0.000000
412,0.358330,60.490000,1.139317,0.000000,0.000000,0.457600,0.000000,0.457600,0.397000,1,2288,0,2288,5000,2012,2088,76,276,352,0.879371,0.963602,0,0,0.000000
413,0.237508,56.950000,1.240922,0.000000,0.000000,0.659800,0.000000,0.659800,0.448600,1,3299,0,3299,5000,3097,3176,79,202,281,0.938769,0.975126,0,0,0.000000
414,0.222764,57.620000,1.199410,0.000000,0.000000,0.659200,0.000000,0.659200,0.433400,1,3296,0,3296,5000,3116,3196,80,180,260,0.945388,0.974969,0,0,0.000000
415,0.122654,53.450000,1.381183,0.000000,0.000000,0.545000,0.000000,0.545000,0.518400,1,2725,0,2725,5000,2682,2744,62,43,105,0.984220,0.977405,0,0,0.000000
416,0.199801,55.830000,1.316378,0.000000,0.000000,0.684800,0.000000,0.684800,0.380600,1,3424,0,3424,5000,3372,3452,80,52,132,0.984813,0.976825,0,0,0.000000
417,0.119627,54.260000,1.307210,0.000000,0.000000,0.696200,0.000000,0.696200,0.447200,1,3481,0,3481,5000,3450,3556,106,31,137,0.991095,0.970191,0,0,0.000000
418,0.166945,49.860000,1.450563,0.000000,0.000000,0.633200,0.000000,0.633200,0.334400,1,3166,0,3166,5000,3092,3188,96,74,170,0.976627,0.969887,0,0,0.000000
419,0.145105,53.740000,1.340571,0.000000,0.000000,0.489800,0.000000,0.489800,0.527400,1,2449,0,2449,5000,2402,2464,62,47,109,0.980808,0.974838,0,0,0.000000
420,0.319753,54.550000,1.290208,0.000000,0.000000,0.576000,0.000000,0.576000,0.374800,1,2880,0,2880,5000,2626,2708,82,254,336,0.911806,0.969719,0,0,0.000000
421,0.147213,55.180000,1.295704,0.000000,0.000000,0.603000,0.000000,0.603000,0.474800,1,3015,0,3015,5000,2968,3060,92,47,139,0.984411,0.969935,0,0,0.000000
422,0.128180,55.200000,1.298982,0.000000,0.000000,0.546000,0.000000,0.546000,0.509600,1,2730,0,2730,5000,2686,2764,78,44,122,0.983883,0.971780,0,0,0.000000
423,0.150670,58.170000,1.187432,0.000000,0.000000,0.564800,0.000000,0.564800,0.441400,1,2824,0,2824,5000,2757,2820,63,67,130,0.976275,0.977660,0,0,0.000000
424,0.468781,57.830000,1.203807,0.000000,0.000000,0.468400,0.000000,0.468400,0.469000,1,2342,0,2342,5000,1793,1832,39,549,588,0.765585,0.978712,0,0,0.000000
425,0.148976,55.230000,1.331346,0.000000,0.000000,0.617000,0.000000,0.617000,0.495600,1,3085,0,3085,5000,3033,3120,87,52,139,0.983144,0.972115,0,0,0.000000
426,0.283267,58.430000,1.195293,0.000000,0.000000,0.617400,0.000000,0.617400,0.409800,1,3087,0,3087,5000,2825,2916,91,262,353,0.915128,0.968793,0,0,0.000000
427,0.191628,57.740000,1.214975,0.000000,0.000000,0.565600,0.000000,0.565600,0.425400,1,2828,0,2828,5000,2740,2856,116,88,204,0.968883,0.959384,0,0,0.000000
428,0.272360,52.230000,1.440299,0.000000,0.000000,0.698800,0.000000,0.698800,0.471400,1,3494,0,3494,5000,3218,3276,58,276,334,0.921007,0.982295,0,0,0.000000
429,0.276028,58.180000,1.208020,0.000000,0.000000,0.664800,0.000000,0.664800,0.490400,1,3324,0,3324,5000,3045,3136,91,279,370,0.916065,0.970982,0,0,0.000000
430,0.087314,57.690000,1.267733,0.000000,0.000000,0.610600,0.000000,0.610600,0.508800,1,3053,0,3053,5000,3032,3076,44,21,65,0.993122,0.985696,0,0,0.000000
431,0.123824,58.740000,1.215160,0.000000,0.000000,0.689400,0.000000,0.689400,0.409400,1,3447,0,3447,5000,3409,3512,103,38,141,0.988976,0.970672,0,0,0.000000
432,0.117443,58.730000,1.228471,0.000000,0.000000,0.513400,0.000000,0.513400,0.505200,1,2567,0,2567,5000,2509,2596,87,58,145,0.977406,0.966487,0,0,0.000000
433,0.105020,46.860000,1.547886,0.000000,0.000000,0.722000,0.000000,0.722000,0.452800,1,3610,0,3610,5000,3577,3652,75,33,108,0.990859,0.979463,0,0,0.000000
434,0.144804,59.070000,1.240846,0.000000,0.000000,0.715600,0.000000,0.715600,0.471400,1,3578,0,3578,5000,3515,3576,61,63,124,0.982392,0.982942,0,0,0.000000
435,0.185201,57.110000,1.297612,0.000000,0.000000,0.601000,0.000000,0.601000,0.469600,1,3005,0,3005,5000,2923,2992,69,82,151,0.972712,0.976939,0,0,0.000000
436,0.148274,62.590000,1.082584,0.000000,0.000000,0.636000,0.000000,0.636000,0.375200,1,3180,0,3180,5000,3136,3216,80,44,124,0.986164,0.975124,0,0,0.000000
437,0.226421,55.390000,1.255975,0.000000,0.000000,0.568200,0.000000,0.568200,0.425200,1,2841,0,2841,5000,2783,2860,77,58,135,0.979585,0.973077,0,0,0.000000
438,0.251591,56.680000,1.240595,0.000000,0.000000,0.699600,0.000000,0.699600,0.443600,1,3498,0,3498,5000,3231,3300,69,267,336,0.923671,0.979091,0,0,0.000000
439,0.142882,54.010000,1.349379,0.000000,0.000000,0.591600,0.000000,0.591600,0.500200,1,2958,0,2958,5000,2894,2952,58,64,122,0.978364,0.980352,0,0,0.000000
440,0.114203,52.910000,1.416331,0.000000,0.000000,0.512400,0.000000,0.512400,0.458400,1,2562,0,2562,5000,2519,2568,49,43,92,0.983216,0.980919,0,0,0.000000
441,0.143557,55.120000,1.317580,0.000000,0.000000,0.580600,0.000000,0.580600,0.489400,1,2903,0,2903,5000,2854,2912,58,49,107,0.983121,0.980082,0,0,0.000000
442,0.146810,58.540000,1.245721,0.000000,0.000000,0.622000,0.000000,0.622000,0.462600,1,3110,0,3110,5000,3059,3136,77,51,128,0.983601,0.975446,0,0,0.000000
443,0.099114,47.260000,1.572470,0.000000,0.000000,0.639600,0.000000,0.639600,0.597200,1,3198,0,3198,5000,3161,3216,55,37,92,0.988430,0.982898,0,0,0.000000
444,0.305472,59.270000,1.196466,0.000000,0.000000,0.684200,0.000000,0.684200,0.401800,1,3421,0,3421,5000,3155,3228,73,266,339,0.922245,0.977385,0,0,0.000000
445,0.251683,57.580000,1.232797,0.000000,0.000000,0.570200,0.000000,0.570200,0.539800,1,2851,0,2851,5000,2578,2652,74,273,347,0.904244,0.972097,0,0,0.000000
446,0.135660,55.240000,1.336551,0.000000,0.000000,0.630600,0.000000,0.630600,0.471200,1,3153,0,3153,5000,3090,3164,74,63,137,0.980019,0.976612,0,0,0.000000
447,0.158396,60.760000,1.151450,0.000000,0.000000,0.541000,0.000000,0.541000,0.458200,1,2705,0,2705,5000,2632,2700,68,73,141,0.973013,0.974815,0,0,0.000000
448,0.151556,55.160000,1.343279,0.000000,0.000000,0.612800,0.000000,0.612800,0.538200,1,3064,0,3064,5000,2986,3032,46,78,124,0.974543,0.984828,0,0,0.000000
449,0.296680,59.960000,1.148671,0.000000,0.000000,0.415400,0.000000,0.415400,0.351200,1,2077,0,2077,5000,1826,1940,114,251,365,0.879153,0.941237,0,0,0.000000
450,0.170067,58.940000,1.194051,0.000000,0.000000,0.599400,0.000000,0.599400,0.433000,1,2997,0,2997,5000,2920,2988,68,77,145,0.974308,0.977242,0,0,0.000000
451,0.301747,56.090000,1.253443,0.000000,0.000000,0.663600,0.000000,0.663600,0.478600,1,3318,0,3318,5000,3016,3068,52,302,354,0.908981,0.983051,0,0,0.000000
452,0.251574,60.940000,1.153071,0.000000,0.000000,0.610600,0.000000,0.610600,0.409200,1,3053,0,3053,5000,2820,2908,88,233,321,0.923682,0.969739,0,0,0.000000
453,0.116080,57.610000,1.219089,0.000000,0.000000,0.555600,0.000000,0.555600,0.413600,1,2778,0,2778,5000,2739,2816,77,39,116,0.985961,0.972656,0,0,0.000000
454,0.182356,54.690000,1.325972,0.000000,0.000000,0.708600,0.000000,0.708600,0.408200,1,3543,0,3543,5000,3474,3532,58,69,127,0.980525,0.983579,0,0,0.000000
455,0.157592,48.570000,1.538797,0.000000,0.000000,0.630600,0.000000,0.630600,0.549000,1,3153,0,3153,5000,3100,3176,76,53,129,0.983191,0.976071,0,0,0.000000
456,0.190283,58.050000,1.212326,0.000000,0.000000,0.523200,0.000000,0.523200,0.462000,1,2616,0,2616,5000,2550,2612,62,66,128,0.974771,0.976263,0,0,0.000000
457,0.111802,58.190000,1.210731,0.000000,0.000000,0.663400,0.000000,0.663400,0.457800,1,3317,0,3317,5000,3289,3360,71,28,99,0.991559,0.978869,0,0,0.000000
458,0.174301,56.040000,1.281805,0.000000,0.000000,0.598800,0.000000,0.598800,0.522400,1,2994,0,2994,5000,2914,3004,90,80,170,0.973280,0.970040,0,0,0.000000
459,0.186460,57.860000,1.181896,0.000000,0.000000,0.623000,0.000000,0.623000,0.395400,1,3115,0,3115,5000,3072,3188,116,43,159,0.986196,0.963614,0,0,0.000000
460,0.176633,58.120000,1.179855,0.000000,0.000000,0.634200,0.000000,0.634200,0.518400,1,3171,0,3171,5000,3079,3128,49,92,141,0.970987,0.984335,0,0,0.000000
461,0.182172,56.810000,1.224279,0.000000,0.000000,0.652600,0.000000,0.652600,0.462400,1,3263,0,3263,5000,3188,3276,88,75,163,0.977015,0.973138,0,0,0.000000
462,0.142885,56.260000,1.267100,0.000000,0.000000,0.740200,0.000000,0.740200,0.444400,1,3701,0,3701,5000,3651,3720,69,50,119,0.986490,0.981452,0,0,0.000000
463,0.278715,59.340000,1.140278,0.000000,0.000000,0.721400,0.000000,0.721400,0.419000,1,3607,0,3607,5000,3316,3436,120,291,411,0.919324,0.965076,0,0,0.000000
464,0.116692,57.630000,1.195774,0.000000,0.000000,0.583600,0.000000,0.583600,0.441000,1,2918,0,2918,5000,2883,2960,77,35,112,0.988005,0.973986,0,0,0.000000
465,0.152841,59.070000,1.212197,0.000000,0.000000,0.523800,0.000000,0.523800,0.508200,1,2619,0,2619,5000,2544,2608,64,75,139,0.971363,0.975460,0,0,0.000000
466,0.165641,61.530000,1.113168,0.000000,0.000000,0.662000,0.000000,0.662000,0.473000,1,3310,0,3310,5000,3220,3268,48,90,138,0.972810,0.985312,0,0,0.000000
467,0.254491,59.380000,1.164759,0.000000,0.000000,0.482400,0.000000,0.482400,0.506000,1,2412,0,2412,5000,2175,2240,65,237,302,0.901741,0.970982,0,0,0.000000
468,0.280827,58.100000,1.159369,0.000000,0.000000,0.602400,0.000000,0.602400,0.344600,1,3012,0,3012,5000,2789,2860,71,223,294,0.925963,0.975175,0,0,0.000000
469,0.159718,52.280000,1.425299,0.000000,0.000000,0.617000,0.000000,0.617000,0.520400,1,3085,0,3085,5000,3015,3088,73,70,143,0.977310,0.976360,0,0,0.000000
470,0.318649,53.010000,1.346331,0.000000,0.000000,0.649200,0.000000,0.649200,0.402200,1,3246,0,3246,5000,2937,3016,79,309,388,0.904806,0.973806,0,0,0.000000
471,0.256408,55.830000,1.284283,0.000000,0.000000,0.562600,0.000000,0.562600,0.518600,1,2813,0,2813,5000,2699,2792,93,114,207,0.959474,0.966691,0,0,0.000000
472,0.240925,53.880000,1.346950,0.000000,0.000000,0.679000,0.000000,0.679000,0.448600,1,3395,0,3395,5000,3111,3204,93,284,377,0.916348,0.970974,0,0,0.000000
473,0.291065,55.830000,1.290107,0.000000,0.000000,0.571600,0.000000,0.571600,0.443000,1,2858,0,2858,5000,2586,2696,110,272,382,0.904829,0.959199,0,0,0.000000
474,0.375159,54.280000,1.377904,0.000000,0.000000,0.606000,0.000000,0.606000,0.488600,1,3030,0,3030,5000,2575,2608,33,455,488,0.849835,0.987347,0,0,0.000000
475,0.149886,56.340000,1.310872,0.000000,0.000000,0.551600,0.000000,0.551600,0.481600,1,2758,0,2758,5000,2694,2756,62,64,126,0.976795,0.977504,0,0,0.000000
476,0.185733,62.330000,1.084946,0.000000,0.000000,0.696600,0.000000,0.696600,0.456400,1,3483,0,3483,5000,3429,3512,83,54,137,0.984496,0.976367,0,0,0.000000
477,0.104679,60.460000,1.134455,0.000000,0.000000,0.675400,0.000000,0.675400,0.487200,1,3377,0,3377,5000,3344,3436,92,33,125,0.990228,0.973225,0,0,0.000000
478,0.161355,51.980000,1.385429,0.000000,0.000000,0.575000,0.000000,0.575000,0.383800,1,2875,0,2875,5000,2803,2888,85,72,157,0.974957,0.970568,0,0,0.000000
479,0.270787,57.390000,1.229090,0.000000,0.000000,0.681200,0.000000,0.681200,0.423200,1,3406,0,3406,5000,3086,3152,66,320,386,0.906048,0.979061,0,0,0.000000
480,0.174084,54.350000,1.319289,0.000000,0.000000,0.706800,0.000000,0.706800,0.364400,1,3534,0,3534,5000,3469,3536,67,65,132,0.981607,0.981052,0,0,0.000000
481,0.165045,57.870000,1.210852,0.000000,0.000000,0.506600,0.000000,0.506600,0.479600,1,2533,0,2533,5000,2456,2536,80,77,157,0.969601,0.968454,0,0,0.000000
482,0.103222,59.250000,1.171215,0.000000,0.000000,0.689800,0.000000,0.689800,0.388800,1,3449,0,3449,5000,3419,3484,65,30,95,0.991302,0.981343,0,0,0.000000
483,0.284295,58.560000,1.238980,0.000000,0.000000,0.724400,0.000000,0.724400,0.494800,1,3622,0,3622,5000,3282,3364,82,340,422,0.906129,0.975624,0,0,0.000000
484,0.126038,60.240000,1.129479,0.000000,0.000000,0.694800,0.000000,0.694800,0.497600,1,3474,0,3474,5000,3445,3544,99,29,128,0.991652,0.972065,0,0,0.000000
485,0.197862,53.770000,1.338978,0.000000,0.000000,0.524400,0.000000,0.524400,0.473400,1,2622,0,2622,5000,2520,2588,68,102,170,0.961098,0.973725,0,0,0.000000
486,0.135223,53.720000,1.326388,0.000000,0.000000,0.559400,0.000000,0.559400,0.382000,1,2797,0,2797,5000,2733,2824,91,64,155,0.977118,0.967776,0,0,0.000000
487,0.159795,56.620000,1.229957,0.000000,0.000000,0.637000,0.000000,0.637000,0.413200,1,3185,0,3185,5000,3095,3144,49,90,139,0.971743,0.984415,0,0,0.000000
488,0.158003,53.620000,1.337996,0.000000,0.000000,0.633200,0.000000,0.633200,0.461200,1,3166,0,3166,5000,3116,3200,84,50,134,0.984207,0.973750,0,0,0.000000
489,0.121170,59.060000,1.165335,0.000000,0.000000,0.616200,0.000000,0.616200,0.397000,1,3081,0,3081,5000,3026,3108,82,55,137,0.982149,0.973616,0,0,0.000000
490,0.260579,60.480000,1.172101,0.000000,0.000000,0.654400,0.000000,0.654400,0.557400,1,3272,0,3272,5000,2992,3048,56,280,336,0.914425,0.981627,0,0,0.000000
491,0.353236,58.900000,1.251825,0.000000,0.000000,0.509600,0.000000,0.509600,0.520400,1,2548,0,2548,5000,2192,2252,60,356,416,0.860283,0.973357,0,0,0.000000
492,0.171669,59.340000,1.192364,0.000000,0.000000,0.668800,0.000000,0.668800,0.423600,1,3344,0,3344,5000,3273,3352,79,71,150,0.978768,0.976432,0,0,0.000000
493,0.124842,55.050000,1.292131,0.000000,0.000000,0.669600,0.000000,0.669600,0.541600,1,3348,0,3348,5000,3312,3472,160,36,196,0.989247,0.953917,0,0,0.000000
494,0.147361,57.980000,1.194071,0.000000,0.000000,0.547800,0.000000,0.547800,0.403600,1,2739,0,2739,5000,2658,2724,66,81,147,0.970427,0.975771,0,0,0.000000
495,0.288018,57.740000,1.230425,0.000000,0.000000,0.608600,0.000000,0.608600,0.482000,1,3043,0,3043,5000,2744,2804,60,299,359,0.901742,0.978602,0,0,0.000000
496,0.356141,57.270000,1.239573,0.000000,0.000000,0.557200,0.000000,0.557200,0.401600,1,2786,0,2786,5000,2401,2464,63,385,448,0.861809,0.974432,0,0,0.000000
497,0.121189,55.630000,1.267642,0.000000,0.000000,0.625000,0.000000,0.625000,0.455600,1,3125,0,3125,5000,3080,3144,64,45,109,0.985600,0.979644,0,0,0.000000
498,0.383611,56.140000,1.243807,0.000000,0.000000,0.715600,0.000000,0.715600,0.358800,1,3578,0,3578,5000,3043,3120,77,535,612,0.850475,0.975321,0,0,0.000000
499,0.296506,59.200000,1.170640,0.000000,0.000000,0.429200,0.000000,0.429200,0.488600,1,2146,0,2146,5000,1826,1892,66,320,386,0.850885,0.965116,0,0,0.000000
