epoch,train_loss,global_test_acc,global_test_loss,personal_apa,personal_loss,core_clean_ratio,recover_ratio,train_ratio,agreement_ratio,recovery_trigger,core_count,recover_count,train_count,total_count,actual_train_clean_count,actual_round_clean_count,missed_clean_count,false_clean_count,total_wrong_count,actual_train_clean_ratio,clean_recall,recover_true_clean_count,recover_false_clean_count,recover_precision
0,1.561888,20.550000,2.220529,0.000000,0.000000,1.000000,0.000000,1.000000,0.000000,0,25000,0,25000,25000,15368,15368,0,9632,9632,0.614720,1.000000,0,0,0.000000
1,1.647765,24.810000,2.154322,0.000000,0.000000,1.000000,0.000000,1.000000,0.000000,0,25000,0,25000,25000,14536,14536,0,10464,10464,0.581440,1.000000,0,0,0.000000
2,1.644126,26.610000,2.123474,0.000000,0.000000,1.000000,0.000000,1.000000,0.000000,0,25000,0,25000,25000,14336,14336,0,10664,10664,0.573440,1.000000,0,0,0.000000
3,1.650834,26.800000,2.110036,0.000000,0.000000,1.000000,0.000000,1.000000,0.000000,0,25000,0,25000,25000,14136,14136,0,10864,10864,0.565440,1.000000,0,0,0.000000
4,1.506977,30.070000,2.076182,0.000000,0.000000,1.000000,0.000000,1.000000,0.000000,0,25000,0,25000,25000,15684,15684,0,9316,9316,0.627360,1.000000,0,0,0.000000
5,1.520444,31.270000,2.053379,0.000000,0.000000,1.000000,0.000000,1.000000,0.000000,0,25000,0,25000,25000,15264,15264,0,9736,9736,0.610560,1.000000,0,0,0.000000
6,1.557602,31.830000,2.047975,0.000000,0.000000,1.000000,0.000000,1.000000,0.000000,0,25000,0,25000,25000,15084,15084,0,9916,9916,0.603360,1.000000,0,0,0.000000
7,1.586765,30.350000,2.054391,0.000000,0.000000,1.000000,0.000000,1.000000,0.000000,0,25000,0,25000,25000,14776,14776,0,10224,10224,0.591040,1.000000,0,0,0.000000
8,1.453901,32.270000,2.033713,0.000000,0.000000,1.000000,0.000000,1.000000,0.000000,0,25000,0,25000,25000,16124,16124,0,8876,8876,0.644960,1.000000,0,0,0.000000
9,1.580486,35.970000,2.016811,0.000000,0.000000,1.000000,0.000000,1.000000,0.000000,0,25000,0,25000,25000,14788,14788,0,10212,10212,0.591520,1.000000,0,0,0.000000
10,1.535246,35.360000,2.019011,0.000000,0.000000,1.000000,0.000000,1.000000,0.000000,0,25000,0,25000,25000,15144,15144,0,9856,9856,0.605760,1.000000,0,0,0.000000
11,1.503419,35.660000,1.998056,0.000000,0.000000,1.000000,0.000000,1.000000,0.000000,0,25000,0,25000,25000,15068,15068,0,9932,9932,0.602720,1.000000,0,0,0.000000
12,1.448210,36.110000,1.992843,0.000000,0.000000,1.000000,0.000000,1.000000,0.000000,0,25000,0,25000,25000,15948,15948,0,9052,9052,0.637920,1.000000,0,0,0.000000
13,1.404835,37.260000,1.980203,0.000000,0.000000,1.000000,0.000000,1.000000,0.000000,0,25000,0,25000,25000,15984,15984,0,9016,9016,0.639360,1.000000,0,0,0.000000
14,1.557086,35.720000,1.997716,0.000000,0.000000,1.000000,0.000000,1.000000,0.000000,0,25000,0,25000,25000,14752,14752,0,10248,10248,0.590080,1.000000,0,0,0.000000
15,1.541873,34.700000,2.006721,0.000000,0.000000,1.000000,0.000000,1.000000,0.000000,0,25000,0,25000,25000,14976,14976,0,10024,10024,0.599040,1.000000,0,0,0.000000
16,1.590764,35.810000,2.005510,0.000000,0.000000,1.000000,0.000000,1.000000,0.000000,0,25000,0,25000,25000,14508,14508,0,10492,10492,0.580320,1.000000,0,0,0.000000
17,1.557469,36.790000,2.002680,0.000000,0.000000,1.000000,0.000000,1.000000,0.000000,0,25000,0,25000,25000,14772,14772,0,10228,10228,0.590880,1.000000,0,0,0.000000
18,1.549353,37.490000,1.993628,0.000000,0.000000,1.000000,0.000000,1.000000,0.000000,0,25000,0,25000,25000,14644,14644,0,10356,10356,0.585760,1.000000,0,0,0.000000
19,1.489080,36.780000,1.994937,0.000000,0.000000,1.000000,0.000000,1.000000,0.000000,0,25000,0,25000,25000,15372,15372,0,9628,9628,0.614880,1.000000,0,0,0.000000
20,1.607728,37.410000,2.000401,0.000000,0.000000,1.000000,0.000000,1.000000,0.000000,0,25000,0,25000,25000,13976,13976,0,11024,11024,0.559040,1.000000,0,0,0.000000
21,1.445252,35.440000,1.993789,0.000000,0.000000,1.000000,0.000000,1.000000,0.000000,0,25000,0,25000,25000,15836,15836,0,9164,9164,0.633440,1.000000,0,0,0.000000
22,1.500447,37.240000,1.991393,0.000000,0.000000,1.000000,0.000000,1.000000,0.000000,0,25000,0,25000,25000,15064,15064,0,9936,9936,0.602560,1.000000,0,0,0.000000
23,1.454173,36.930000,1.987728,0.000000,0.000000,1.000000,0.000000,1.000000,0.000000,0,25000,0,25000,25000,15352,15352,0,9648,9648,0.614080,1.000000,0,0,0.000000
24,1.498894,36.990000,1.966009,0.000000,0.000000,1.000000,0.000000,1.000000,0.000000,0,25000,0,25000,25000,14924,14924,0,10076,10076,0.596960,1.000000,0,0,0.000000
25,1.501712,38.170000,1.964334,0.000000,0.000000,1.000000,0.000000,1.000000,0.000000,0,25000,0,25000,25000,15236,15236,0,9764,9764,0.609440,1.000000,0,0,0.000000
26,1.538882,38.230000,1.964497,0.000000,0.000000,1.000000,0.000000,1.000000,0.000000,0,25000,0,25000,25000,14680,14680,0,10320,10320,0.587200,1.000000,0,0,0.000000
27,1.457022,35.110000,1.992134,0.000000,0.000000,1.000000,0.000000,1.000000,0.000000,0,25000,0,25000,25000,15732,15732,0,9268,9268,0.629280,1.000000,0,0,0.000000
28,1.459377,39.110000,1.959223,0.000000,0.000000,1.000000,0.000000,1.000000,0.000000,0,25000,0,25000,25000,15304,15304,0,9696,9696,0.612160,1.000000,0,0,0.000000
29,1.553496,34.490000,1.995028,0.000000,0.000000,1.000000,0.000000,1.000000,0.000000,0,25000,0,25000,25000,14700,14700,0,10300,10300,0.588000,1.000000,0,0,0.000000
30,1.530544,37.530000,1.983509,0.000000,0.000000,1.000000,0.000000,1.000000,0.000000,0,25000,0,25000,25000,14480,14480,0,10520,10520,0.579200,1.000000,0,0,0.000000
31,1.401645,38.290000,1.960836,0.000000,0.000000,1.000000,0.000000,1.000000,0.000000,0,25000,0,25000,25000,15816,15816,0,9184,9184,0.632640,1.000000,0,0,0.000000
32,1.628223,34.560000,1.983707,0.000000,0.000000,1.000000,0.000000,1.000000,0.000000,0,25000,0,25000,25000,13668,13668,0,11332,11332,0.546720,1.000000,0,0,0.000000
33,1.602881,36.680000,1.989391,0.000000,0.000000,1.000000,0.000000,1.000000,0.000000,0,25000,0,25000,25000,13876,13876,0,11124,11124,0.555040,1.000000,0,0,0.000000
34,1.465139,34.050000,1.985193,0.000000,0.000000,1.000000,0.000000,1.000000,0.000000,0,25000,0,25000,25000,15268,15268,0,9732,9732,0.610720,1.000000,0,0,0.000000
35,1.545485,36.280000,1.983039,0.000000,0.000000,1.000000,0.000000,1.000000,0.000000,0,25000,0,25000,25000,14476,14476,0,10524,10524,0.579040,1.000000,0,0,0.000000
36,1.439010,36.760000,1.972278,0.000000,0.000000,1.000000,0.000000,1.000000,0.000000,0,25000,0,25000,25000,15392,15392,0,9608,9608,0.615680,1.000000,0,0,0.000000
37,1.412750,37.760000,1.949653,0.000000,0.000000,1.000000,0.000000,1.000000,0.000000,0,25000,0,25000,25000,15728,15728,0,9272,9272,0.629120,1.000000,0,0,0.000000
38,1.426733,37.890000,1.952868,0.000000,0.000000,1.000000,0.000000,1.000000,0.000000,0,25000,0,25000,25000,15356,15356,0,9644,9644,0.614240,1.000000,0,0,0.000000
39,1.562024,36.810000,1.972780,0.000000,0.000000,1.000000,0.000000,1.000000,0.000000,0,25000,0,25000,25000,14032,14032,0,10968,10968,0.561280,1.000000,0,0,0.000000
40,1.414836,37.920000,1.951074,0.000000,0.000000,1.000000,0.000000,1.000000,0.000000,0,25000,0,25000,25000,15744,15744,0,9256,9256,0.629760,1.000000,0,0,0.000000
41,1.474602,36.230000,1.963132,0.000000,0.000000,1.000000,0.000000,1.000000,0.000000,0,25000,0,25000,25000,14796,14796,0,10204,10204,0.591840,1.000000,0,0,0.000000
42,1.575319,35.430000,1.981797,0.000000,0.000000,1.000000,0.000000,1.000000,0.000000,0,25000,0,25000,25000,13920,13920,0,11080,11080,0.556800,1.000000,0,0,0.000000
43,1.483585,34.520000,1.983926,0.000000,0.000000,1.000000,0.000000,1.000000,0.000000,0,25000,0,25000,25000,14724,14724,0,10276,10276,0.588960,1.000000,0,0,0.000000
44,1.491904,35.800000,1.973837,0.000000,0.000000,1.000000,0.000000,1.000000,0.000000,0,25000,0,25000,25000,14936,14936,0,10064,10064,0.597440,1.000000,0,0,0.000000
45,1.440303,37.130000,1.955398,0.000000,0.000000,1.000000,0.000000,1.000000,0.000000,0,25000,0,25000,25000,15328,15328,0,9672,9672,0.613120,1.000000,0,0,0.000000
46,1.474450,37.650000,1.952303,0.000000,0.000000,1.000000,0.000000,1.000000,0.000000,0,25000,0,25000,25000,14492,14492,0,10508,10508,0.579680,1.000000,0,0,0.000000
47,1.523454,35.840000,1.972980,0.000000,0.000000,1.000000,0.000000,1.000000,0.000000,0,25000,0,25000,25000,14192,14192,0,10808,10808,0.567680,1.000000,0,0,0.000000
48,1.437658,34.760000,1.959314,0.000000,0.000000,1.000000,0.000000,1.000000,0.000000,0,25000,0,25000,25000,15324,15324,0,9676,9676,0.612960,1.000000,0,0,0.000000
49,1.529945,35.220000,1.986427,0.000000,0.000000,1.000000,0.000000,1.000000,0.000000,0,25000,0,25000,25000,14212,14212,0,10788,10788,0.568480,1.000000,0,0,0.000000
50,1.395314,35.230000,1.970106,0.000000,0.000000,1.000000,0.000000,1.000000,0.000000,0,25000,0,25000,25000,15492,15492,0,9508,9508,0.619680,1.000000,0,0,0.000000
51,1.422549,34.930000,1.956796,0.000000,0.000000,1.000000,0.000000,1.000000,0.000000,0,25000,0,25000,25000,15336,15336,0,9664,9664,0.613440,1.000000,0,0,0.000000
52,1.497721,35.520000,1.959518,0.000000,0.000000,1.000000,0.000000,1.000000,0.000000,0,25000,0,25000,25000,14392,14392,0,10608,10608,0.575680,1.000000,0,0,0.000000
53,1.427398,35.800000,1.958108,0.000000,0.000000,1.000000,0.000000,1.000000,0.000000,0,25000,0,25000,25000,14952,14952,0,10048,10048,0.598080,1.000000,0,0,0.000000
54,1.399602,35.860000,1.958893,0.000000,0.000000,1.000000,0.000000,1.000000,0.000000,0,25000,0,25000,25000,15496,15496,0,9504,9504,0.619840,1.000000,0,0,0.000000
55,1.418083,37.760000,1.943626,0.000000,0.000000,1.000000,0.000000,1.000000,0.000000,0,25000,0,25000,25000,15264,15264,0,9736,9736,0.610560,1.000000,0,0,0.000000
56,1.538811,36.950000,1.943623,0.000000,0.000000,1.000000,0.000000,1.000000,0.000000,0,25000,0,25000,25000,13876,13876,0,11124,11124,0.555040,1.000000,0,0,0.000000
57,1.453828,35.160000,1.965715,0.000000,0.000000,1.000000,0.000000,1.000000,0.000000,0,25000,0,25000,25000,14744,14744,0,10256,10256,0.589760,1.000000,0,0,0.000000
58,1.442688,35.920000,1.955630,0.000000,0.000000,1.000000,0.000000,1.000000,0.000000,0,25000,0,25000,25000,15160,15160,0,9840,9840,0.606400,1.000000,0,0,0.000000
59,1.433406,33.060000,1.969760,0.000000,0.000000,1.000000,0.000000,1.000000,0.000000,0,25000,0,25000,25000,15052,15052,0,9948,9948,0.602080,1.000000,0,0,0.000000
60,1.490870,33.950000,1.975248,0.000000,0.000000,1.000000,0.000000,1.000000,0.000000,0,25000,0,25000,25000,14616,14616,0,10384,10384,0.584640,1.000000,0,0,0.000000
61,1.343203,35.570000,1.943321,0.000000,0.000000,1.000000,0.000000,1.000000,0.000000,0,25000,0,25000,25000,15940,15940,0,9060,9060,0.637600,1.000000,0,0,0.000000
62,1.401001,36.000000,1.940890,0.000000,0.000000,1.000000,0.000000,1.000000,0.000000,0,25000,0,25000,25000,15280,15280,0,9720,9720,0.611200,1.000000,0,0,0.000000
63,1.390018,35.010000,1.948540,0.000000,0.000000,1.000000,0.000000,1.000000,0.000000,0,25000,0,25000,25000,15544,15544,0,9456,9456,0.621760,1.000000,0,0,0.000000
64,1.374322,36.930000,1.938626,0.000000,0.000000,1.000000,0.000000,1.000000,0.000000,0,25000,0,25000,25000,15700,15700,0,9300,9300,0.628000,1.000000,0,0,0.000000
65,1.440268,37.000000,1.936476,0.000000,0.000000,1.000000,0.000000,1.000000,0.000000,0,25000,0,25000,25000,14820,14820,0,10180,10180,0.592800,1.000000,0,0,0.000000
66,1.457562,37.130000,1.936200,0.000000,0.000000,1.000000,0.000000,1.000000,0.000000,0,25000,0,25000,25000,14660,14660,0,10340,10340,0.586400,1.000000,0,0,0.000000
67,1.476659,34.150000,1.958424,0.000000,0.000000,1.000000,0.000000,1.000000,0.000000,0,25000,0,25000,25000,14476,14476,0,10524,10524,0.579040,1.000000,0,0,0.000000
68,1.384661,37.550000,1.930690,0.000000,0.000000,1.000000,0.000000,1.000000,0.000000,0,25000,0,25000,25000,15316,15316,0,9684,9684,0.612640,1.000000,0,0,0.000000
69,1.518064,34.400000,1.968838,0.000000,0.000000,1.000000,0.000000,1.000000,0.000000,0,25000,0,25000,25000,14028,14028,0,10972,10972,0.561120,1.000000,0,0,0.000000
70,1.454259,35.100000,1.956174,0.000000,0.000000,1.000000,0.000000,1.000000,0.000000,0,25000,0,25000,25000,14556,14556,0,10444,10444,0.582240,1.000000,0,0,0.000000
71,1.430339,36.660000,1.945188,0.000000,0.000000,1.000000,0.000000,1.000000,0.000000,0,25000,0,25000,25000,14796,14796,0,10204,10204,0.591840,1.000000,0,0,0.000000
72,1.367675,37.290000,1.927178,0.000000,0.000000,1.000000,0.000000,1.000000,0.000000,0,25000,0,25000,25000,15448,15448,0,9552,9552,0.617920,1.000000,0,0,0.000000
73,1.313538,34.700000,1.936093,0.000000,0.000000,1.000000,0.000000,1.000000,0.000000,0,25000,0,25000,25000,16132,16132,0,8868,8868,0.645280,1.000000,0,0,0.000000
74,1.391756,33.850000,1.948661,0.000000,0.000000,1.000000,0.000000,1.000000,0.000000,0,25000,0,25000,25000,15008,15008,0,9992,9992,0.600320,1.000000,0,0,0.000000
75,1.352670,36.180000,1.931522,0.000000,0.000000,1.000000,0.000000,1.000000,0.000000,0,25000,0,25000,25000,15592,15592,0,9408,9408,0.623680,1.000000,0,0,0.000000
76,1.447845,35.140000,1.943326,0.000000,0.000000,1.000000,0.000000,1.000000,0.000000,0,25000,0,25000,25000,14772,14772,0,10228,10228,0.590880,1.000000,0,0,0.000000
77,1.330548,34.310000,1.934813,0.000000,0.000000,1.000000,0.000000,1.000000,0.000000,0,25000,0,25000,25000,15928,15928,0,9072,9072,0.637120,1.000000,0,0,0.000000
78,1.392985,36.230000,1.924297,0.000000,0.000000,1.000000,0.000000,1.000000,0.000000,0,25000,0,25000,25000,15068,15068,0,9932,9932,0.602720,1.000000,0,0,0.000000
79,1.384321,32.830000,1.945797,0.000000,0.000000,1.000000,0.000000,1.000000,0.000000,0,25000,0,25000,25000,15644,15644,0,9356,9356,0.625760,1.000000,0,0,0.000000
80,1.446341,33.650000,1.954700,0.000000,0.000000,1.000000,0.000000,1.000000,0.000000,0,25000,0,25000,25000,14560,14560,0,10440,10440,0.582400,1.000000,0,0,0.000000
81,1.362801,33.610000,1.951304,0.000000,0.000000,1.000000,0.000000,1.000000,0.000000,0,25000,0,25000,25000,15372,15372,0,9628,9628,0.614880,1.000000,0,0,0.000000
82,1.400437,34.380000,1.944787,0.000000,0.000000,1.000000,0.000000,1.000000,0.000000,0,25000,0,25000,25000,15220,15220,0,9780,9780,0.608800,1.000000,0,0,0.000000
83,1.414757,34.470000,1.943898,0.000000,0.000000,1.000000,0.000000,1.000000,0.000000,0,25000,0,25000,25000,14560,14560,0,10440,10440,0.582400,1.000000,0,0,0.000000
84,1.441491,34.550000,1.943520,0.000000,0.000000,1.000000,0.000000,1.000000,0.000000,0,25000,0,25000,25000,14672,14672,0,10328,10328,0.586880,1.000000,0,0,0.000000
85,1.358860,33.070000,1.948770,0.000000,0.000000,1.000000,0.000000,1.000000,0.000000,0,25000,0,25000,25000,15280,15280,0,9720,9720,0.611200,1.000000,0,0,0.000000
86,1.457069,32.050000,1.968663,0.000000,0.000000,1.000000,0.000000,1.000000,0.000000,0,25000,0,25000,25000,14536,14536,0,10464,10464,0.581440,1.000000,0,0,0.000000
87,1.306495,34.300000,1.930157,0.000000,0.000000,1.000000,0.000000,1.000000,0.000000,0,25000,0,25000,25000,15912,15912,0,9088,9088,0.636480,1.000000,0,0,0.000000
88,1.433210,33.120000,1.959586,0.000000,0.000000,1.000000,0.000000,1.000000,0.000000,0,25000,0,25000,25000,14680,14680,0,10320,10320,0.587200,1.000000,0,0,0.000000
89,1.376050,35.020000,1.935150,0.000000,0.000000,1.000000,0.000000,1.000000,0.000000,0,25000,0,25000,25000,15192,15192,0,9808,9808,0.607680,1.000000,0,0,0.000000
90,1.329103,34.490000,1.944052,0.000000,0.000000,1.000000,0.000000,1.000000,0.000000,0,25000,0,25000,25000,15668,15668,0,9332,9332,0.626720,1.000000,0,0,0.000000
91,1.362614,33.730000,1.950260,0.000000,0.000000,1.000000,0.000000,1.000000,0.000000,0,25000,0,25000,25000,15144,15144,0,9856,9856,0.605760,1.000000,0,0,0.000000
92,1.476362,32.260000,1.972799,0.000000,0.000000,1.000000,0.000000,1.000000,0.000000,0,25000,0,25000,25000,13992,13992,0,11008,11008,0.559680,1.000000,0,0,0.000000
93,1.284343,33.990000,1.945389,0.000000,0.000000,1.000000,0.000000,1.000000,0.000000,0,25000,0,25000,25000,15912,15912,0,9088,9088,0.636480,1.000000,0,0,0.000000
94,1.456937,33.800000,1.946634,0.000000,0.000000,1.000000,0.000000,1.000000,0.000000,0,25000,0,25000,25000,14112,14112,0,10888,10888,0.564480,1.000000,0,0,0.000000
95,1.263514,34.270000,1.930873,0.000000,0.000000,1.000000,0.000000,1.000000,0.000000,0,25000,0,25000,25000,16224,16224,0,8776,8776,0.648960,1.000000,0,0,0.000000
96,1.397226,35.570000,1.922604,0.000000,0.000000,1.000000,0.000000,1.000000,0.000000,0,25000,0,25000,25000,14520,14520,0,10480,10480,0.580800,1.000000,0,0,0.000000
97,1.464153,32.920000,1.953888,0.000000,0.000000,1.000000,0.000000,1.000000,0.000000,0,25000,0,25000,25000,13948,13948,0,11052,11052,0.557920,1.000000,0,0,0.000000
98,1.359303,32.700000,1.951233,0.000000,0.000000,1.000000,0.000000,1.000000,0.000000,0,25000,0,25000,25000,15268,15268,0,9732,9732,0.610720,1.000000,0,0,0.000000
99,1.401408,33.070000,1.960768,0.000000,0.000000,1.000000,0.000000,1.000000,0.000000,0,25000,0,25000,25000,14816,14816,0,10184,10184,0.592640,1.000000,0,0,0.000000
100,0.430220,38.950000,1.834351,0.000000,0.000000,0.620760,0.000000,0.620760,0.094600,1,15519,0,15519,25000,14346,15516,1170,1173,2343,0.924415,0.924594,0,0,0.000000
101,0.523353,36.910000,1.820122,0.000000,0.000000,0.591480,0.000000,0.591480,0.090680,1,14787,0,14787,25000,13084,15264,2180,1703,3883,0.884831,0.857180,0,0,0.000000
102,0.548778,39.780000,1.770508,0.000000,0.000000,0.588040,0.000000,0.588040,0.089760,1,14701,0,14701,25000,12580,14440,1860,2121,3981,0.855724,0.871191,0,0,0.000000
103,0.493205,42.070000,1.750309,0.000000,0.000000,0.594000,0.000000,0.594000,0.101960,1,14850,0,14850,25000,13168,15528,2360,1682,4042,0.886734,0.848016,0,0,0.000000
104,0.474525,45.550000,1.697428,0.000000,0.000000,0.598000,0.000000,0.598000,0.095320,1,14950,0,14950,25000,13256,16260,3004,1694,4698,0.886689,0.815252,0,0,0.000000
105,0.597379,44.380000,1.691603,0.000000,0.000000,0.584920,0.000000,0.584920,0.084800,1,14623,0,14623,25000,12181,14704,2523,2442,4965,0.833003,0.828414,0,0,0.000000
106,0.506832,46.360000,1.667773,0.000000,0.000000,0.606440,0.000000,0.606440,0.077720,1,15161,0,15161,25000,13234,15796,2562,1927,4489,0.872898,0.837807,0,0,0.000000
107,0.605289,46.270000,1.666569,0.000000,0.000000,0.589720,0.000000,0.589720,0.081360,1,14743,0,14743,25000,12094,14368,2274,2649,4923,0.820322,0.841732,0,0,0.000000
108,0.761898,45.500000,1.712388,0.000000,0.000000,0.604280,0.000000,0.604280,0.083520,1,15107,0,15107,25000,11398,13344,1946,3709,5655,0.754485,0.854167,0,0,0.000000
109,0.694403,46.760000,1.724603,0.000000,0.000000,0.622920,0.000000,0.622920,0.081640,1,15573,0,15573,25000,12276,14096,1820,3297,5117,0.788287,0.870885,0,0,0.000000
110,0.613146,46.420000,1.724957,0.000000,0.000000,0.643200,0.000000,0.643200,0.087080,1,16080,0,16080,25000,12970,15212,2242,3110,5352,0.806592,0.852616,0,0,0.000000
111,0.614828,46.890000,1.727962,0.000000,0.000000,0.642680,0.000000,0.642680,0.081400,1,16067,0,16067,25000,13025,15184,2159,3042,5201,0.810668,0.857811,0,0,0.000000
112,0.583372,46.690000,1.716040,0.000000,0.000000,0.659320,0.000000,0.659320,0.083760,1,16483,0,16483,25000,13511,15516,2005,2972,4977,0.819693,0.870779,0,0,0.000000
113,0.687452,45.590000,1.725494,0.000000,0.000000,0.643120,0.000000,0.643120,0.085320,1,16078,0,16078,25000,12449,14916,2467,3629,6096,0.774288,0.834607,0,0,0.000000
114,0.583186,45.980000,1.707307,0.000000,0.000000,0.655480,0.000000,0.655480,0.088800,1,16387,0,16387,25000,13641,15312,1671,2746,4417,0.832428,0.890870,0,0,0.000000
115,0.763694,43.680000,1.770546,0.000000,0.000000,0.630760,0.000000,0.630760,0.093200,1,15769,0,15769,25000,11905,14124,2219,3864,6083,0.754962,0.842892,0,0,0.000000
116,0.773802,44.970000,1.730018,0.000000,0.000000,0.674680,0.000000,0.674680,0.091640,1,16867,0,16867,25000,12822,14576,1754,4045,5799,0.760183,0.879665,0,0,0.000000
117,0.697421,45.490000,1.714490,0.000000,0.000000,0.665440,0.000000,0.665440,0.093720,1,16636,0,16636,25000,12980,14932,1952,3656,5608,0.780236,0.869274,0,0,0.000000
118,0.664314,45.150000,1.707254,0.000000,0.000000,0.625520,0.000000,0.625520,0.091480,1,15638,0,15638,25000,12140,14140,2000,3498,5498,0.776314,0.858557,0,0,0.000000
119,0.713540,45.180000,1.747765,0.000000,0.000000,0.662880,0.000000,0.662880,0.084280,1,16572,0,16572,25000,12759,14256,1497,3813,5310,0.769913,0.894992,0,0,0.000000
120,0.628625,44.910000,1.763319,0.000000,0.000000,0.674880,0.000000,0.674880,0.087840,1,16872,0,16872,25000,13535,15468,1933,3337,5270,0.802217,0.875032,0,0,0.000000
121,0.658404,45.350000,1.746939,0.000000,0.000000,0.668480,0.000000,0.668480,0.094120,1,16712,0,16712,25000,13003,14892,1889,3709,5598,0.778064,0.873153,0,0,0.000000
122,0.661776,45.690000,1.728683,0.000000,0.000000,0.650360,0.000000,0.650360,0.099840,1,16259,0,16259,25000,12784,15312,2528,3475,6003,0.786272,0.834901,0,0,0.000000
123,0.829102,45.990000,1.762659,0.000000,0.000000,0.665480,0.000000,0.665480,0.089360,1,16637,0,16637,25000,11776,13636,1860,4861,6721,0.707820,0.863596,0,0,0.000000
124,0.694948,44.530000,1.760189,0.000000,0.000000,0.673960,0.000000,0.673960,0.085760,1,16849,0,16849,25000,13248,15128,1880,3601,5481,0.786278,0.875727,0,0,0.000000
125,0.626223,45.850000,1.761314,0.000000,0.000000,0.693800,0.000000,0.693800,0.097000,1,17345,0,17345,25000,14059,15336,1277,3286,4563,0.810551,0.916732,0,0,0.000000
126,0.605210,46.110000,1.747401,0.000000,0.000000,0.658280,0.000000,0.658280,0.079640,1,16457,0,16457,25000,13600,16192,2592,2857,5449,0.826396,0.839921,0,0,0.000000
127,0.666095,47.060000,1.738143,0.000000,0.000000,0.654040,0.000000,0.654040,0.103200,1,16351,0,16351,25000,12783,14480,1697,3568,5265,0.781787,0.882804,0,0,0.000000
128,0.618366,45.490000,1.758129,0.000000,0.000000,0.682440,0.000000,0.682440,0.100600,1,17061,0,17061,25000,14144,16160,2016,2917,4933,0.829025,0.875248,0,0,0.000000
129,0.669540,44.750000,1.762342,0.000000,0.000000,0.619280,0.000000,0.619280,0.091960,1,15482,0,15482,25000,11899,14500,2601,3583,6184,0.768570,0.820621,0,0,0.000000
130,0.581611,46.640000,1.719080,0.000000,0.000000,0.667720,0.000000,0.667720,0.104960,1,16693,0,16693,25000,13825,16184,2359,2868,5227,0.828191,0.854239,0,0,0.000000
131,0.504362,46.700000,1.667994,0.000000,0.000000,0.643000,0.000000,0.643000,0.086560,1,16075,0,16075,25000,13815,16316,2501,2260,4761,0.859409,0.846715,0,0,0.000000
132,0.563466,47.550000,1.668155,0.000000,0.000000,0.638040,0.000000,0.638040,0.088440,1,15951,0,15951,25000,13245,15408,2163,2706,4869,0.830355,0.859618,0,0,0.000000
133,0.714331,46.930000,1.664266,0.000000,0.000000,0.615800,0.000000,0.615800,0.092320,1,15395,0,15395,25000,11553,13824,2271,3842,6113,0.750438,0.835720,0,0,0.000000
134,0.495322,47.020000,1.667135,0.000000,0.000000,0.654400,0.000000,0.654400,0.084200,1,16360,0,16360,25000,13959,15888,1929,2401,4330,0.853240,0.878588,0,0,0.000000
135,0.558062,47.560000,1.660145,0.000000,0.000000,0.650680,0.000000,0.650680,0.098040,1,16267,0,16267,25000,13463,15060,1597,2804,4401,0.827626,0.893958,0,0,0.000000
136,0.600649,49.190000,1.630637,0.000000,0.000000,0.660320,0.000000,0.660320,0.091120,1,16508,0,16508,25000,13463,15724,2261,3045,5306,0.815544,0.856207,0,0,0.000000
137,0.570491,47.970000,1.614389,0.000000,0.000000,0.610800,0.000000,0.610800,0.109120,1,15270,0,15270,25000,12563,14692,2129,2707,4836,0.822724,0.855091,0,0,0.000000
138,0.608504,47.600000,1.609364,0.000000,0.000000,0.660960,0.000000,0.660960,0.102960,1,16524,0,16524,25000,13541,15136,1595,2983,4578,0.819475,0.894622,0,0,0.000000
139,0.616531,48.180000,1.569994,0.000000,0.000000,0.642440,0.000000,0.642440,0.098960,1,16061,0,16061,25000,12918,15128,2210,3143,5353,0.804309,0.853913,0,0,0.000000
140,0.589496,46.620000,1.548636,0.000000,0.000000,0.624760,0.000000,0.624760,0.096840,1,15619,0,15619,25000,12668,14832,2164,2951,5115,0.811063,0.854099,0,0,0.000000
141,0.531848,46.020000,1.543585,0.000000,0.000000,0.677400,0.000000,0.677400,0.103080,1,16935,0,16935,25000,14586,16284,1698,2349,4047,0.861293,0.895726,0,0,0.000000
142,0.630857,46.800000,1.497008,0.000000,0.000000,0.652440,0.000000,0.652440,0.085280,1,16311,0,16311,25000,13233,14652,1419,3078,4497,0.811293,0.903153,0,0,0.000000
143,0.537915,48.810000,1.449481,0.000000,0.000000,0.678840,0.000000,0.678840,0.105680,1,16971,0,16971,25000,14437,15872,1435,2534,3969,0.850686,0.909589,0,0,0.000000
144,0.477088,49.250000,1.434897,0.000000,0.000000,0.657200,0.000000,0.657200,0.099320,1,16430,0,16430,25000,14356,15512,1156,2074,3230,0.873767,0.925477,0,0,0.000000
145,0.577290,50.320000,1.407957,0.000000,0.000000,0.688440,0.000000,0.688440,0.101080,1,17211,0,17211,25000,14492,15656,1164,2719,3883,0.842020,0.925652,0,0,0.000000
146,0.527955,48.350000,1.432436,0.000000,0.000000,0.684720,0.000000,0.684720,0.099400,1,17118,0,17118,25000,14592,15700,1108,2526,3634,0.852436,0.929427,0,0,0.000000
147,0.613921,47.260000,1.446032,0.000000,0.000000,0.673000,0.000000,0.673000,0.115960,1,16825,0,16825,25000,13901,14896,995,2924,3919,0.826211,0.933204,0,0,0.000000
148,0.589692,47.270000,1.433725,0.000000,0.000000,0.671200,0.000000,0.671200,0.094000,1,16780,0,16780,25000,13906,14904,998,2874,3872,0.828725,0.933038,0,0,0.000000
149,0.611741,50.090000,1.374709,0.000000,0.000000,0.655160,0.000000,0.655160,0.110200,1,16379,0,16379,25000,13518,14560,1042,2861,3903,0.825325,0.928434,0,0,0.000000
150,0.645244,48.640000,1.410723,0.000000,0.000000,0.664640,0.000000,0.664640,0.094360,1,16616,0,16616,25000,13289,14140,851,3327,4178,0.799771,0.939816,0,0,0.000000
151,0.533163,49.120000,1.401129,0.000000,0.000000,0.689560,0.000000,0.689560,0.101880,1,17239,0,17239,25000,14735,15876,1141,2504,3645,0.854748,0.928131,0,0,0.000000
152,0.617705,47.690000,1.417204,0.000000,0.000000,0.687520,0.000000,0.687520,0.107200,1,17188,0,17188,25000,13853,14888,1035,3335,4370,0.805969,0.930481,0,0,0.000000
153,0.533874,47.870000,1.414504,0.000000,0.000000,0.676560,0.000000,0.676560,0.102680,1,16914,0,16914,25000,14314,15352,1038,2600,3638,0.846281,0.932387,0,0,0.000000
154,0.675538,48.930000,1.392585,0.000000,0.000000,0.675720,0.000000,0.675720,0.106720,1,16893,0,16893,25000,13415,14324,909,3478,4387,0.794116,0.936540,0,0,0.000000
155,0.581223,48.460000,1.412275,0.000000,0.000000,0.663560,0.000000,0.663560,0.089280,1,16589,0,16589,25000,13673,14832,1159,2916,4075,0.824221,0.921858,0,0,0.000000
156,0.587129,49.880000,1.385192,0.000000,0.000000,0.686520,0.000000,0.686520,0.106480,1,17163,0,17163,25000,14169,15128,959,2994,3953,0.825555,0.936608,0,0,0.000000
157,0.805095,48.900000,1.400159,0.000000,0.000000,0.682680,0.000000,0.682680,0.108800,1,17067,0,17067,25000,12757,13596,839,4310,5149,0.747466,0.938291,0,0,0.000000
158,0.549295,49.620000,1.397694,0.000000,0.000000,0.696320,0.000000,0.696320,0.095200,1,17408,0,17408,25000,14630,15632,1002,2778,3780,0.840418,0.935901,0,0,0.000000
159,0.648087,49.580000,1.398952,0.000000,0.000000,0.681640,0.000000,0.681640,0.105640,1,17041,0,17041,25000,13468,14344,876,3573,4449,0.790329,0.938929,0,0,0.000000
160,0.561818,49.480000,1.395321,0.000000,0.000000,0.672240,0.000000,0.672240,0.109520,1,16806,0,16806,25000,13957,14848,891,2849,3740,0.830477,0.939992,0,0,0.000000
161,0.523292,48.640000,1.413446,0.000000,0.000000,0.680800,0.000000,0.680800,0.109040,1,17020,0,17020,25000,14577,15604,1027,2443,3470,0.856463,0.934184,0,0,0.000000
162,0.586239,49.140000,1.397445,0.000000,0.000000,0.674280,0.000000,0.674280,0.098200,1,16857,0,16857,25000,13898,14924,1026,2959,3985,0.824465,0.931252,0,0,0.000000
163,0.625597,50.020000,1.377783,0.000000,0.000000,0.706720,0.000000,0.706720,0.107120,1,17668,0,17668,25000,14317,15304,987,3351,4338,0.810335,0.935507,0,0,0.000000
164,0.607056,49.470000,1.390044,0.000000,0.000000,0.695040,0.000000,0.695040,0.096120,1,17376,0,17376,25000,14156,15168,1012,3220,4232,0.814687,0.933281,0,0,0.000000
165,0.619624,48.870000,1.411692,0.000000,0.000000,0.673360,0.000000,0.673360,0.106040,1,16834,0,16834,25000,13606,14716,1110,3228,4338,0.808245,0.924572,0,0,0.000000
166,0.548910,50.110000,1.386287,0.000000,0.000000,0.699120,0.000000,0.699120,0.107720,1,17478,0,17478,25000,14785,15860,1075,2693,3768,0.845921,0.932219,0,0,0.000000
167,0.551609,50.530000,1.385943,0.000000,0.000000,0.695000,0.000000,0.695000,0.105320,1,17375,0,17375,25000,14537,15580,1043,2838,3881,0.836662,0.933055,0,0,0.000000
168,0.453281,49.580000,1.389734,0.000000,0.000000,0.666360,0.000000,0.666360,0.101000,1,16659,0,16659,25000,14596,15800,1204,2063,3267,0.876163,0.923797,0,0,0.000000
169,0.487031,47.570000,1.418983,0.000000,0.000000,0.688800,0.000000,0.688800,0.098320,1,17220,0,17220,25000,14799,15920,1121,2421,3542,0.859408,0.929585,0,0,0.000000
170,0.524671,45.610000,1.453934,0.000000,0.000000,0.683160,0.000000,0.683160,0.100160,1,17079,0,17079,25000,14247,15156,909,2832,3741,0.834182,0.940024,0,0,0.000000
171,0.549708,48.190000,1.408374,0.000000,0.000000,0.680400,0.000000,0.680400,0.106040,1,17010,0,17010,25000,14302,15296,994,2708,3702,0.840800,0.935016,0,0,0.000000
172,0.580311,49.640000,1.386151,0.000000,0.000000,0.704600,0.000000,0.704600,0.099600,1,17615,0,17615,25000,14561,15540,979,3054,4033,0.826625,0.937001,0,0,0.000000
173,0.486814,50.920000,1.362865,0.000000,0.000000,0.699560,0.000000,0.699560,0.097120,1,17489,0,17489,25000,15024,16228,1204,2465,3669,0.859054,0.925807,0,0,0.000000
174,0.551616,50.390000,1.368196,0.000000,0.000000,0.676960,0.000000,0.676960,0.106080,1,16924,0,16924,25000,13914,14868,954,3010,3964,0.822146,0.935835,0,0,0.000000
175,0.491700,51.410000,1.347846,0.000000,0.000000,0.682200,0.000000,0.682200,0.098440,1,17055,0,17055,25000,14731,15652,921,2324,3245,0.863735,0.941158,0,0,0.000000
176,0.522805,51.000000,1.346511,0.000000,0.000000,0.684400,0.000000,0.684400,0.104360,1,17110,0,17110,25000,14403,15392,989,2707,3696,0.841788,0.935746,0,0,0.000000
177,0.550423,49.920000,1.386676,0.000000,0.000000,0.682320,0.000000,0.682320,0.093520,1,17058,0,17058,25000,14290,15212,922,2768,3690,0.837730,0.939390,0,0,0.000000
178,0.445061,50.490000,1.368407,0.000000,0.000000,0.683520,0.000000,0.683520,0.094760,1,17088,0,17088,25000,15041,16024,983,2047,3030,0.880208,0.938655,0,0,0.000000
179,0.588938,50.270000,1.379742,0.000000,0.000000,0.680200,0.000000,0.680200,0.100920,1,17005,0,17005,25000,13782,14640,858,3223,4081,0.810468,0.941393,0,0,0.000000
180,0.374079,50.730000,1.369145,0.000000,0.000000,0.677520,0.000000,0.677520,0.095080,1,16938,0,16938,25000,15444,16656,1212,1494,2706,0.911796,0.927233,0,0,0.000000
181,0.580505,48.180000,1.423218,0.000000,0.000000,0.674280,0.000000,0.674280,0.095760,1,16857,0,16857,25000,13851,14876,1025,3006,4031,0.821676,0.931097,0,0,0.000000
182,0.595071,50.270000,1.354645,0.000000,0.000000,0.675240,0.000000,0.675240,0.104120,1,16881,0,16881,25000,13687,14516,829,3194,4023,0.810793,0.942891,0,0,0.000000
183,0.455538,49.460000,1.367110,0.000000,0.000000,0.669840,0.000000,0.669840,0.118960,1,16746,0,16746,25000,14772,15776,1004,1974,2978,0.882121,0.936359,0,0,0.000000
184,0.531432,49.590000,1.376862,0.000000,0.000000,0.699880,0.000000,0.699880,0.082000,1,17497,0,17497,25000,14935,15952,1017,2562,3579,0.853575,0.936246,0,0,0.000000
185,0.544249,50.070000,1.377244,0.000000,0.000000,0.679840,0.000000,0.679840,0.107880,1,16996,0,16996,25000,14131,15168,1037,2865,3902,0.831431,0.931632,0,0,0.000000
186,0.597207,48.750000,1.377720,0.000000,0.000000,0.666880,0.000000,0.666880,0.106840,1,16672,0,16672,25000,13587,14528,941,3085,4026,0.814959,0.935229,0,0,0.000000
187,0.598829,48.380000,1.408585,0.000000,0.000000,0.685840,0.000000,0.685840,0.092720,1,17146,0,17146,25000,14088,15008,920,3058,3978,0.821649,0.938699,0,0,0.000000
188,0.611950,49.370000,1.390004,0.000000,0.000000,0.669480,0.000000,0.669480,0.101920,1,16737,0,16737,25000,13499,14416,917,3238,4155,0.806536,0.936390,0,0,0.000000
189,0.574929,46.720000,1.436248,0.000000,0.000000,0.689240,0.000000,0.689240,0.090320,1,17231,0,17231,25000,14305,15196,891,2926,3817,0.830190,0.941366,0,0,0.000000
190,0.569642,50.090000,1.385438,0.000000,0.000000,0.700760,0.000000,0.700760,0.106120,1,17519,0,17519,25000,14486,15500,1014,3033,4047,0.826874,0.934581,0,0,0.000000
191,0.517566,50.240000,1.371015,0.000000,0.000000,0.690080,0.000000,0.690080,0.101400,1,17252,0,17252,25000,14525,15520,995,2727,3722,0.841931,0.935889,0,0,0.000000
192,0.408334,50.090000,1.391652,0.000000,0.000000,0.697840,0.000000,0.697840,0.091640,1,17446,0,17446,25000,15423,16612,1189,2023,3212,0.884042,0.928425,0,0,0.000000
193,0.606651,49.560000,1.376854,0.000000,0.000000,0.680160,0.000000,0.680160,0.098160,1,17004,0,17004,25000,13684,14676,992,3320,4312,0.804752,0.932407,0,0,0.000000
194,0.586528,47.970000,1.419543,0.000000,0.000000,0.681680,0.000000,0.681680,0.091800,1,17042,0,17042,25000,13897,14628,731,3145,3876,0.815456,0.950027,0,0,0.000000
195,0.612589,49.360000,1.393120,0.000000,0.000000,0.687120,0.000000,0.687120,0.099480,1,17178,0,17178,25000,13742,14524,782,3436,4218,0.799977,0.946158,0,0,0.000000
196,0.654573,48.380000,1.415274,0.000000,0.000000,0.702000,0.000000,0.702000,0.093040,1,17550,0,17550,25000,14040,14928,888,3510,4398,0.800000,0.940514,0,0,0.000000
197,0.737772,48.720000,1.392197,0.000000,0.000000,0.686600,0.000000,0.686600,0.107120,1,17165,0,17165,25000,13078,13848,770,4087,4857,0.761899,0.944396,0,0,0.000000
198,0.637588,49.160000,1.397517,0.000000,0.000000,0.677040,0.000000,0.677040,0.121040,1,16926,0,16926,25000,13565,14348,783,3361,4144,0.801430,0.945428,0,0,0.000000
199,0.578395,48.590000,1.407464,0.000000,0.000000,0.687840,0.000000,0.687840,0.113440,1,17196,0,17196,25000,14106,15028,922,3090,4012,0.820307,0.938648,0,0,0.000000
200,0.524479,48.290000,1.413109,0.000000,0.000000,0.695080,0.000000,0.695080,0.105280,1,17377,0,17377,25000,14522,15468,946,2855,3801,0.835702,0.938841,0,0,0.000000
201,0.564548,47.740000,1.421988,0.000000,0.000000,0.698560,0.000000,0.698560,0.099160,1,17464,0,17464,25000,14467,15384,917,2997,3914,0.828390,0.940393,0,0,0.000000
202,0.521754,48.890000,1.399675,0.000000,0.000000,0.697240,0.000000,0.697240,0.101800,1,17431,0,17431,25000,14827,15768,941,2604,3545,0.850611,0.940322,0,0,0.000000
203,0.632010,48.490000,1.407259,0.000000,0.000000,0.685520,0.000000,0.685520,0.109640,1,17138,0,17138,25000,13758,14580,822,3380,4202,0.802777,0.943621,0,0,0.000000
204,0.609450,49.020000,1.397170,0.000000,0.000000,0.692240,0.000000,0.692240,0.099800,1,17306,0,17306,25000,13842,14576,734,3464,4198,0.799838,0.949643,0,0,0.000000
205,0.658442,49.290000,1.397655,0.000000,0.000000,0.677400,0.000000,0.677400,0.103800,1,16935,0,16935,25000,13229,13972,743,3706,4449,0.781163,0.946822,0,0,0.000000
206,0.588283,49.690000,1.384140,0.000000,0.000000,0.683320,0.000000,0.683320,0.101760,1,17083,0,17083,25000,14048,14864,816,3035,3851,0.822338,0.945102,0,0,0.000000
207,0.603222,49.000000,1.400806,0.000000,0.000000,0.689680,0.000000,0.689680,0.105880,1,17242,0,17242,25000,13731,14564,833,3511,4344,0.796369,0.942804,0,0,0.000000
208,0.480934,49.900000,1.379814,0.000000,0.000000,0.686400,0.000000,0.686400,0.104320,1,17160,0,17160,25000,14879,15888,1009,2281,3290,0.867075,0.936493,0,0,0.000000
209,0.576725,49.180000,1.399091,0.000000,0.000000,0.693400,0.000000,0.693400,0.088080,1,17335,0,17335,25000,14201,15040,839,3134,3973,0.819210,0.944215,0,0,0.000000
210,0.593792,49.440000,1.386572,0.000000,0.000000,0.698040,0.000000,0.698040,0.097880,1,17451,0,17451,25000,14064,14892,828,3387,4215,0.805914,0.944400,0,0,0.000000
211,0.586943,50.150000,1.383391,0.000000,0.000000,0.698840,0.000000,0.698840,0.113920,1,17471,0,17471,25000,14198,15032,834,3273,4107,0.812661,0.944518,0,0,0.000000
212,0.597010,48.290000,1.424247,0.000000,0.000000,0.682000,0.000000,0.682000,0.093480,1,17050,0,17050,25000,13698,14496,798,3352,4150,0.803402,0.944950,0,0,0.000000
213,0.539739,48.490000,1.415276,0.000000,0.000000,0.700440,0.000000,0.700440,0.102880,1,17511,0,17511,25000,14570,15512,942,2941,3883,0.832048,0.939273,0,0,0.000000
214,0.651580,49.170000,1.405471,0.000000,0.000000,0.703200,0.000000,0.703200,0.117240,1,17580,0,17580,25000,13896,14716,820,3684,4504,0.790444,0.944278,0,0,0.000000
215,0.503622,48.450000,1.402759,0.000000,0.000000,0.687040,0.000000,0.687040,0.105560,1,17176,0,17176,25000,14559,15384,825,2617,3442,0.847636,0.946373,0,0,0.000000
216,0.614174,49.030000,1.382288,0.000000,0.000000,0.687680,0.000000,0.687680,0.113760,1,17192,0,17192,25000,13819,14680,861,3373,4234,0.803804,0.941349,0,0,0.000000
217,0.520545,48.070000,1.408425,0.000000,0.000000,0.682920,0.000000,0.682920,0.103040,1,17073,0,17073,25000,14269,15176,907,2804,3711,0.835764,0.940235,0,0,0.000000
218,0.494703,50.400000,1.384859,0.000000,0.000000,0.700880,0.000000,0.700880,0.100760,1,17522,0,17522,25000,15020,16036,1016,2502,3518,0.857208,0.936643,0,0,0.000000
219,0.532030,49.570000,1.380192,0.000000,0.000000,0.702880,0.000000,0.702880,0.090200,1,17572,0,17572,25000,14778,15604,826,2794,3620,0.840997,0.947065,0,0,0.000000
220,0.562626,49.780000,1.381038,0.000000,0.000000,0.681080,0.000000,0.681080,0.103800,1,17027,0,17027,25000,14064,14996,932,2963,3895,0.825982,0.937850,0,0,0.000000
221,0.513052,48.500000,1.398502,0.000000,0.000000,0.705600,0.000000,0.705600,0.094120,1,17640,0,17640,25000,14919,15896,977,2721,3698,0.845748,0.938538,0,0,0.000000
222,0.521504,48.740000,1.402748,0.000000,0.000000,0.691800,0.000000,0.691800,0.108960,1,17295,0,17295,25000,14356,15276,920,2939,3859,0.830066,0.939775,0,0,0.000000
223,0.511945,50.400000,1.378634,0.000000,0.000000,0.702160,0.000000,0.702160,0.111440,1,17554,0,17554,25000,14754,15608,854,2800,3654,0.840492,0.945284,0,0,0.000000
224,0.508520,49.770000,1.422288,0.000000,0.000000,0.694920,0.000000,0.694920,0.108320,1,17373,0,17373,25000,14743,15780,1037,2630,3667,0.848616,0.934284,0,0,0.000000
225,0.503724,49.590000,1.395609,0.000000,0.000000,0.708600,0.000000,0.708600,0.106000,1,17715,0,17715,25000,15022,16064,1042,2693,3735,0.847982,0.935134,0,0,0.000000
226,0.455679,49.030000,1.410137,0.000000,0.000000,0.700240,0.000000,0.700240,0.085560,1,17506,0,17506,25000,15124,16180,1056,2382,3438,0.863932,0.934734,0,0,0.000000
227,0.503745,49.310000,1.404420,0.000000,0.000000,0.710400,0.000000,0.710400,0.093680,1,17760,0,17760,25000,15076,16040,964,2684,3648,0.848874,0.939900,0,0,0.000000
228,0.542191,49.570000,1.381465,0.000000,0.000000,0.716000,0.000000,0.716000,0.092360,1,17900,0,17900,25000,14938,15896,958,2962,3920,0.834525,0.939733,0,0,0.000000
229,0.551598,49.140000,1.373588,0.000000,0.000000,0.688440,0.000000,0.688440,0.110640,1,17211,0,17211,25000,14121,14928,807,3090,3897,0.820464,0.945941,0,0,0.000000
230,0.502848,50.280000,1.358649,0.000000,0.000000,0.685320,0.000000,0.685320,0.091880,1,17133,0,17133,25000,14319,15392,1073,2814,3887,0.835756,0.930288,0,0,0.000000
231,0.452737,50.250000,1.368909,0.000000,0.000000,0.690360,0.000000,0.690360,0.107360,1,17259,0,17259,25000,15002,15864,862,2257,3119,0.869228,0.945663,0,0,0.000000
232,0.571008,48.700000,1.406753,0.000000,0.000000,0.677040,0.000000,0.677040,0.100800,1,16926,0,16926,25000,13670,14544,874,3256,4130,0.807633,0.939906,0,0,0.000000
233,0.600759,50.690000,1.376918,0.000000,0.000000,0.691960,0.000000,0.691960,0.102120,1,17299,0,17299,25000,14080,14988,908,3219,4127,0.813920,0.939418,0,0,0.000000
234,0.509916,50.970000,1.352974,0.000000,0.000000,0.706120,0.000000,0.706120,0.103000,1,17653,0,17653,25000,14796,15728,932,2857,3789,0.838158,0.940743,0,0,0.000000
235,0.618586,50.120000,1.369820,0.000000,0.000000,0.672800,0.000000,0.672800,0.109440,1,16820,0,16820,25000,13276,14032,756,3544,4300,0.789298,0.946123,0,0,0.000000
236,0.597499,51.160000,1.354659,0.000000,0.000000,0.701160,0.000000,0.701160,0.109160,1,17529,0,17529,25000,14045,14960,915,3484,4399,0.801244,0.938837,0,0,0.000000
237,0.642626,49.750000,1.374424,0.000000,0.000000,0.664280,0.000000,0.664280,0.091200,1,16607,0,16607,25000,12937,13772,835,3670,4505,0.779009,0.939370,0,0,0.000000
238,0.554154,48.260000,1.418248,0.000000,0.000000,0.680120,0.000000,0.680120,0.110200,1,17003,0,17003,25000,14004,14900,896,2999,3895,0.823619,0.939866,0,0,0.000000
239,0.537794,49.570000,1.382937,0.000000,0.000000,0.694640,0.000000,0.694640,0.105480,1,17366,0,17366,25000,14269,15128,859,3097,3956,0.821663,0.943218,0,0,0.000000
240,0.550171,49.780000,1.366284,0.000000,0.000000,0.684720,0.000000,0.684720,0.105560,1,17118,0,17118,25000,14076,14932,856,3042,3898,0.822292,0.942673,0,0,0.000000
241,0.575101,49.000000,1.396066,0.000000,0.000000,0.658320,0.000000,0.658320,0.121520,1,16458,0,16458,25000,13038,13960,922,3420,4342,0.792198,0.933954,0,0,0.000000
242,0.509803,49.520000,1.379060,0.000000,0.000000,0.690760,0.000000,0.690760,0.109480,1,17269,0,17269,25000,14577,15468,891,2692,3583,0.844114,0.942397,0,0,0.000000
243,0.615572,49.100000,1.397666,0.000000,0.000000,0.658600,0.000000,0.658600,0.113080,1,16465,0,16465,25000,12938,13648,710,3527,4237,0.785788,0.947978,0,0,0.000000
244,0.532162,50.700000,1.355972,0.000000,0.000000,0.712320,0.000000,0.712320,0.101960,1,17808,0,17808,25000,14789,15736,947,3019,3966,0.830469,0.939820,0,0,0.000000
245,0.505902,50.060000,1.371061,0.000000,0.000000,0.703040,0.000000,0.703040,0.108960,1,17576,0,17576,25000,14882,15856,974,2694,3668,0.846723,0.938572,0,0,0.000000
246,0.624687,50.370000,1.368343,0.000000,0.000000,0.685200,0.000000,0.685200,0.102440,1,17130,0,17130,25000,13564,14296,732,3566,4298,0.791827,0.948797,0,0,0.000000
247,0.590834,51.340000,1.341820,0.000000,0.000000,0.719800,0.000000,0.719800,0.114640,1,17995,0,17995,25000,14643,15516,873,3352,4225,0.813726,0.943735,0,0,0.000000
248,0.508788,50.890000,1.353382,0.000000,0.000000,0.706160,0.000000,0.706160,0.096240,1,17654,0,17654,25000,14889,15856,967,2765,3732,0.843378,0.939014,0,0,0.000000
249,0.539634,49.850000,1.380203,0.000000,0.000000,0.697200,0.000000,0.697200,0.105880,1,17430,0,17430,25000,14283,15220,937,3147,4084,0.819449,0.938436,0,0,0.000000
250,0.577972,50.370000,1.364877,0.000000,0.000000,0.689440,0.000000,0.689440,0.106800,1,17236,0,17236,25000,13911,14796,885,3325,4210,0.807090,0.940187,0,0,0.000000
251,0.614251,50.000000,1.374148,0.000000,0.000000,0.686920,0.000000,0.686920,0.114760,1,17173,0,17173,25000,13572,14264,692,3601,4293,0.790310,0.951486,0,0,0.000000
252,0.561339,49.760000,1.374939,0.000000,0.000000,0.677440,0.000000,0.677440,0.111000,1,16936,0,16936,25000,13845,14680,835,3091,3926,0.817489,0.943120,0,0,0.000000
253,0.514616,50.680000,1.371734,0.000000,0.000000,0.703800,0.000000,0.703800,0.105680,1,17595,0,17595,25000,14547,15432,885,3048,3933,0.826769,0.942652,0,0,0.000000
254,0.541654,49.370000,1.391969,0.000000,0.000000,0.682000,0.000000,0.682000,0.101920,1,17050,0,17050,25000,13926,14752,826,3124,3950,0.816774,0.944008,0,0,0.000000
255,0.587868,49.600000,1.374130,0.000000,0.000000,0.700280,0.000000,0.700280,0.105040,1,17507,0,17507,25000,14041,14852,811,3466,4277,0.802022,0.945395,0,0,0.000000
256,0.508767,48.960000,1.395034,0.000000,0.000000,0.704640,0.000000,0.704640,0.103280,1,17616,0,17616,25000,14714,15580,866,2902,3768,0.835263,0.944416,0,0,0.000000
257,0.620672,49.790000,1.378444,0.000000,0.000000,0.678680,0.000000,0.678680,0.108920,1,16967,0,16967,25000,13480,14276,796,3487,4283,0.794483,0.944242,0,0,0.000000
258,0.533077,48.220000,1.430379,0.000000,0.000000,0.693240,0.000000,0.693240,0.109960,1,17331,0,17331,25000,14213,15100,887,3118,4005,0.820091,0.941258,0,0,0.000000
259,0.427227,48.100000,1.430391,0.000000,0.000000,0.679960,0.000000,0.679960,0.085840,1,16999,0,16999,25000,14680,15664,984,2319,3303,0.863580,0.937181,0,0,0.000000
260,0.489157,48.800000,1.394653,0.000000,0.000000,0.678960,0.000000,0.678960,0.104000,1,16974,0,16974,25000,14396,15240,844,2578,3422,0.848121,0.944619,0,0,0.000000
261,0.621688,49.520000,1.386439,0.000000,0.000000,0.684880,0.000000,0.684880,0.100560,1,17122,0,17122,25000,13388,14228,840,3734,4574,0.781918,0.940961,0,0,0.000000
262,0.524365,47.330000,1.441238,0.000000,0.000000,0.691400,0.000000,0.691400,0.089120,1,17285,0,17285,25000,14339,15128,789,2946,3735,0.829563,0.947845,0,0,0.000000
263,0.576309,47.890000,1.434862,0.000000,0.000000,0.691840,0.000000,0.691840,0.092840,1,17296,0,17296,25000,14469,15336,867,2827,3694,0.836552,0.943466,0,0,0.000000
264,0.541277,48.700000,1.409319,0.000000,0.000000,0.685560,0.000000,0.685560,0.103600,1,17139,0,17139,25000,14040,14780,740,3099,3839,0.819184,0.949932,0,0,0.000000
265,0.560839,48.410000,1.420349,0.000000,0.000000,0.677200,0.000000,0.677200,0.098400,1,16930,0,16930,25000,13721,14484,763,3209,3972,0.810455,0.947321,0,0,0.000000
266,0.561209,47.920000,1.417873,0.000000,0.000000,0.700200,0.000000,0.700200,0.098120,1,17505,0,17505,25000,14212,15128,916,3293,4209,0.811882,0.939450,0,0,0.000000
267,0.538834,49.570000,1.387989,0.000000,0.000000,0.712600,0.000000,0.712600,0.104640,1,17815,0,17815,25000,14724,15508,784,3091,3875,0.826495,0.949445,0,0,0.000000
268,0.496926,49.330000,1.379004,0.000000,0.000000,0.707760,0.000000,0.707760,0.091640,1,17694,0,17694,25000,14997,15892,895,2697,3592,0.847575,0.943682,0,0,0.000000
269,0.531783,48.480000,1.396453,0.000000,0.000000,0.678840,0.000000,0.678840,0.108680,1,16971,0,16971,25000,13882,14628,746,3089,3835,0.817984,0.949002,0,0,0.000000
270,0.514600,49.410000,1.382912,0.000000,0.000000,0.683520,0.000000,0.683520,0.108120,1,17088,0,17088,25000,14165,14996,831,2923,3754,0.828944,0.944585,0,0,0.000000
271,0.566783,49.970000,1.374060,0.000000,0.000000,0.711840,0.000000,0.711840,0.102520,1,17796,0,17796,25000,14413,15212,799,3383,4182,0.809901,0.947476,0,0,0.000000
272,0.579642,50.180000,1.363800,0.000000,0.000000,0.714680,0.000000,0.714680,0.095440,1,17867,0,17867,25000,14599,15340,741,3268,4009,0.817093,0.951695,0,0,0.000000
273,0.476736,49.230000,1.392774,0.000000,0.000000,0.705040,0.000000,0.705040,0.102360,1,17626,0,17626,25000,15039,15848,809,2587,3396,0.853228,0.948953,0,0,0.000000
274,0.522310,49.300000,1.401369,0.000000,0.000000,0.712360,0.000000,0.712360,0.090400,1,17809,0,17809,25000,15080,15928,848,2729,3577,0.846763,0.946760,0,0,0.000000
275,0.468797,49.030000,1.413372,0.000000,0.000000,0.704640,0.000000,0.704640,0.098400,1,17616,0,17616,25000,15006,15984,978,2610,3588,0.851839,0.938814,0,0,0.000000
276,0.504753,50.200000,1.370290,0.000000,0.000000,0.710400,0.000000,0.710400,0.104960,1,17760,0,17760,25000,15019,15864,845,2741,3586,0.845664,0.946735,0,0,0.000000
277,0.540777,49.340000,1.388493,0.000000,0.000000,0.686280,0.000000,0.686280,0.115160,1,17157,0,17157,25000,14083,14840,757,3074,3831,0.820831,0.948989,0,0,0.000000
278,0.492714,49.130000,1.390873,0.000000,0.000000,0.701480,0.000000,0.701480,0.102920,1,17537,0,17537,25000,14779,15720,941,2758,3699,0.842733,0.940140,0,0,0.000000
279,0.432608,49.910000,1.361699,0.000000,0.000000,0.704160,0.000000,0.704160,0.102880,1,17604,0,17604,25000,15199,16228,1029,2405,3434,0.863383,0.936591,0,0,0.000000
280,0.561747,50.450000,1.365654,0.000000,0.000000,0.689240,0.000000,0.689240,0.108720,1,17231,0,17231,25000,13982,14776,794,3249,4043,0.811444,0.946264,0,0,0.000000
281,0.582160,49.990000,1.373096,0.000000,0.000000,0.694520,0.000000,0.694520,0.121480,1,17363,0,17363,25000,13903,14704,801,3460,4261,0.800726,0.945525,0,0,0.000000
282,0.580747,50.330000,1.362637,0.000000,0.000000,0.688920,0.000000,0.688920,0.106360,1,17223,0,17223,25000,13949,14640,691,3274,3965,0.809905,0.952801,0,0,0.000000
283,0.501904,49.880000,1.372021,0.000000,0.000000,0.701800,0.000000,0.701800,0.102080,1,17545,0,17545,25000,14648,15568,920,2897,3817,0.834882,0.940904,0,0,0.000000
284,0.569459,50.660000,1.378284,0.000000,0.000000,0.703560,0.000000,0.703560,0.103600,1,17589,0,17589,25000,14223,15036,813,3366,4179,0.808630,0.945930,0,0,0.000000
285,0.534771,50.540000,1.351927,0.000000,0.000000,0.687080,0.000000,0.687080,0.103720,1,17177,0,17177,25000,14008,14864,856,3169,4025,0.815509,0.942411,0,0,0.000000
286,0.509122,47.790000,1.407705,0.000000,0.000000,0.687840,0.000000,0.687840,0.090160,1,17196,0,17196,25000,14138,14924,786,3058,3844,0.822168,0.947333,0,0,0.000000
287,0.603916,47.900000,1.406141,0.000000,0.000000,0.698480,0.000000,0.698480,0.102600,1,17462,0,17462,25000,13792,14556,764,3670,4434,0.789829,0.947513,0,0,0.000000
288,0.559330,50.570000,1.367079,0.000000,0.000000,0.680840,0.000000,0.680840,0.111840,1,17021,0,17021,25000,13608,14348,740,3413,4153,0.799483,0.948425,0,0,0.000000
289,0.522670,48.660000,1.406108,0.000000,0.000000,0.679960,0.000000,0.679960,0.097160,1,16999,0,16999,25000,13924,14848,924,3075,3999,0.819107,0.937769,0,0,0.000000
290,0.545375,49.460000,1.400558,0.000000,0.000000,0.696880,0.000000,0.696880,0.105640,1,17422,0,17422,25000,14180,14960,780,3242,4022,0.813913,0.947861,0,0,0.000000
291,0.465474,49.740000,1.395438,0.000000,0.000000,0.704000,0.000000,0.704000,0.096000,1,17600,0,17600,25000,14978,15856,878,2622,3500,0.851023,0.944627,0,0,0.000000
292,0.564305,49.520000,1.373781,0.000000,0.000000,0.690400,0.000000,0.690400,0.104400,1,17260,0,17260,25000,14085,15056,971,3175,4146,0.816049,0.935507,0,0,0.000000
293,0.605692,48.560000,1.417754,0.000000,0.000000,0.687720,0.000000,0.687720,0.086120,1,17193,0,17193,25000,13612,14320,708,3581,4289,0.791718,0.950559,0,0,0.000000
294,0.603250,48.150000,1.435718,0.000000,0.000000,0.694360,0.000000,0.694360,0.105880,1,17359,0,17359,25000,13628,14436,808,3731,4539,0.785068,0.944029,0,0,0.000000
295,0.426989,49.110000,1.409985,0.000000,0.000000,0.702640,0.000000,0.702640,0.094840,1,17566,0,17566,25000,15098,16016,918,2468,3386,0.859501,0.942682,0,0,0.000000
296,0.598276,49.200000,1.403666,0.000000,0.000000,0.696960,0.000000,0.696960,0.115320,1,17424,0,17424,25000,14031,14744,713,3393,4106,0.805269,0.951641,0,0,0.000000
297,0.454406,49.710000,1.390220,0.000000,0.000000,0.696360,0.000000,0.696360,0.111360,1,17409,0,17409,25000,14919,15756,837,2490,3327,0.856971,0.946877,0,0,0.000000
298,0.535835,49.790000,1.378395,0.000000,0.000000,0.680520,0.000000,0.680520,0.104400,1,17013,0,17013,25000,13978,14784,806,3035,3841,0.821607,0.945482,0,0,0.000000
299,0.563728,48.580000,1.411069,0.000000,0.000000,0.705920,0.000000,0.705920,0.094240,1,17648,0,17648,25000,14304,15180,876,3344,4220,0.810517,0.942292,0,0,0.000000
300,0.546559,49.310000,1.400850,0.000000,0.000000,0.696160,0.000000,0.696160,0.099280,1,17404,0,17404,25000,14215,15092,877,3189,4066,0.816766,0.941890,0,0,0.000000
301,0.546565,48.540000,1.420479,0.000000,0.000000,0.696280,0.000000,0.696280,0.103200,1,17407,0,17407,25000,14341,15112,771,3066,3837,0.823864,0.948981,0,0,0.000000
302,0.449298,50.350000,1.377052,0.000000,0.000000,0.708280,0.000000,0.708280,0.107840,1,17707,0,17707,25000,15241,16212,971,2466,3437,0.860733,0.940106,0,0,0.000000
303,0.565854,48.770000,1.403585,0.000000,0.000000,0.698320,0.000000,0.698320,0.105400,1,17458,0,17458,25000,14104,14928,824,3354,4178,0.807882,0.944802,0,0,0.000000
304,0.466136,48.930000,1.397242,0.000000,0.000000,0.696760,0.000000,0.696760,0.101240,1,17419,0,17419,25000,14878,15692,814,2541,3355,0.854125,0.948126,0,0,0.000000
305,0.436072,48.670000,1.410129,0.000000,0.000000,0.702480,0.000000,0.702480,0.094800,1,17562,0,17562,25000,15231,16064,833,2331,3164,0.867270,0.948145,0,0,0.000000
306,0.482341,47.790000,1.412684,0.000000,0.000000,0.705360,0.000000,0.705360,0.091640,1,17634,0,17634,25000,15096,15912,816,2538,3354,0.856073,0.948718,0,0,0.000000
307,0.545005,49.650000,1.391752,0.000000,0.000000,0.683240,0.000000,0.683240,0.102840,1,17081,0,17081,25000,13887,14604,717,3194,3911,0.813009,0.950904,0,0,0.000000
308,0.541678,49.710000,1.376881,0.000000,0.000000,0.698400,0.000000,0.698400,0.101360,1,17460,0,17460,25000,14577,15436,859,2883,3742,0.834880,0.944351,0,0,0.000000
309,0.525459,50.380000,1.359679,0.000000,0.000000,0.698040,0.000000,0.698040,0.097160,1,17451,0,17451,25000,14321,15120,799,3130,3929,0.820641,0.947156,0,0,0.000000
310,0.482328,50.800000,1.354446,0.000000,0.000000,0.697440,0.000000,0.697440,0.113760,1,17436,0,17436,25000,14644,15468,824,2792,3616,0.839872,0.946729,0,0,0.000000
311,0.527928,50.210000,1.364613,0.000000,0.000000,0.698280,0.000000,0.698280,0.107000,1,17457,0,17457,25000,14261,15000,739,3196,3935,0.816922,0.950733,0,0,0.000000
312,0.469180,49.780000,1.378296,0.000000,0.000000,0.701920,0.000000,0.701920,0.107800,1,17548,0,17548,25000,14876,15752,876,2672,3548,0.847732,0.944388,0,0,0.000000
313,0.585609,49.570000,1.401347,0.000000,0.000000,0.668520,0.000000,0.668520,0.115800,1,16713,0,16713,25000,13175,13912,737,3538,4275,0.788309,0.947024,0,0,0.000000
314,0.466655,50.550000,1.375415,0.000000,0.000000,0.698840,0.000000,0.698840,0.086440,1,17471,0,17471,25000,14712,15572,860,2759,3619,0.842081,0.944773,0,0,0.000000
315,0.442923,51.000000,1.358560,0.000000,0.000000,0.701000,0.000000,0.701000,0.098600,1,17525,0,17525,25000,14790,15608,818,2735,3553,0.843937,0.947591,0,0,0.000000
316,0.524964,50.780000,1.352143,0.000000,0.000000,0.689640,0.000000,0.689640,0.102840,1,17241,0,17241,25000,14025,14680,655,3216,3871,0.813468,0.955381,0,0,0.000000
317,0.467960,49.720000,1.394313,0.000000,0.000000,0.688480,0.000000,0.688480,0.094680,1,17212,0,17212,25000,14558,15432,874,2654,3528,0.845805,0.943364,0,0,0.000000
318,0.559632,49.530000,1.399047,0.000000,0.000000,0.695040,0.000000,0.695040,0.087840,1,17376,0,17376,25000,13932,14704,772,3444,4216,0.801796,0.947497,0,0,0.000000
319,0.452480,49.790000,1.377967,0.000000,0.000000,0.694800,0.000000,0.694800,0.095640,1,17370,0,17370,25000,14896,15852,956,2474,3430,0.857571,0.939692,0,0,0.000000
320,0.525086,51.080000,1.356534,0.000000,0.000000,0.700760,0.000000,0.700760,0.109320,1,17519,0,17519,25000,14298,15152,854,3221,4075,0.816142,0.943638,0,0,0.000000
321,0.554185,49.530000,1.374514,0.000000,0.000000,0.689240,0.000000,0.689240,0.099520,1,17231,0,17231,25000,13835,14640,805,3396,4201,0.802913,0.945014,0,0,0.000000
322,0.556770,49.670000,1.383345,0.000000,0.000000,0.707440,0.000000,0.707440,0.109280,1,17686,0,17686,25000,14195,15020,825,3491,4316,0.802612,0.945073,0,0,0.000000
323,0.568441,48.320000,1.397979,0.000000,0.000000,0.677400,0.000000,0.677400,0.111160,1,16935,0,16935,25000,13373,14080,707,3562,4269,0.789666,0.949787,0,0,0.000000
324,0.535878,49.790000,1.382223,0.000000,0.000000,0.705200,0.000000,0.705200,0.110680,1,17630,0,17630,25000,14395,15248,853,3235,4088,0.816506,0.944058,0,0,0.000000
325,0.495385,49.040000,1.400718,0.000000,0.000000,0.687160,0.000000,0.687160,0.106520,1,17179,0,17179,25000,14086,14892,806,3093,3899,0.819955,0.945877,0,0,0.000000
326,0.479337,49.900000,1.390488,0.000000,0.000000,0.712000,0.000000,0.712000,0.106480,1,17800,0,17800,25000,14862,15740,878,2938,3816,0.834944,0.944219,0,0,0.000000
327,0.451035,49.060000,1.404581,0.000000,0.000000,0.688000,0.000000,0.688000,0.102760,1,17200,0,17200,25000,14539,15344,805,2661,3466,0.845291,0.947536,0,0,0.000000
328,0.587920,48.470000,1.424927,0.000000,0.000000,0.693440,0.000000,0.693440,0.090320,1,17336,0,17336,25000,13918,14804,886,3418,4304,0.802838,0.940151,0,0,0.000000
329,0.567212,49.560000,1.395354,0.000000,0.000000,0.681520,0.000000,0.681520,0.105640,1,17038,0,17038,25000,13743,14468,725,3295,4020,0.806609,0.949889,0,0,0.000000
330,0.455609,50.700000,1.362149,0.000000,0.000000,0.716240,0.000000,0.716240,0.117800,1,17906,0,17906,25000,15176,16076,900,2730,3630,0.847537,0.944016,0,0,0.000000
331,0.583700,48.980000,1.400722,0.000000,0.000000,0.696400,0.000000,0.696400,0.100160,1,17410,0,17410,25000,13507,14144,637,3903,4540,0.775818,0.954963,0,0,0.000000
332,0.510705,50.330000,1.374481,0.000000,0.000000,0.675320,0.000000,0.675320,0.114160,1,16883,0,16883,25000,13802,14624,822,3081,3903,0.817509,0.943791,0,0,0.000000
333,0.525683,49.240000,1.396725,0.000000,0.000000,0.698760,0.000000,0.698760,0.095560,1,17469,0,17469,25000,14260,15020,760,3209,3969,0.816303,0.949401,0,0,0.000000
334,0.487261,49.530000,1.399600,0.000000,0.000000,0.704080,0.000000,0.704080,0.091600,1,17602,0,17602,25000,14471,15304,833,3131,3964,0.822122,0.945570,0,0,0.000000
335,0.504193,48.310000,1.441589,0.000000,0.000000,0.692360,0.000000,0.692360,0.094920,1,17309,0,17309,25000,14175,15056,881,3134,4015,0.818938,0.941485,0,0,0.000000
336,0.560513,48.400000,1.418947,0.000000,0.000000,0.672200,0.000000,0.672200,0.110640,1,16805,0,16805,25000,13556,14224,668,3249,3917,0.806665,0.953037,0,0,0.000000
337,0.484020,49.790000,1.396350,0.000000,0.000000,0.704320,0.000000,0.704320,0.101240,1,17608,0,17608,25000,14693,15520,827,2915,3742,0.834450,0.946714,0,0,0.000000
338,0.546303,49.200000,1.405587,0.000000,0.000000,0.692600,0.000000,0.692600,0.109520,1,17315,0,17315,25000,13801,14552,751,3514,4265,0.797055,0.948392,0,0,0.000000
339,0.435709,49.540000,1.393721,0.000000,0.000000,0.680480,0.000000,0.680480,0.099640,1,17012,0,17012,25000,14294,15064,770,2718,3488,0.840230,0.948885,0,0,0.000000
340,0.564569,48.840000,1.402635,0.000000,0.000000,0.682320,0.000000,0.682320,0.098160,1,17058,0,17058,25000,13401,14108,707,3657,4364,0.785614,0.949887,0,0,0.000000
341,0.496277,49.640000,1.387464,0.000000,0.000000,0.691200,0.000000,0.691200,0.107120,1,17280,0,17280,25000,14131,15060,929,3149,4078,0.817766,0.938313,0,0,0.000000
342,0.555373,49.650000,1.388952,0.000000,0.000000,0.701400,0.000000,0.701400,0.095240,1,17535,0,17535,25000,13996,14768,772,3539,4311,0.798175,0.947725,0,0,0.000000
343,0.450330,48.490000,1.432504,0.000000,0.000000,0.711240,0.000000,0.711240,0.090400,1,17781,0,17781,25000,14948,15736,788,2833,3621,0.840673,0.949924,0,0,0.000000
344,0.549045,48.860000,1.407871,0.000000,0.000000,0.696200,0.000000,0.696200,0.108400,1,17405,0,17405,25000,13929,14680,751,3476,4227,0.800287,0.948842,0,0,0.000000
345,0.441203,48.350000,1.426368,0.000000,0.000000,0.719600,0.000000,0.719600,0.081760,1,17990,0,17990,25000,15275,16068,793,2715,3508,0.849083,0.950647,0,0,0.000000
346,0.481596,48.780000,1.409076,0.000000,0.000000,0.697840,0.000000,0.697840,0.097920,1,17446,0,17446,25000,14538,15392,854,2908,3762,0.833314,0.944517,0,0,0.000000
347,0.462793,49.280000,1.399275,0.000000,0.000000,0.706560,0.000000,0.706560,0.102760,1,17664,0,17664,25000,14961,15772,811,2703,3514,0.846977,0.948580,0,0,0.000000
348,0.587983,48.840000,1.408317,0.000000,0.000000,0.703880,0.000000,0.703880,0.100240,1,17597,0,17597,25000,13843,14680,837,3754,4591,0.786668,0.942984,0,0,0.000000
349,0.514536,50.490000,1.382799,0.000000,0.000000,0.705040,0.000000,0.705040,0.111560,1,17626,0,17626,25000,14514,15256,742,3112,3854,0.823443,0.951363,0,0,0.000000
350,0.505356,50.540000,1.360568,0.000000,0.000000,0.683760,0.000000,0.683760,0.105240,1,17094,0,17094,25000,13920,14740,820,3174,3994,0.814321,0.944369,0,0,0.000000
351,0.542007,50.950000,1.370249,0.000000,0.000000,0.690560,0.000000,0.690560,0.109640,1,17264,0,17264,25000,14020,14764,744,3244,3988,0.812095,0.949607,0,0,0.000000
352,0.471874,48.780000,1.416829,0.000000,0.000000,0.690760,0.000000,0.690760,0.107120,1,17269,0,17269,25000,14494,15348,854,2775,3629,0.839307,0.944358,0,0,0.000000
353,0.459779,50.460000,1.368483,0.000000,0.000000,0.706760,0.000000,0.706760,0.104080,1,17669,0,17669,25000,14989,15820,831,2680,3511,0.848322,0.947472,0,0,0.000000
354,0.556865,49.040000,1.408290,0.000000,0.000000,0.683880,0.000000,0.683880,0.107960,1,17097,0,17097,25000,13390,14080,690,3707,4397,0.783178,0.950994,0,0,0.000000
355,0.503276,49.700000,1.388197,0.000000,0.000000,0.698320,0.000000,0.698320,0.110920,1,17458,0,17458,25000,14580,15520,940,2878,3818,0.835147,0.939433,0,0,0.000000
356,0.465378,49.620000,1.406008,0.000000,0.000000,0.707280,0.000000,0.707280,0.104880,1,17682,0,17682,25000,14926,15788,862,2756,3618,0.844135,0.945402,0,0,0.000000
357,0.504923,48.530000,1.454976,0.000000,0.000000,0.712360,0.000000,0.712360,0.094080,1,17809,0,17809,25000,14661,15496,835,3148,3983,0.823235,0.946115,0,0,0.000000
358,0.460385,49.320000,1.404974,0.000000,0.000000,0.716080,0.000000,0.716080,0.096320,1,17902,0,17902,25000,15031,15888,857,2871,3728,0.839627,0.946060,0,0,0.000000
359,0.515648,50.140000,1.384174,0.000000,0.000000,0.686560,0.000000,0.686560,0.104440,1,17164,0,17164,25000,13946,14780,834,3218,4052,0.812515,0.943572,0,0,0.000000
360,0.560566,49.700000,1.400466,0.000000,0.000000,0.699120,0.000000,0.699120,0.104360,1,17478,0,17478,25000,13645,14344,699,3833,4532,0.780696,0.951269,0,0,0.000000
361,0.512826,48.720000,1.419886,0.000000,0.000000,0.685320,0.000000,0.685320,0.095160,1,17133,0,17133,25000,13971,14712,741,3162,3903,0.815444,0.949633,0,0,0.000000
362,0.489190,49.740000,1.395968,0.000000,0.000000,0.716360,0.000000,0.716360,0.104440,1,17909,0,17909,25000,14936,15836,900,2973,3873,0.833994,0.943167,0,0,0.000000
363,0.552296,49.680000,1.400467,0.000000,0.000000,0.688400,0.000000,0.688400,0.108560,1,17210,0,17210,25000,13806,14568,762,3404,4166,0.802208,0.947694,0,0,0.000000
364,0.462862,49.160000,1.403207,0.000000,0.000000,0.696520,0.000000,0.696520,0.104280,1,17413,0,17413,25000,14641,15492,851,2772,3623,0.840809,0.945068,0,0,0.000000
365,0.615195,49.360000,1.400957,0.000000,0.000000,0.672360,0.000000,0.672360,0.104080,1,16809,0,16809,25000,12581,13268,687,4228,4915,0.748468,0.948221,0,0,0.000000
366,0.509785,48.420000,1.420431,0.000000,0.000000,0.703480,0.000000,0.703480,0.090800,1,17587,0,17587,25000,14222,14980,758,3365,4123,0.808665,0.949399,0,0,0.000000
367,0.423195,48.760000,1.416100,0.000000,0.000000,0.699720,0.000000,0.699720,0.101280,1,17493,0,17493,25000,14872,15776,904,2621,3525,0.850169,0.942698,0,0,0.000000
368,0.510940,49.040000,1.398183,0.000000,0.000000,0.713360,0.000000,0.713360,0.100840,1,17834,0,17834,25000,14742,15484,742,3092,3834,0.826623,0.952080,0,0,0.000000
369,0.488375,49.560000,1.402129,0.000000,0.000000,0.707560,0.000000,0.707560,0.090240,1,17689,0,17689,25000,14495,15332,837,3194,4031,0.819436,0.945408,0,0,0.000000
370,0.443135,48.180000,1.454022,0.000000,0.000000,0.687360,0.000000,0.687360,0.105400,1,17184,0,17184,25000,14361,15200,839,2823,3662,0.835719,0.944803,0,0,0.000000
371,0.446855,49.810000,1.388492,0.000000,0.000000,0.709320,0.000000,0.709320,0.098680,1,17733,0,17733,25000,14895,15684,789,2838,3627,0.839959,0.949694,0,0,0.000000
372,0.582634,49.580000,1.391494,0.000000,0.000000,0.700680,0.000000,0.700680,0.111160,1,17517,0,17517,25000,13838,14480,642,3679,4321,0.789975,0.955663,0,0,0.000000
373,0.502684,50.000000,1.393405,0.000000,0.000000,0.702880,0.000000,0.702880,0.103200,1,17572,0,17572,25000,14338,15148,810,3234,4044,0.815957,0.946528,0,0,0.000000
374,0.450986,49.320000,1.407714,0.000000,0.000000,0.696600,0.000000,0.696600,0.091000,1,17415,0,17415,25000,14455,15288,833,2960,3793,0.830032,0.945513,0,0,0.000000
375,0.375695,48.160000,1.429566,0.000000,0.000000,0.705920,0.000000,0.705920,0.094960,1,17648,0,17648,25000,15700,16712,1012,1948,2960,0.889619,0.939445,0,0,0.000000
376,0.488436,47.430000,1.462469,0.000000,0.000000,0.710160,0.000000,0.710160,0.091560,1,17754,0,17754,25000,14815,15536,721,2939,3660,0.834460,0.953592,0,0,0.000000
377,0.394100,49.380000,1.409031,0.000000,0.000000,0.691760,0.000000,0.691760,0.093040,1,17294,0,17294,25000,15007,15884,877,2287,3164,0.867758,0.944787,0,0,0.000000
378,0.473451,49.040000,1.419657,0.000000,0.000000,0.704840,0.000000,0.704840,0.105240,1,17621,0,17621,25000,14593,15412,819,3028,3847,0.828160,0.946860,0,0,0.000000
379,0.476272,48.110000,1.440653,0.000000,0.000000,0.692600,0.000000,0.692600,0.099600,1,17315,0,17315,25000,14308,15180,872,3007,3879,0.826336,0.942556,0,0,0.000000
380,0.540335,49.040000,1.405708,0.000000,0.000000,0.680760,0.000000,0.680760,0.112800,1,17019,0,17019,25000,13681,14352,671,3338,4009,0.803866,0.953247,0,0,0.000000
381,0.515299,49.890000,1.387682,0.000000,0.000000,0.698120,0.000000,0.698120,0.093840,1,17453,0,17453,25000,14446,15196,750,3007,3757,0.827709,0.950645,0,0,0.000000
382,0.489774,48.380000,1.429126,0.000000,0.000000,0.700080,0.000000,0.700080,0.091280,1,17502,0,17502,25000,14345,15012,667,3157,3824,0.819621,0.955569,0,0,0.000000
383,0.519212,48.650000,1.420944,0.000000,0.000000,0.692920,0.000000,0.692920,0.111120,1,17323,0,17323,25000,13798,14484,686,3525,4211,0.796513,0.952637,0,0,0.000000
384,0.589023,48.910000,1.417323,0.000000,0.000000,0.685440,0.000000,0.685440,0.103800,1,17136,0,17136,25000,13286,13992,706,3850,4556,0.775327,0.949543,0,0,0.000000
385,0.524934,49.680000,1.391298,0.000000,0.000000,0.681720,0.000000,0.681720,0.104960,1,17043,0,17043,25000,13698,14372,674,3345,4019,0.803732,0.953103,0,0,0.000000
386,0.454295,49.010000,1.413253,0.000000,0.000000,0.685920,0.000000,0.685920,0.103040,1,17148,0,17148,25000,14432,15120,688,2716,3404,0.841614,0.954497,0,0,0.000000
387,0.458221,48.980000,1.409357,0.000000,0.000000,0.694280,0.000000,0.694280,0.108440,1,17357,0,17357,25000,14474,15236,762,2883,3645,0.833900,0.949987,0,0,0.000000
388,0.376688,48.700000,1.427070,0.000000,0.000000,0.687240,0.000000,0.687240,0.108840,1,17181,0,17181,25000,15104,16060,956,2077,3033,0.879111,0.940473,0,0,0.000000
389,0.511504,48.600000,1.413327,0.000000,0.000000,0.684080,0.000000,0.684080,0.109800,1,17102,0,17102,25000,14059,14832,773,3043,3816,0.822068,0.947883,0,0,0.000000
390,0.506997,49.770000,1.390648,0.000000,0.000000,0.705760,0.000000,0.705760,0.098440,1,17644,0,17644,25000,14469,15304,835,3175,4010,0.820052,0.945439,0,0,0.000000
391,0.448325,49.870000,1.386090,0.000000,0.000000,0.688560,0.000000,0.688560,0.097080,1,17214,0,17214,25000,14352,15068,716,2862,3578,0.833740,0.952482,0,0,0.000000
392,0.429978,50.890000,1.361564,0.000000,0.000000,0.696120,0.000000,0.696120,0.111200,1,17403,0,17403,25000,14569,15476,907,2834,3741,0.837155,0.941393,0,0,0.000000
393,0.549271,50.490000,1.376981,0.000000,0.000000,0.691080,0.000000,0.691080,0.116920,1,17277,0,17277,25000,13512,14188,676,3765,4441,0.782080,0.952354,0,0,0.000000
394,0.417046,50.320000,1.387307,0.000000,0.000000,0.693600,0.000000,0.693600,0.099120,1,17340,0,17340,25000,14776,15628,852,2564,3416,0.852134,0.945482,0,0,0.000000
395,0.490690,49.420000,1.427471,0.000000,0.000000,0.683720,0.000000,0.683720,0.105360,1,17093,0,17093,25000,14005,14768,763,3088,3851,0.819341,0.948334,0,0,0.000000
396,0.441432,48.710000,1.431812,0.000000,0.000000,0.682240,0.000000,0.682240,0.094600,1,17056,0,17056,25000,14279,15152,873,2777,3650,0.837183,0.942384,0,0,0.000000
397,0.537525,48.520000,1.431375,0.000000,0.000000,0.680640,0.000000,0.680640,0.105160,1,17016,0,17016,25000,13548,14240,692,3468,4160,0.796192,0.951404,0,0,0.000000
398,0.510661,47.310000,1.444495,0.000000,0.000000,0.682880,0.000000,0.682880,0.101680,1,17072,0,17072,25000,13751,14560,809,3321,4130,0.805471,0.944437,0,0,0.000000
399,0.512150,48.840000,1.407101,0.000000,0.000000,0.689720,0.000000,0.689720,0.109520,1,17243,0,17243,25000,14213,14936,723,3030,3753,0.824277,0.951593,0,0,0.000000
400,0.539295,48.490000,1.431609,0.000000,0.000000,0.717240,0.000000,0.717240,0.088800,1,17931,0,17931,25000,14548,15244,696,3383,4079,0.811332,0.954343,0,0,0.000000
401,0.515273,49.490000,1.403802,0.000000,0.000000,0.705320,0.000000,0.705320,0.097320,1,17633,0,17633,25000,14109,14996,887,3524,4411,0.800147,0.940851,0,0,0.000000
402,0.539823,48.200000,1.437057,0.000000,0.000000,0.685840,0.000000,0.685840,0.100200,1,17146,0,17146,25000,13801,14580,779,3345,4124,0.804911,0.946571,0,0,0.000000
403,0.514272,47.620000,1.454797,0.000000,0.000000,0.710520,0.000000,0.710520,0.103760,1,17763,0,17763,25000,14050,14668,618,3713,4331,0.790970,0.957867,0,0,0.000000
404,0.498770,47.980000,1.444387,0.000000,0.000000,0.701640,0.000000,0.701640,0.101200,1,17541,0,17541,25000,14531,15352,821,3010,3831,0.828402,0.946522,0,0,0.000000
405,0.553892,47.900000,1.445306,0.000000,0.000000,0.693720,0.000000,0.693720,0.090760,1,17343,0,17343,25000,14053,14748,695,3290,3985,0.810298,0.952875,0,0,0.000000
406,0.497754,48.300000,1.437306,0.000000,0.000000,0.701480,0.000000,0.701480,0.100960,1,17537,0,17537,25000,14291,14964,673,3246,3919,0.814906,0.955025,0,0,0.000000
407,0.398901,49.280000,1.423499,0.000000,0.000000,0.686760,0.000000,0.686760,0.103200,1,17169,0,17169,25000,14615,15336,721,2554,3275,0.851244,0.952986,0,0,0.000000
408,0.588502,49.000000,1.401999,0.000000,0.000000,0.697000,0.000000,0.697000,0.106280,1,17425,0,17425,25000,13583,14272,689,3842,4531,0.779512,0.951724,0,0,0.000000
409,0.459884,48.960000,1.408918,0.000000,0.000000,0.709520,0.000000,0.709520,0.101520,1,17738,0,17738,25000,14632,15440,808,3106,3914,0.824896,0.947668,0,0,0.000000
410,0.458307,49.660000,1.403445,0.000000,0.000000,0.697520,0.000000,0.697520,0.103320,1,17438,0,17438,25000,14579,15420,841,2859,3700,0.836048,0.945460,0,0,0.000000
411,0.520414,48.650000,1.426337,0.000000,0.000000,0.675080,0.000000,0.675080,0.090240,1,16877,0,16877,25000,13414,14088,674,3463,4137,0.794810,0.952158,0,0,0.000000
412,0.440197,49.160000,1.417267,0.000000,0.000000,0.704400,0.000000,0.704400,0.097760,1,17610,0,17610,25000,14829,15624,795,2781,3576,0.842078,0.949117,0,0,0.000000
413,0.544211,49.030000,1.417972,0.000000,0.000000,0.683960,0.000000,0.683960,0.093920,1,17099,0,17099,25000,13939,14812,873,3160,4033,0.815194,0.941061,0,0,0.000000
414,0.465863,48.780000,1.430222,0.000000,0.000000,0.709720,0.000000,0.709720,0.090080,1,17743,0,17743,25000,14796,15612,816,2947,3763,0.833906,0.947733,0,0,0.000000
415,0.434034,48.640000,1.439048,0.000000,0.000000,0.702320,0.000000,0.702320,0.104080,1,17558,0,17558,25000,15139,16024,885,2419,3304,0.862228,0.944770,0,0,0.000000
416,0.483797,49.880000,1.400435,0.000000,0.000000,0.676960,0.000000,0.676960,0.100160,1,16924,0,16924,25000,13947,14860,913,2977,3890,0.824096,0.938560,0,0,0.000000
417,0.518940,49.440000,1.407159,0.000000,0.000000,0.709280,0.000000,0.709280,0.097120,1,17732,0,17732,25000,14581,15360,779,3151,3930,0.822299,0.949284,0,0,0.000000
418,0.535711,48.840000,1.419030,0.000000,0.000000,0.681920,0.000000,0.681920,0.105200,1,17048,0,17048,25000,13425,14152,727,3623,4350,0.787482,0.948629,0,0,0.000000
419,0.488983,49.300000,1.405699,0.000000,0.000000,0.709880,0.000000,0.709880,0.099120,1,17747,0,17747,25000,14509,15404,895,3238,4133,0.817547,0.941898,0,0,0.000000
420,0.428808,49.610000,1.406759,0.000000,0.000000,0.685960,0.000000,0.685960,0.109040,1,17149,0,17149,25000,14619,15440,821,2530,3351,0.852470,0.946826,0,0,0.000000
421,0.471466,50.660000,1.373470,0.000000,0.000000,0.705360,0.000000,0.705360,0.107320,1,17634,0,17634,25000,14421,15172,751,3213,3964,0.817795,0.950501,0,0,0.000000
422,0.587626,49.280000,1.399668,0.000000,0.000000,0.681840,0.000000,0.681840,0.119080,1,17046,0,17046,25000,13158,13908,750,3888,4638,0.771911,0.946074,0,0,0.000000
423,0.437586,47.720000,1.465819,0.000000,0.000000,0.675320,0.000000,0.675320,0.096400,1,16883,0,16883,25000,13950,14720,770,2933,3703,0.826275,0.947690,0,0,0.000000
424,0.443710,48.800000,1.445581,0.000000,0.000000,0.714800,0.000000,0.714800,0.101720,1,17870,0,17870,25000,15319,16100,781,2551,3332,0.857247,0.951491,0,0,0.000000
425,0.556206,49.320000,1.392722,0.000000,0.000000,0.685080,0.000000,0.685080,0.104600,1,17127,0,17127,25000,13512,14228,716,3615,4331,0.788930,0.949677,0,0,0.000000
426,0.608484,48.590000,1.424387,0.000000,0.000000,0.700040,0.000000,0.700040,0.104960,1,17501,0,17501,25000,13652,14428,776,3849,4625,0.780070,0.946216,0,0,0.000000
427,0.457261,48.830000,1.416999,0.000000,0.000000,0.695680,0.000000,0.695680,0.096080,1,17392,0,17392,25000,14568,15364,796,2824,3620,0.837626,0.948191,0,0,0.000000
428,0.589224,48.280000,1.427126,0.000000,0.000000,0.681560,0.000000,0.681560,0.103920,1,17039,0,17039,25000,13369,14128,759,3670,4429,0.784612,0.946277,0,0,0.000000
429,0.424520,47.520000,1.447904,0.000000,0.000000,0.699040,0.000000,0.699040,0.098040,1,17476,0,17476,25000,14794,15572,778,2682,3460,0.846532,0.950039,0,0,0.000000
430,0.487209,48.350000,1.442157,0.000000,0.000000,0.692960,0.000000,0.692960,0.096640,1,17324,0,17324,25000,14461,15256,795,2863,3658,0.834738,0.947889,0,0,0.000000
431,0.458615,49.490000,1.421345,0.000000,0.000000,0.692600,0.000000,0.692600,0.110240,1,17315,0,17315,25000,14027,14668,641,3288,3929,0.810107,0.956299,0,0,0.000000
432,0.504554,49.700000,1.398279,0.000000,0.000000,0.702120,0.000000,0.702120,0.110240,1,17553,0,17553,25000,14164,14972,808,3389,4197,0.806928,0.946033,0,0,0.000000
433,0.487660,48.300000,1.447017,0.000000,0.000000,0.686560,0.000000,0.686560,0.095120,1,17164,0,17164,25000,13944,14584,640,3220,3860,0.812398,0.956116,0,0,0.000000
434,0.476108,49.480000,1.408966,0.000000,0.000000,0.687320,0.000000,0.687320,0.102840,1,17183,0,17183,25000,13917,14708,791,3266,4057,0.809928,0.946220,0,0,0.000000
435,0.423055,49.060000,1.407600,0.000000,0.000000,0.699480,0.000000,0.699480,0.091760,1,17487,0,17487,25000,14739,15496,757,2748,3505,0.842855,0.951149,0,0,0.000000
436,0.423090,49.250000,1.412245,0.000000,0.000000,0.697080,0.000000,0.697080,0.103760,1,17427,0,17427,25000,14872,15760,888,2555,3443,0.853388,0.943655,0,0,0.000000
437,0.470287,50.230000,1.380274,0.000000,0.000000,0.706040,0.000000,0.706040,0.098640,1,17651,0,17651,25000,14678,15356,678,2973,3651,0.831568,0.955848,0,0,0.000000
438,0.456338,49.310000,1.425119,0.000000,0.000000,0.711880,0.000000,0.711880,0.083520,1,17797,0,17797,25000,15285,16136,851,2512,3363,0.858853,0.947261,0,0,0.000000
439,0.376222,49.940000,1.417493,0.000000,0.000000,0.704160,0.000000,0.704160,0.091240,1,17604,0,17604,25000,15400,16336,936,2204,3140,0.874801,0.942703,0,0,0.000000
440,0.376461,49.920000,1.399616,0.000000,0.000000,0.709800,0.000000,0.709800,0.096640,1,17745,0,17745,25000,15416,16288,872,2329,3201,0.868752,0.946464,0,0,0.000000
441,0.504632,49.930000,1.412673,0.000000,0.000000,0.699880,0.000000,0.699880,0.091800,1,17497,0,17497,25000,14168,14808,640,3329,3969,0.809739,0.956780,0,0,0.000000
442,0.419307,50.840000,1.382528,0.000000,0.000000,0.697200,0.000000,0.697200,0.109000,1,17430,0,17430,25000,14859,15720,861,2571,3432,0.852496,0.945229,0,0,0.000000
443,0.539158,49.500000,1.409869,0.000000,0.000000,0.685720,0.000000,0.685720,0.102880,1,17143,0,17143,25000,13369,14068,699,3774,4473,0.779852,0.950313,0,0,0.000000
444,0.474617,48.590000,1.428922,0.000000,0.000000,0.684560,0.000000,0.684560,0.099480,1,17114,0,17114,25000,14058,14756,698,3056,3754,0.821433,0.952697,0,0,0.000000
445,0.493113,49.110000,1.410643,0.000000,0.000000,0.679240,0.000000,0.679240,0.104280,1,16981,0,16981,25000,13779,14464,685,3202,3887,0.811436,0.952641,0,0,0.000000
446,0.388728,49.330000,1.410569,0.000000,0.000000,0.693000,0.000000,0.693000,0.100080,1,17325,0,17325,25000,15022,15900,878,2303,3181,0.867071,0.944780,0,0,0.000000
447,0.493785,49.730000,1.421942,0.000000,0.000000,0.704240,0.000000,0.704240,0.096600,1,17606,0,17606,25000,14426,15152,726,3180,3906,0.819380,0.952086,0,0,0.000000
448,0.559362,48.910000,1.434742,0.000000,0.000000,0.661480,0.000000,0.661480,0.107640,1,16537,0,16537,25000,12980,13616,636,3557,4193,0.784907,0.953290,0,0,0.000000
449,0.479736,49.900000,1.395423,0.000000,0.000000,0.678360,0.000000,0.678360,0.097440,1,16959,0,16959,25000,13760,14520,760,3199,3959,0.811369,0.947658,0,0,0.000000
450,0.464009,49.900000,1.401436,0.000000,0.000000,0.692040,0.000000,0.692040,0.112600,1,17301,0,17301,25000,14301,15152,851,3000,3851,0.826600,0.943836,0,0,0.000000
451,0.464081,49.620000,1.392238,0.000000,0.000000,0.668120,0.000000,0.668120,0.111680,1,16703,0,16703,25000,13619,14336,717,3084,3801,0.815363,0.949986,0,0,0.000000
452,0.393371,50.080000,1.401434,0.000000,0.000000,0.706520,0.000000,0.706520,0.120240,1,17663,0,17663,25000,15032,16032,1000,2631,3631,0.851045,0.937625,0,0,0.000000
453,0.547264,47.430000,1.474076,0.000000,0.000000,0.679000,0.000000,0.679000,0.110520,1,16975,0,16975,25000,13743,14560,817,3232,4049,0.809602,0.943887,0,0,0.000000
454,0.460967,48.280000,1.443912,0.000000,0.000000,0.681680,0.000000,0.681680,0.114320,1,17042,0,17042,25000,14112,14860,748,2930,3678,0.828072,0.949664,0,0,0.000000
455,0.555540,48.420000,1.435902,0.000000,0.000000,0.687480,0.000000,0.687480,0.096680,1,17187,0,17187,25000,13256,13992,736,3931,4667,0.771281,0.947399,0,0,0.000000
456,0.525828,49.450000,1.403848,0.000000,0.000000,0.678160,0.000000,0.678160,0.103080,1,16954,0,16954,25000,13567,14248,681,3387,4068,0.800224,0.952204,0,0,0.000000
457,0.489361,49.180000,1.416945,0.000000,0.000000,0.691960,0.000000,0.691960,0.109760,1,17299,0,17299,25000,13907,14676,769,3392,4161,0.803919,0.947602,0,0,0.000000
458,0.472205,48.570000,1.445359,0.000000,0.000000,0.682880,0.000000,0.682880,0.096360,1,17072,0,17072,25000,14252,15104,852,2820,3672,0.834817,0.943591,0,0,0.000000
459,0.497490,48.730000,1.429973,0.000000,0.000000,0.676840,0.000000,0.676840,0.101000,1,16921,0,16921,25000,13968,14772,804,2953,3757,0.825483,0.945573,0,0,0.000000
460,0.493892,49.450000,1.410754,0.000000,0.000000,0.683960,0.000000,0.683960,0.091200,1,17099,0,17099,25000,13990,14720,730,3109,3839,0.818177,0.950408,0,0,0.000000
461,0.379811,50.150000,1.397558,0.000000,0.000000,0.672840,0.000000,0.672840,0.095640,1,16821,0,16821,25000,14533,15380,847,2288,3135,0.863980,0.944928,0,0,0.000000
462,0.500126,49.320000,1.426703,0.000000,0.000000,0.685280,0.000000,0.685280,0.106480,1,17132,0,17132,25000,13513,14152,639,3619,4258,0.788758,0.954847,0,0,0.000000
463,0.457996,48.090000,1.462475,0.000000,0.000000,0.684560,0.000000,0.684560,0.109720,1,17114,0,17114,25000,13993,14680,687,3121,3808,0.817635,0.953202,0,0,0.000000
464,0.425549,48.930000,1.424395,0.000000,0.000000,0.698960,0.000000,0.698960,0.111720,1,17474,0,17474,25000,14640,15524,884,2834,3718,0.837816,0.943056,0,0,0.000000
465,0.461382,49.170000,1.405241,0.000000,0.000000,0.693640,0.000000,0.693640,0.107920,1,17341,0,17341,25000,14339,15196,857,3002,3859,0.826884,0.943604,0,0,0.000000
466,0.437449,48.120000,1.458783,0.000000,0.000000,0.688880,0.000000,0.688880,0.115760,1,17222,0,17222,25000,14556,15428,872,2666,3538,0.845198,0.943479,0,0,0.000000
467,0.424219,48.980000,1.427022,0.000000,0.000000,0.707320,0.000000,0.707320,0.105120,1,17683,0,17683,25000,14825,15656,831,2858,3689,0.838376,0.946921,0,0,0.000000
468,0.472385,49.470000,1.418937,0.000000,0.000000,0.689800,0.000000,0.689800,0.112080,1,17245,0,17245,25000,14100,14788,688,3145,3833,0.817628,0.953476,0,0,0.000000
469,0.463437,49.280000,1.415534,0.000000,0.000000,0.707600,0.000000,0.707600,0.100520,1,17690,0,17690,25000,15001,15828,827,2689,3516,0.847993,0.947751,0,0,0.000000
470,0.419147,49.080000,1.429307,0.000000,0.000000,0.706120,0.000000,0.706120,0.101960,1,17653,0,17653,25000,14993,15808,815,2660,3475,0.849317,0.948444,0,0,0.000000
471,0.388746,48.910000,1.431783,0.000000,0.000000,0.700960,0.000000,0.700960,0.109480,1,17524,0,17524,25000,14959,15796,837,2565,3402,0.853629,0.947012,0,0,0.000000
472,0.526356,47.790000,1.450971,0.000000,0.000000,0.699400,0.000000,0.699400,0.115160,1,17485,0,17485,25000,13693,14508,815,3792,4607,0.783128,0.943824,0,0,0.000000
473,0.452746,48.220000,1.447033,0.000000,0.000000,0.710560,0.000000,0.710560,0.108920,1,17764,0,17764,25000,15065,15960,895,2699,3594,0.848063,0.943922,0,0,0.000000
474,0.514416,48.350000,1.438487,0.000000,0.000000,0.691040,0.000000,0.691040,0.106360,1,17276,0,17276,25000,13762,14476,714,3514,4228,0.796596,0.950677,0,0,0.000000
475,0.477099,49.110000,1.414128,0.000000,0.000000,0.717200,0.000000,0.717200,0.102360,1,17930,0,17930,25000,15064,15888,824,2866,3690,0.840156,0.948137,0,0,0.000000
476,0.418681,48.630000,1.414018,0.000000,0.000000,0.691200,0.000000,0.691200,0.112240,1,17280,0,17280,25000,14413,15264,851,2867,3718,0.834086,0.944248,0,0,0.000000
477,0.472311,49.460000,1.408029,0.000000,0.000000,0.689360,0.000000,0.689360,0.103280,1,17234,0,17234,25000,14022,14676,654,3212,3866,0.813624,0.955437,0,0,0.000000
478,0.484803,49.010000,1.423185,0.000000,0.000000,0.693880,0.000000,0.693880,0.103360,1,17347,0,17347,25000,14135,14848,713,3212,3925,0.814838,0.951980,0,0,0.000000
479,0.533450,48.490000,1.433671,0.000000,0.000000,0.712960,0.000000,0.712960,0.104160,1,17824,0,17824,25000,14039,14780,741,3785,4526,0.787646,0.949865,0,0,0.000000
480,0.558533,48.000000,1.447354,0.000000,0.000000,0.677200,0.000000,0.677200,0.116160,1,16930,0,16930,25000,12964,13668,704,3966,4670,0.765741,0.948493,0,0,0.000000
481,0.457365,49.230000,1.435386,0.000000,0.000000,0.699240,0.000000,0.699240,0.112480,1,17481,0,17481,25000,14365,15116,751,3116,3867,0.821749,0.950318,0,0,0.000000
482,0.505979,49.030000,1.432376,0.000000,0.000000,0.706800,0.000000,0.706800,0.098360,1,17670,0,17670,25000,13931,14608,677,3739,4416,0.788398,0.953656,0,0,0.000000
483,0.437944,49.150000,1.415039,0.000000,0.000000,0.684920,0.000000,0.684920,0.103920,1,17123,0,17123,25000,14209,14832,623,2914,3537,0.829820,0.957996,0,0,0.000000
484,0.404860,49.230000,1.408324,0.000000,0.000000,0.710360,0.000000,0.710360,0.105480,1,17759,0,17759,25000,15065,15880,815,2694,3509,0.848302,0.948678,0,0,0.000000
485,0.456470,49.750000,1.396366,0.000000,0.000000,0.682720,0.000000,0.682720,0.108440,1,17068,0,17068,25000,13964,14720,756,3104,3860,0.818139,0.948641,0,0,0.000000
486,0.483680,49.390000,1.426691,0.000000,0.000000,0.702160,0.000000,0.702160,0.102480,1,17554,0,17554,25000,14607,15596,989,2947,3936,0.832118,0.936586,0,0,0.000000
487,0.504917,48.910000,1.417216,0.000000,0.000000,0.677040,0.000000,0.677040,0.113760,1,16926,0,16926,25000,13586,14332,746,3340,4086,0.802670,0.947949,0,0,0.000000
488,0.401220,49.260000,1.421083,0.000000,0.000000,0.697840,0.000000,0.697840,0.108600,1,17446,0,17446,25000,14933,15768,835,2513,3348,0.855956,0.947045,0,0,0.000000
489,0.386878,49.310000,1.415695,0.000000,0.000000,0.699880,0.000000,0.699880,0.108440,1,17497,0,17497,25000,14717,15708,991,2780,3771,0.841116,0.936911,0,0,0.000000
490,0.422691,50.370000,1.406676,0.000000,0.000000,0.682480,0.000000,0.682480,0.102360,1,17062,0,17062,25000,14050,14952,902,3012,3914,0.823467,0.939674,0,0,0.000000
491,0.518156,50.090000,1.404740,0.000000,0.000000,0.702040,0.000000,0.702040,0.109840,1,17551,0,17551,25000,14061,14896,835,3490,4325,0.801151,0.943945,0,0,0.000000
492,0.479843,49.520000,1.427101,0.000000,0.000000,0.706960,0.000000,0.706960,0.112520,1,17674,0,17674,25000,14612,15528,916,3062,3978,0.826751,0.941010,0,0,0.000000
493,0.481061,48.000000,1.454582,0.000000,0.000000,0.682240,0.000000,0.682240,0.096240,1,17056,0,17056,25000,13819,14556,737,3237,3974,0.810213,0.949368,0,0,0.000000
494,0.451146,50.020000,1.404442,0.000000,0.000000,0.695720,0.000000,0.695720,0.105280,1,17393,0,17393,25000,14285,15032,747,3108,3855,0.821307,0.950306,0,0,0.000000
495,0.449746,48.390000,1.450741,0.000000,0.000000,0.689440,0.000000,0.689440,0.097400,1,17236,0,17236,25000,14466,15168,702,2770,3472,0.839290,0.953718,0,0,0.000000
496,0.483350,48.190000,1.448216,0.000000,0.000000,0.697160,0.000000,0.697160,0.098880,1,17429,0,17429,25000,13890,14648,758,3539,4297,0.796948,0.948252,0,0,0.000000
497,0.449596,48.220000,1.450603,0.000000,0.000000,0.704120,0.000000,0.704120,0.093960,1,17603,0,17603,25000,14508,15364,856,3095,3951,0.824178,0.944285,0,0,0.000000
498,0.369050,48.290000,1.460777,0.000000,0.000000,0.698680,0.000000,0.698680,0.090840,1,17467,0,17467,25000,15213,16068,855,2254,3109,0.870957,0.946789,0,0,0.000000
499,0.482356,48.940000,1.432408,0.000000,0.000000,0.685640,0.000000,0.685640,0.099040,1,17141,0,17141,25000,13954,14732,778,3187,3965,0.814072,0.947190,0,0,0.000000
