epoch,train_loss,global_test_acc,global_test_loss,personal_apa,personal_loss,core_clean_ratio,recover_ratio,train_ratio,agreement_ratio,recovery_trigger,core_count,recover_count,train_count,total_count,actual_train_clean_count,actual_round_clean_count,missed_clean_count,false_clean_count,total_wrong_count,actual_train_clean_ratio,clean_recall,recover_true_clean_count,recover_false_clean_count,recover_precision
0,1.562205,20.370000,2.220458,0.000000,0.000000,1.000000,0.000000,1.000000,0.000000,0,25000,0,25000,25000,15368,15368,0,9632,9632,0.614720,1.000000,0,0,0.000000
1,1.648938,24.050000,2.156857,0.000000,0.000000,1.000000,0.000000,1.000000,0.000000,0,25000,0,25000,25000,14536,14536,0,10464,10464,0.581440,1.000000,0,0,0.000000
2,1.644325,26.390000,2.127541,0.000000,0.000000,1.000000,0.000000,1.000000,0.000000,0,25000,0,25000,25000,14336,14336,0,10664,10664,0.573440,1.000000,0,0,0.000000
3,1.650604,26.140000,2.110729,0.000000,0.000000,1.000000,0.000000,1.000000,0.000000,0,25000,0,25000,25000,14136,14136,0,10864,10864,0.565440,1.000000,0,0,0.000000
4,1.507709,29.600000,2.081728,0.000000,0.000000,1.000000,0.000000,1.000000,0.000000,0,25000,0,25000,25000,15684,15684,0,9316,9316,0.627360,1.000000,0,0,0.000000
5,1.521486,30.870000,2.060947,0.000000,0.000000,1.000000,0.000000,1.000000,0.000000,0,25000,0,25000,25000,15264,15264,0,9736,9736,0.610560,1.000000,0,0,0.000000
6,1.557411,31.790000,2.051327,0.000000,0.000000,1.000000,0.000000,1.000000,0.000000,0,25000,0,25000,25000,15084,15084,0,9916,9916,0.603360,1.000000,0,0,0.000000
7,1.586826,30.270000,2.062276,0.000000,0.000000,1.000000,0.000000,1.000000,0.000000,0,25000,0,25000,25000,14776,14776,0,10224,10224,0.591040,1.000000,0,0,0.000000
8,1.452989,32.060000,2.035120,0.000000,0.000000,1.000000,0.000000,1.000000,0.000000,0,25000,0,25000,25000,16124,16124,0,8876,8876,0.644960,1.000000,0,0,0.000000
9,1.580149,36.110000,2.017758,0.000000,0.000000,1.000000,0.000000,1.000000,0.000000,0,25000,0,25000,25000,14788,14788,0,10212,10212,0.591520,1.000000,0,0,0.000000
10,1.536045,34.320000,2.020036,0.000000,0.000000,1.000000,0.000000,1.000000,0.000000,0,25000,0,25000,25000,15144,15144,0,9856,9856,0.605760,1.000000,0,0,0.000000
11,1.506717,35.300000,2.000594,0.000000,0.000000,1.000000,0.000000,1.000000,0.000000,0,25000,0,25000,25000,15068,15068,0,9932,9932,0.602720,1.000000,0,0,0.000000
12,1.447104,36.630000,1.992341,0.000000,0.000000,1.000000,0.000000,1.000000,0.000000,0,25000,0,25000,25000,15948,15948,0,9052,9052,0.637920,1.000000,0,0,0.000000
13,1.407062,36.940000,1.987000,0.000000,0.000000,1.000000,0.000000,1.000000,0.000000,0,25000,0,25000,25000,15984,15984,0,9016,9016,0.639360,1.000000,0,0,0.000000
14,1.556122,35.140000,1.999376,0.000000,0.000000,1.000000,0.000000,1.000000,0.000000,0,25000,0,25000,25000,14752,14752,0,10248,10248,0.590080,1.000000,0,0,0.000000
15,1.540987,35.130000,2.008904,0.000000,0.000000,1.000000,0.000000,1.000000,0.000000,0,25000,0,25000,25000,14976,14976,0,10024,10024,0.599040,1.000000,0,0,0.000000
16,1.589586,35.820000,2.006039,0.000000,0.000000,1.000000,0.000000,1.000000,0.000000,0,25000,0,25000,25000,14508,14508,0,10492,10492,0.580320,1.000000,0,0,0.000000
17,1.557472,36.530000,2.002956,0.000000,0.000000,1.000000,0.000000,1.000000,0.000000,0,25000,0,25000,25000,14772,14772,0,10228,10228,0.590880,1.000000,0,0,0.000000
18,1.547438,37.690000,1.992564,0.000000,0.000000,1.000000,0.000000,1.000000,0.000000,0,25000,0,25000,25000,14644,14644,0,10356,10356,0.585760,1.000000,0,0,0.000000
19,1.490058,37.110000,1.989909,0.000000,0.000000,1.000000,0.000000,1.000000,0.000000,0,25000,0,25000,25000,15372,15372,0,9628,9628,0.614880,1.000000,0,0,0.000000
20,1.605274,36.710000,2.002852,0.000000,0.000000,1.000000,0.000000,1.000000,0.000000,0,25000,0,25000,25000,13976,13976,0,11024,11024,0.559040,1.000000,0,0,0.000000
21,1.444999,35.680000,1.990897,0.000000,0.000000,1.000000,0.000000,1.000000,0.000000,0,25000,0,25000,25000,15836,15836,0,9164,9164,0.633440,1.000000,0,0,0.000000
22,1.501512,36.770000,1.991316,0.000000,0.000000,1.000000,0.000000,1.000000,0.000000,0,25000,0,25000,25000,15064,15064,0,9936,9936,0.602560,1.000000,0,0,0.000000
23,1.453471,36.920000,1.983542,0.000000,0.000000,1.000000,0.000000,1.000000,0.000000,0,25000,0,25000,25000,15352,15352,0,9648,9648,0.614080,1.000000,0,0,0.000000
24,1.501348,37.110000,1.966887,0.000000,0.000000,1.000000,0.000000,1.000000,0.000000,0,25000,0,25000,25000,14924,14924,0,10076,10076,0.596960,1.000000,0,0,0.000000
25,1.504407,38.550000,1.960744,0.000000,0.000000,1.000000,0.000000,1.000000,0.000000,0,25000,0,25000,25000,15236,15236,0,9764,9764,0.609440,1.000000,0,0,0.000000
26,1.537906,38.080000,1.963099,0.000000,0.000000,1.000000,0.000000,1.000000,0.000000,0,25000,0,25000,25000,14680,14680,0,10320,10320,0.587200,1.000000,0,0,0.000000
27,1.458099,35.430000,1.984288,0.000000,0.000000,1.000000,0.000000,1.000000,0.000000,0,25000,0,25000,25000,15732,15732,0,9268,9268,0.629280,1.000000,0,0,0.000000
28,1.461195,39.220000,1.961367,0.000000,0.000000,1.000000,0.000000,1.000000,0.000000,0,25000,0,25000,25000,15304,15304,0,9696,9696,0.612160,1.000000,0,0,0.000000
29,1.554264,34.890000,1.996455,0.000000,0.000000,1.000000,0.000000,1.000000,0.000000,0,25000,0,25000,25000,14700,14700,0,10300,10300,0.588000,1.000000,0,0,0.000000
30,1.533044,37.190000,1.982920,0.000000,0.000000,1.000000,0.000000,1.000000,0.000000,0,25000,0,25000,25000,14480,14480,0,10520,10520,0.579200,1.000000,0,0,0.000000
31,1.402407,39.590000,1.957557,0.000000,0.000000,1.000000,0.000000,1.000000,0.000000,0,25000,0,25000,25000,15816,15816,0,9184,9184,0.632640,1.000000,0,0,0.000000
32,1.629337,35.530000,1.979595,0.000000,0.000000,1.000000,0.000000,1.000000,0.000000,0,25000,0,25000,25000,13668,13668,0,11332,11332,0.546720,1.000000,0,0,0.000000
33,1.603940,36.700000,1.985886,0.000000,0.000000,1.000000,0.000000,1.000000,0.000000,0,25000,0,25000,25000,13876,13876,0,11124,11124,0.555040,1.000000,0,0,0.000000
34,1.465540,35.100000,1.974187,0.000000,0.000000,1.000000,0.000000,1.000000,0.000000,0,25000,0,25000,25000,15268,15268,0,9732,9732,0.610720,1.000000,0,0,0.000000
35,1.547668,35.930000,1.983144,0.000000,0.000000,1.000000,0.000000,1.000000,0.000000,0,25000,0,25000,25000,14476,14476,0,10524,10524,0.579040,1.000000,0,0,0.000000
36,1.440095,37.400000,1.967026,0.000000,0.000000,1.000000,0.000000,1.000000,0.000000,0,25000,0,25000,25000,15392,15392,0,9608,9608,0.615680,1.000000,0,0,0.000000
37,1.414233,38.210000,1.941647,0.000000,0.000000,1.000000,0.000000,1.000000,0.000000,0,25000,0,25000,25000,15728,15728,0,9272,9272,0.629120,1.000000,0,0,0.000000
38,1.427874,37.890000,1.951633,0.000000,0.000000,1.000000,0.000000,1.000000,0.000000,0,25000,0,25000,25000,15356,15356,0,9644,9644,0.614240,1.000000,0,0,0.000000
39,1.564010,36.980000,1.971431,0.000000,0.000000,1.000000,0.000000,1.000000,0.000000,0,25000,0,25000,25000,14032,14032,0,10968,10968,0.561280,1.000000,0,0,0.000000
40,1.414637,37.980000,1.950948,0.000000,0.000000,1.000000,0.000000,1.000000,0.000000,0,25000,0,25000,25000,15744,15744,0,9256,9256,0.629760,1.000000,0,0,0.000000
41,1.474007,34.650000,1.971283,0.000000,0.000000,1.000000,0.000000,1.000000,0.000000,0,25000,0,25000,25000,14796,14796,0,10204,10204,0.591840,1.000000,0,0,0.000000
42,1.578261,34.910000,1.986413,0.000000,0.000000,1.000000,0.000000,1.000000,0.000000,0,25000,0,25000,25000,13920,13920,0,11080,11080,0.556800,1.000000,0,0,0.000000
43,1.482838,33.600000,1.984855,0.000000,0.000000,1.000000,0.000000,1.000000,0.000000,0,25000,0,25000,25000,14724,14724,0,10276,10276,0.588960,1.000000,0,0,0.000000
44,1.494500,34.750000,1.978190,0.000000,0.000000,1.000000,0.000000,1.000000,0.000000,0,25000,0,25000,25000,14936,14936,0,10064,10064,0.597440,1.000000,0,0,0.000000
45,1.441446,37.010000,1.961413,0.000000,0.000000,1.000000,0.000000,1.000000,0.000000,0,25000,0,25000,25000,15328,15328,0,9672,9672,0.613120,1.000000,0,0,0.000000
46,1.473154,38.250000,1.952918,0.000000,0.000000,1.000000,0.000000,1.000000,0.000000,0,25000,0,25000,25000,14492,14492,0,10508,10508,0.579680,1.000000,0,0,0.000000
47,1.525101,36.150000,1.972496,0.000000,0.000000,1.000000,0.000000,1.000000,0.000000,0,25000,0,25000,25000,14192,14192,0,10808,10808,0.567680,1.000000,0,0,0.000000
48,1.436126,35.190000,1.955143,0.000000,0.000000,1.000000,0.000000,1.000000,0.000000,0,25000,0,25000,25000,15324,15324,0,9676,9676,0.612960,1.000000,0,0,0.000000
49,1.530971,35.680000,1.983485,0.000000,0.000000,1.000000,0.000000,1.000000,0.000000,0,25000,0,25000,25000,14212,14212,0,10788,10788,0.568480,1.000000,0,0,0.000000
50,1.396722,35.540000,1.967496,0.000000,0.000000,1.000000,0.000000,1.000000,0.000000,0,25000,0,25000,25000,15492,15492,0,9508,9508,0.619680,1.000000,0,0,0.000000
51,1.422023,34.780000,1.957471,0.000000,0.000000,1.000000,0.000000,1.000000,0.000000,0,25000,0,25000,25000,15336,15336,0,9664,9664,0.613440,1.000000,0,0,0.000000
52,1.498161,35.860000,1.958678,0.000000,0.000000,1.000000,0.000000,1.000000,0.000000,0,25000,0,25000,25000,14392,14392,0,10608,10608,0.575680,1.000000,0,0,0.000000
53,1.425684,34.660000,1.967201,0.000000,0.000000,1.000000,0.000000,1.000000,0.000000,0,25000,0,25000,25000,14952,14952,0,10048,10048,0.598080,1.000000,0,0,0.000000
54,1.401141,35.000000,1.963654,0.000000,0.000000,1.000000,0.000000,1.000000,0.000000,0,25000,0,25000,25000,15496,15496,0,9504,9504,0.619840,1.000000,0,0,0.000000
55,1.419862,37.400000,1.945992,0.000000,0.000000,1.000000,0.000000,1.000000,0.000000,0,25000,0,25000,25000,15264,15264,0,9736,9736,0.610560,1.000000,0,0,0.000000
56,1.540466,37.660000,1.945906,0.000000,0.000000,1.000000,0.000000,1.000000,0.000000,0,25000,0,25000,25000,13876,13876,0,11124,11124,0.555040,1.000000,0,0,0.000000
57,1.453619,35.050000,1.969103,0.000000,0.000000,1.000000,0.000000,1.000000,0.000000,0,25000,0,25000,25000,14744,14744,0,10256,10256,0.589760,1.000000,0,0,0.000000
58,1.444866,35.870000,1.963384,0.000000,0.000000,1.000000,0.000000,1.000000,0.000000,0,25000,0,25000,25000,15160,15160,0,9840,9840,0.606400,1.000000,0,0,0.000000
59,1.434773,33.840000,1.972662,0.000000,0.000000,1.000000,0.000000,1.000000,0.000000,0,25000,0,25000,25000,15052,15052,0,9948,9948,0.602080,1.000000,0,0,0.000000
60,1.491072,33.360000,1.986348,0.000000,0.000000,1.000000,0.000000,1.000000,0.000000,0,25000,0,25000,25000,14616,14616,0,10384,10384,0.584640,1.000000,0,0,0.000000
61,1.343126,35.250000,1.945561,0.000000,0.000000,1.000000,0.000000,1.000000,0.000000,0,25000,0,25000,25000,15940,15940,0,9060,9060,0.637600,1.000000,0,0,0.000000
62,1.403426,35.620000,1.948252,0.000000,0.000000,1.000000,0.000000,1.000000,0.000000,0,25000,0,25000,25000,15280,15280,0,9720,9720,0.611200,1.000000,0,0,0.000000
63,1.390975,35.330000,1.956749,0.000000,0.000000,1.000000,0.000000,1.000000,0.000000,0,25000,0,25000,25000,15544,15544,0,9456,9456,0.621760,1.000000,0,0,0.000000
64,1.378651,37.400000,1.936366,0.000000,0.000000,1.000000,0.000000,1.000000,0.000000,0,25000,0,25000,25000,15700,15700,0,9300,9300,0.628000,1.000000,0,0,0.000000
65,1.442279,37.060000,1.937048,0.000000,0.000000,1.000000,0.000000,1.000000,0.000000,0,25000,0,25000,25000,14820,14820,0,10180,10180,0.592800,1.000000,0,0,0.000000
66,1.461114,37.460000,1.934899,0.000000,0.000000,1.000000,0.000000,1.000000,0.000000,0,25000,0,25000,25000,14660,14660,0,10340,10340,0.586400,1.000000,0,0,0.000000
67,1.479261,34.060000,1.959235,0.000000,0.000000,1.000000,0.000000,1.000000,0.000000,0,25000,0,25000,25000,14476,14476,0,10524,10524,0.579040,1.000000,0,0,0.000000
68,1.385176,37.650000,1.930957,0.000000,0.000000,1.000000,0.000000,1.000000,0.000000,0,25000,0,25000,25000,15316,15316,0,9684,9684,0.612640,1.000000,0,0,0.000000
69,1.518508,34.560000,1.973967,0.000000,0.000000,1.000000,0.000000,1.000000,0.000000,0,25000,0,25000,25000,14028,14028,0,10972,10972,0.561120,1.000000,0,0,0.000000
70,1.455200,35.250000,1.956753,0.000000,0.000000,1.000000,0.000000,1.000000,0.000000,0,25000,0,25000,25000,14556,14556,0,10444,10444,0.582240,1.000000,0,0,0.000000
71,1.433140,36.840000,1.944352,0.000000,0.000000,1.000000,0.000000,1.000000,0.000000,0,25000,0,25000,25000,14796,14796,0,10204,10204,0.591840,1.000000,0,0,0.000000
72,1.369428,37.700000,1.920682,0.000000,0.000000,1.000000,0.000000,1.000000,0.000000,0,25000,0,25000,25000,15448,15448,0,9552,9552,0.617920,1.000000,0,0,0.000000
73,1.314363,35.540000,1.931771,0.000000,0.000000,1.000000,0.000000,1.000000,0.000000,0,25000,0,25000,25000,16132,16132,0,8868,8868,0.645280,1.000000,0,0,0.000000
74,1.395548,34.950000,1.941419,0.000000,0.000000,1.000000,0.000000,1.000000,0.000000,0,25000,0,25000,25000,15008,15008,0,9992,9992,0.600320,1.000000,0,0,0.000000
75,1.353257,37.200000,1.921982,0.000000,0.000000,1.000000,0.000000,1.000000,0.000000,0,25000,0,25000,25000,15592,15592,0,9408,9408,0.623680,1.000000,0,0,0.000000
76,1.448503,35.320000,1.945875,0.000000,0.000000,1.000000,0.000000,1.000000,0.000000,0,25000,0,25000,25000,14772,14772,0,10228,10228,0.590880,1.000000,0,0,0.000000
77,1.330194,35.030000,1.932628,0.000000,0.000000,1.000000,0.000000,1.000000,0.000000,0,25000,0,25000,25000,15928,15928,0,9072,9072,0.637120,1.000000,0,0,0.000000
78,1.395222,36.670000,1.918155,0.000000,0.000000,1.000000,0.000000,1.000000,0.000000,0,25000,0,25000,25000,15068,15068,0,9932,9932,0.602720,1.000000,0,0,0.000000
79,1.385431,34.680000,1.939458,0.000000,0.000000,1.000000,0.000000,1.000000,0.000000,0,25000,0,25000,25000,15644,15644,0,9356,9356,0.625760,1.000000,0,0,0.000000
80,1.447223,34.910000,1.946947,0.000000,0.000000,1.000000,0.000000,1.000000,0.000000,0,25000,0,25000,25000,14560,14560,0,10440,10440,0.582400,1.000000,0,0,0.000000
81,1.362623,34.210000,1.951689,0.000000,0.000000,1.000000,0.000000,1.000000,0.000000,0,25000,0,25000,25000,15372,15372,0,9628,9628,0.614880,1.000000,0,0,0.000000
82,1.400728,35.590000,1.942321,0.000000,0.000000,1.000000,0.000000,1.000000,0.000000,0,25000,0,25000,25000,15220,15220,0,9780,9780,0.608800,1.000000,0,0,0.000000
83,1.414841,35.510000,1.936136,0.000000,0.000000,1.000000,0.000000,1.000000,0.000000,0,25000,0,25000,25000,14560,14560,0,10440,10440,0.582400,1.000000,0,0,0.000000
84,1.441814,34.910000,1.940630,0.000000,0.000000,1.000000,0.000000,1.000000,0.000000,0,25000,0,25000,25000,14672,14672,0,10328,10328,0.586880,1.000000,0,0,0.000000
85,1.364482,33.720000,1.950331,0.000000,0.000000,1.000000,0.000000,1.000000,0.000000,0,25000,0,25000,25000,15280,15280,0,9720,9720,0.611200,1.000000,0,0,0.000000
86,1.461713,32.450000,1.964957,0.000000,0.000000,1.000000,0.000000,1.000000,0.000000,0,25000,0,25000,25000,14536,14536,0,10464,10464,0.581440,1.000000,0,0,0.000000
87,1.306563,35.720000,1.922913,0.000000,0.000000,1.000000,0.000000,1.000000,0.000000,0,25000,0,25000,25000,15912,15912,0,9088,9088,0.636480,1.000000,0,0,0.000000
88,1.437141,33.950000,1.959090,0.000000,0.000000,1.000000,0.000000,1.000000,0.000000,0,25000,0,25000,25000,14680,14680,0,10320,10320,0.587200,1.000000,0,0,0.000000
89,1.374755,35.110000,1.941803,0.000000,0.000000,1.000000,0.000000,1.000000,0.000000,0,25000,0,25000,25000,15192,15192,0,9808,9808,0.607680,1.000000,0,0,0.000000
90,1.333221,34.820000,1.940960,0.000000,0.000000,1.000000,0.000000,1.000000,0.000000,0,25000,0,25000,25000,15668,15668,0,9332,9332,0.626720,1.000000,0,0,0.000000
91,1.361787,34.630000,1.936581,0.000000,0.000000,1.000000,0.000000,1.000000,0.000000,0,25000,0,25000,25000,15144,15144,0,9856,9856,0.605760,1.000000,0,0,0.000000
92,1.477427,33.080000,1.968902,0.000000,0.000000,1.000000,0.000000,1.000000,0.000000,0,25000,0,25000,25000,13992,13992,0,11008,11008,0.559680,1.000000,0,0,0.000000
93,1.286235,34.830000,1.942099,0.000000,0.000000,1.000000,0.000000,1.000000,0.000000,0,25000,0,25000,25000,15912,15912,0,9088,9088,0.636480,1.000000,0,0,0.000000
94,1.457839,34.590000,1.947458,0.000000,0.000000,1.000000,0.000000,1.000000,0.000000,0,25000,0,25000,25000,14112,14112,0,10888,10888,0.564480,1.000000,0,0,0.000000
95,1.269584,34.550000,1.930016,0.000000,0.000000,1.000000,0.000000,1.000000,0.000000,0,25000,0,25000,25000,16224,16224,0,8776,8776,0.648960,1.000000,0,0,0.000000
96,1.401758,35.480000,1.927655,0.000000,0.000000,1.000000,0.000000,1.000000,0.000000,0,25000,0,25000,25000,14520,14520,0,10480,10480,0.580800,1.000000,0,0,0.000000
97,1.465850,33.030000,1.958514,0.000000,0.000000,1.000000,0.000000,1.000000,0.000000,0,25000,0,25000,25000,13948,13948,0,11052,11052,0.557920,1.000000,0,0,0.000000
98,1.363852,33.370000,1.947289,0.000000,0.000000,1.000000,0.000000,1.000000,0.000000,0,25000,0,25000,25000,15268,15268,0,9732,9732,0.610720,1.000000,0,0,0.000000
99,1.403161,34.510000,1.949616,0.000000,0.000000,1.000000,0.000000,1.000000,0.000000,0,25000,0,25000,25000,14816,14816,0,10184,10184,0.592640,1.000000,0,0,0.000000
100,0.444143,40.430000,1.795952,0.000000,0.000000,0.648160,0.000000,0.648160,0.883320,1,16204,0,16204,25000,14789,15516,727,1415,2142,0.912676,0.953145,0,0,0.000000
101,0.435781,43.630000,1.687348,0.000000,0.000000,0.642760,0.000000,0.642760,0.876240,1,16069,0,16069,25000,14728,15264,536,1341,1877,0.916547,0.964885,0,0,0.000000
102,0.391374,44.660000,1.624427,0.000000,0.000000,0.598160,0.000000,0.598160,0.875640,1,14954,0,14954,25000,13791,14440,649,1163,1812,0.922228,0.955055,0,0,0.000000
103,0.385170,47.720000,1.585816,0.000000,0.000000,0.640920,0.000000,0.640920,0.853200,1,16023,0,16023,25000,15004,15528,524,1019,1543,0.936404,0.966255,0,0,0.000000
104,0.329643,48.680000,1.540766,0.000000,0.000000,0.657720,0.000000,0.657720,0.891520,1,16443,0,16443,25000,15706,16260,554,737,1291,0.955178,0.965929,0,0,0.000000
105,0.388573,46.590000,1.548073,0.000000,0.000000,0.620000,0.000000,0.620000,0.879960,1,15500,0,15500,25000,14253,14704,451,1247,1698,0.919548,0.969328,0,0,0.000000
106,0.307247,49.150000,1.505083,0.000000,0.000000,0.621680,0.000040,0.621720,0.891200,1,15542,1,15543,25000,15095,15796,701,448,1149,0.971177,0.955622,1,0,1.000000
107,0.400717,50.440000,1.481117,0.000000,0.000000,0.603440,0.000000,0.603440,0.859280,1,15086,0,15086,25000,13758,14368,610,1328,1938,0.911971,0.957545,0,0,0.000000
108,0.416813,48.430000,1.509643,0.000000,0.000000,0.563240,0.000040,0.563280,0.856920,1,14081,1,14082,25000,12706,13344,638,1376,2014,0.902287,0.952188,1,0,1.000000
109,0.337230,50.250000,1.493549,0.000000,0.000000,0.580640,0.000000,0.580640,0.898720,1,14516,0,14516,25000,13498,14096,598,1018,1616,0.929870,0.957577,0,0,0.000000
110,0.335623,50.680000,1.461806,0.000000,0.000000,0.612120,0.000080,0.612200,0.869680,1,15303,2,15305,25000,14414,15212,798,891,1689,0.941784,0.947541,2,0,1.000000
111,0.321179,51.080000,1.445834,0.000000,0.000000,0.605480,0.000000,0.605480,0.905080,1,15137,0,15137,25000,14299,15184,885,838,1723,0.944639,0.941715,0,0,0.000000
112,0.341380,50.390000,1.441675,0.000000,0.000000,0.639360,0.000000,0.639360,0.888640,1,15984,0,15984,25000,14895,15516,621,1089,1710,0.931869,0.959977,0,0,0.000000
113,0.326830,50.620000,1.433031,0.000000,0.000000,0.601000,0.000040,0.601040,0.904760,1,15025,1,15026,25000,14133,14916,783,893,1676,0.940570,0.947506,1,0,1.000000
114,0.339496,51.540000,1.413868,0.000000,0.000000,0.626720,0.000160,0.626880,0.867600,1,15668,4,15672,25000,14771,15312,541,901,1442,0.942509,0.964668,4,0,1.000000
115,0.369178,50.420000,1.433087,0.000000,0.000000,0.581520,0.000240,0.581760,0.861960,1,14538,6,14544,25000,13410,14124,714,1134,1848,0.922030,0.949448,5,1,0.833333
116,0.358563,51.780000,1.412274,0.000000,0.000000,0.595560,0.000000,0.595560,0.878440,1,14889,0,14889,25000,13805,14576,771,1084,1855,0.927195,0.947105,0,0,0.000000
117,0.321313,51.300000,1.419472,0.000000,0.000000,0.603840,0.000000,0.603840,0.890600,1,15096,0,15096,25000,14166,14932,766,930,1696,0.938394,0.948701,0,0,0.000000
118,0.327454,52.520000,1.400056,0.000000,0.000000,0.570600,0.000040,0.570640,0.875160,1,14265,1,14266,25000,13380,14140,760,886,1646,0.937894,0.946252,1,0,1.000000
119,0.357113,51.630000,1.418689,0.000000,0.000000,0.585480,0.000000,0.585480,0.892000,1,14637,0,14637,25000,13625,14256,631,1012,1643,0.930860,0.955738,0,0,0.000000
120,0.297505,53.040000,1.382644,0.000000,0.000000,0.624560,0.000240,0.624800,0.899000,1,15614,6,15620,25000,14726,15468,742,894,1636,0.942766,0.952030,6,0,1.000000
121,0.308159,52.910000,1.380908,0.000000,0.000000,0.598120,0.000040,0.598160,0.895680,1,14953,1,14954,25000,14051,14892,841,903,1744,0.939615,0.943527,1,0,1.000000
122,0.298827,53.450000,1.374996,0.000000,0.000000,0.608080,0.000040,0.608120,0.885920,1,15202,1,15203,25000,14375,15312,937,828,1765,0.945537,0.938806,1,0,1.000000
123,0.352373,52.470000,1.377605,0.000000,0.000000,0.564520,0.000040,0.564560,0.873480,1,14113,1,14114,25000,12996,13636,640,1118,1758,0.920788,0.953065,1,0,1.000000
124,0.323783,52.880000,1.369504,0.000000,0.000000,0.612400,0.000040,0.612440,0.881680,1,15310,1,15311,25000,14436,15128,692,875,1567,0.942852,0.954257,1,0,1.000000
125,0.268188,53.030000,1.390206,0.000000,0.000000,0.601200,0.000040,0.601240,0.921040,1,15030,1,15031,25000,14438,15336,898,593,1491,0.960548,0.941445,1,0,1.000000
126,0.256480,52.810000,1.376440,0.000000,0.000000,0.630560,0.000040,0.630600,0.911880,1,15764,1,15765,25000,15137,16192,1055,628,1683,0.960165,0.934844,1,0,1.000000
127,0.291272,53.590000,1.359864,0.000000,0.000000,0.575320,0.000160,0.575480,0.882160,1,14383,4,14387,25000,13785,14480,695,602,1297,0.958157,0.952003,4,0,1.000000
128,0.294657,53.370000,1.357230,0.000000,0.000000,0.630520,0.000120,0.630640,0.892200,1,15763,3,15766,25000,15168,16160,992,598,1590,0.962070,0.938614,3,0,1.000000
129,0.307392,51.030000,1.376255,0.000000,0.000000,0.575800,0.000120,0.575920,0.895040,1,14395,3,14398,25000,13552,14500,948,846,1794,0.941242,0.934621,3,0,1.000000
130,0.291511,52.380000,1.360271,0.000000,0.000000,0.646560,0.000160,0.646720,0.864200,1,16164,4,16168,25000,15456,16184,728,712,1440,0.955962,0.955017,4,0,1.000000
131,0.219939,53.890000,1.332181,0.000000,0.000000,0.621200,0.000240,0.621440,0.917080,1,15530,6,15536,25000,15191,16316,1125,345,1470,0.977794,0.931049,6,0,1.000000
132,0.276255,52.860000,1.348628,0.000000,0.000000,0.602200,0.000120,0.602320,0.893800,1,15055,3,15058,25000,14286,15408,1122,772,1894,0.948732,0.927181,3,0,1.000000
133,0.307624,53.670000,1.343038,0.000000,0.000000,0.558800,0.000120,0.558920,0.894040,1,13970,3,13973,25000,12982,13824,842,991,1833,0.929078,0.939091,3,0,1.000000
134,0.282121,52.690000,1.357494,0.000000,0.000000,0.621200,0.000040,0.621240,0.899320,1,15530,1,15531,25000,14765,15888,1123,766,1889,0.950679,0.929318,1,0,1.000000
135,0.278721,52.210000,1.380194,0.000000,0.000000,0.592640,0.000000,0.592640,0.903600,1,14816,0,14816,25000,14129,15060,931,687,1618,0.953631,0.938181,0,0,0.000000
136,0.273758,53.580000,1.325703,0.000000,0.000000,0.629160,0.000080,0.629240,0.891320,1,15729,2,15731,25000,15074,15724,650,657,1307,0.958235,0.958662,2,0,1.000000
137,0.283048,53.750000,1.316506,0.000000,0.000000,0.585080,0.000120,0.585200,0.891600,1,14627,3,14630,25000,13930,14692,762,700,1462,0.952153,0.948135,3,0,1.000000
138,0.275190,54.180000,1.333340,0.000000,0.000000,0.595680,0.000320,0.596000,0.899760,1,14892,8,14900,25000,14162,15136,974,738,1712,0.950470,0.935650,8,0,1.000000
139,0.257414,55.260000,1.299660,0.000000,0.000000,0.609880,0.000200,0.610080,0.902280,1,15247,5,15252,25000,14662,15128,466,590,1056,0.961317,0.969196,5,0,1.000000
140,0.263229,55.630000,1.283783,0.000000,0.000000,0.584040,0.000200,0.584240,0.903240,1,14601,5,14606,25000,14023,14832,809,583,1392,0.960085,0.945456,5,0,1.000000
141,0.233826,54.090000,1.318988,0.000000,0.000000,0.619680,0.000040,0.619720,0.908440,1,15492,1,15493,25000,15069,16284,1215,424,1639,0.972633,0.925387,1,0,1.000000
142,0.285744,54.210000,1.300859,0.000000,0.000000,0.588600,0.000400,0.589000,0.900480,1,14715,10,14725,25000,13870,14652,782,855,1637,0.941935,0.946628,10,0,1.000000
143,0.219121,55.820000,1.286738,0.000000,0.000000,0.609400,0.000120,0.609520,0.911840,1,15235,3,15238,25000,14857,15872,1015,381,1396,0.974997,0.936051,3,0,1.000000
144,0.224189,54.470000,1.313537,0.000000,0.000000,0.604680,0.000080,0.604760,0.917120,1,15117,2,15119,25000,14585,15512,927,534,1461,0.964680,0.940240,2,0,1.000000
145,0.255592,54.840000,1.303054,0.000000,0.000000,0.618040,0.000160,0.618200,0.913360,1,15451,4,15455,25000,14715,15656,941,740,1681,0.952119,0.939895,4,0,1.000000
146,0.238984,53.850000,1.329124,0.000000,0.000000,0.614440,0.000520,0.614960,0.900720,1,15361,13,15374,25000,14793,15700,907,581,1488,0.962209,0.942229,13,0,1.000000
147,0.224453,53.220000,1.322678,0.000000,0.000000,0.586520,0.000320,0.586840,0.917960,1,14663,8,14671,25000,14289,14896,607,382,989,0.973962,0.959251,7,1,0.875000
148,0.281286,54.290000,1.303364,0.000000,0.000000,0.597120,0.000280,0.597400,0.895120,1,14928,7,14935,25000,14170,14904,734,765,1499,0.948778,0.950751,7,0,1.000000
149,0.286474,57.200000,1.250126,0.000000,0.000000,0.579760,0.000160,0.579920,0.880160,1,14494,4,14498,25000,13718,14560,842,780,1622,0.946199,0.942170,4,0,1.000000
150,0.268681,55.170000,1.292599,0.000000,0.000000,0.555000,0.000040,0.555040,0.893080,1,13875,1,13876,25000,13298,14140,842,578,1420,0.958345,0.940453,1,0,1.000000
151,0.290359,55.560000,1.268372,0.000000,0.000000,0.641640,0.000240,0.641880,0.898640,1,16041,6,16047,25000,15113,15876,763,934,1697,0.941796,0.951940,6,0,1.000000
152,0.286875,53.710000,1.316150,0.000000,0.000000,0.610440,0.000240,0.610680,0.904800,1,15261,6,15267,25000,14387,14888,501,880,1381,0.942359,0.966349,6,0,1.000000
153,0.227284,54.020000,1.305233,0.000000,0.000000,0.599360,0.000160,0.599520,0.920680,1,14984,4,14988,25000,14463,15352,889,525,1414,0.964972,0.942092,4,0,1.000000
154,0.259527,57.160000,1.248081,0.000000,0.000000,0.567960,0.000080,0.568040,0.910960,1,14199,2,14201,25000,13658,14324,666,543,1209,0.961763,0.953505,2,0,1.000000
155,0.260471,53.970000,1.307669,0.000000,0.000000,0.591360,0.000200,0.591560,0.901280,1,14784,5,14789,25000,14012,14832,820,777,1597,0.947461,0.944714,5,0,1.000000
156,0.236031,56.250000,1.255463,0.000000,0.000000,0.597960,0.000440,0.598400,0.909840,1,14949,11,14960,25000,14414,15128,714,546,1260,0.963503,0.952803,11,0,1.000000
157,0.303611,55.860000,1.260569,0.000000,0.000000,0.545280,0.000160,0.545440,0.887480,1,13632,4,13636,25000,12748,13596,848,888,1736,0.934878,0.937629,4,0,1.000000
158,0.254188,54.960000,1.288252,0.000000,0.000000,0.618160,0.000200,0.618360,0.924600,1,15454,5,15459,25000,14710,15632,922,749,1671,0.951549,0.941018,5,0,1.000000
159,0.233934,53.860000,1.301861,0.000000,0.000000,0.560200,0.000400,0.560600,0.923160,1,14005,10,14015,25000,13473,14344,871,542,1413,0.961327,0.939278,10,0,1.000000
160,0.218569,55.640000,1.284355,0.000000,0.000000,0.572440,0.000280,0.572720,0.924640,1,14311,7,14318,25000,13744,14848,1104,574,1678,0.959911,0.925647,7,0,1.000000
161,0.216738,56.460000,1.270404,0.000000,0.000000,0.594160,0.000160,0.594320,0.923880,1,14854,4,14858,25000,14310,15604,1294,548,1842,0.963118,0.917073,4,0,1.000000
162,0.199981,54.510000,1.284672,0.000000,0.000000,0.584760,0.000280,0.585040,0.908760,1,14619,7,14626,25000,14252,14924,672,374,1046,0.974429,0.954972,7,0,1.000000
163,0.296201,58.040000,1.214996,0.000000,0.000000,0.621240,0.000440,0.621680,0.892680,1,15531,11,15542,25000,14541,15304,763,1001,1764,0.935594,0.950144,11,0,1.000000
164,0.247009,54.390000,1.293465,0.000000,0.000000,0.604880,0.000080,0.604960,0.906360,1,15122,2,15124,25000,14413,15168,755,711,1466,0.952989,0.950224,2,0,1.000000
165,0.260940,56.630000,1.265440,0.000000,0.000000,0.591880,0.000200,0.592080,0.904800,1,14797,5,14802,25000,14018,14716,698,784,1482,0.947034,0.952569,5,0,1.000000
166,0.202976,55.650000,1.258765,0.000000,0.000000,0.609920,0.000520,0.610440,0.909360,1,15248,13,15261,25000,14915,15860,945,346,1291,0.977328,0.940416,13,0,1.000000
167,0.261996,56.740000,1.244387,0.000000,0.000000,0.617480,0.000240,0.617720,0.903040,1,15437,6,15443,25000,14720,15580,860,723,1583,0.953183,0.944801,6,0,1.000000
168,0.187282,54.510000,1.263306,0.000000,0.000000,0.612320,0.000080,0.612400,0.931200,1,15308,2,15310,25000,15010,15800,790,300,1090,0.980405,0.950000,2,0,1.000000
169,0.234324,55.490000,1.249446,0.000000,0.000000,0.621520,0.000280,0.621800,0.909160,1,15538,7,15545,25000,14867,15920,1053,678,1731,0.956385,0.933857,6,1,0.857143
170,0.220289,54.300000,1.284908,0.000000,0.000000,0.596760,0.000600,0.597360,0.907040,1,14919,15,14934,25000,14422,15156,734,512,1246,0.965716,0.951570,15,0,1.000000
171,0.272813,56.210000,1.255940,0.000000,0.000000,0.596880,0.000200,0.597080,0.901280,1,14922,5,14927,25000,14165,15296,1131,762,1893,0.948952,0.926059,5,0,1.000000
172,0.208138,58.190000,1.210566,0.000000,0.000000,0.603680,0.000280,0.603960,0.933840,1,15092,7,15099,25000,14611,15540,929,488,1417,0.967680,0.940219,7,0,1.000000
173,0.258333,55.680000,1.259739,0.000000,0.000000,0.642480,0.000320,0.642800,0.904240,1,16062,8,16070,25000,15335,16228,893,735,1628,0.954263,0.944972,8,0,1.000000
174,0.242917,57.090000,1.243634,0.000000,0.000000,0.590040,0.000440,0.590480,0.906080,1,14751,11,14762,25000,14166,14868,702,596,1298,0.959626,0.952785,11,0,1.000000
175,0.258049,57.350000,1.229329,0.000000,0.000000,0.619680,0.000160,0.619840,0.910040,1,15492,4,15496,25000,14959,15652,693,537,1230,0.965346,0.955725,4,0,1.000000
176,0.275370,57.210000,1.221194,0.000000,0.000000,0.616040,0.000600,0.616640,0.902480,1,15401,15,15416,25000,14809,15392,583,607,1190,0.960625,0.962123,15,0,1.000000
177,0.215972,54.580000,1.282319,0.000000,0.000000,0.598440,0.000120,0.598560,0.927320,1,14961,3,14964,25000,14434,15212,778,530,1308,0.964582,0.948856,2,1,0.666667
178,0.164450,55.970000,1.244044,0.000000,0.000000,0.626720,0.000360,0.627080,0.939000,1,15668,9,15677,25000,15409,16024,615,268,883,0.982905,0.961620,9,0,1.000000
179,0.232781,56.570000,1.243494,0.000000,0.000000,0.574680,0.000520,0.575200,0.917160,1,14367,13,14380,25000,13642,14640,998,738,1736,0.948679,0.931831,13,0,1.000000
180,0.184307,58.170000,1.210847,0.000000,0.000000,0.641040,0.000400,0.641440,0.937560,1,16026,10,16036,25000,15618,16656,1038,418,1456,0.973934,0.937680,10,0,1.000000
181,0.242465,55.550000,1.286748,0.000000,0.000000,0.586240,0.000480,0.586720,0.891480,1,14656,12,14668,25000,14063,14876,813,605,1418,0.958754,0.945348,12,0,1.000000
182,0.212374,57.290000,1.211674,0.000000,0.000000,0.579200,0.000440,0.579640,0.920040,1,14480,11,14491,25000,13982,14516,534,509,1043,0.964875,0.963213,10,1,0.909091
183,0.202888,58.430000,1.201646,0.000000,0.000000,0.600640,0.000280,0.600920,0.922640,1,15016,7,15023,25000,14561,15776,1215,462,1677,0.969247,0.922984,7,0,1.000000
184,0.234964,53.790000,1.272179,0.000000,0.000000,0.635760,0.000400,0.636160,0.910560,1,15894,10,15904,25000,15329,15952,623,575,1198,0.963846,0.960945,10,0,1.000000
185,0.212056,55.270000,1.266699,0.000000,0.000000,0.591000,0.000440,0.591440,0.912480,1,14775,11,14786,25000,14279,15168,889,507,1396,0.965711,0.941390,11,0,1.000000
186,0.230394,56.550000,1.230450,0.000000,0.000000,0.573240,0.000560,0.573800,0.904680,1,14331,14,14345,25000,13765,14528,763,580,1343,0.959568,0.947481,13,1,0.928571
187,0.264131,55.320000,1.285489,0.000000,0.000000,0.607920,0.000160,0.608080,0.902960,1,15198,4,15202,25000,14348,15008,660,854,1514,0.943823,0.956023,3,1,0.750000
188,0.209800,56.440000,1.234322,0.000000,0.000000,0.556240,0.000600,0.556840,0.919640,1,13906,15,13921,25000,13280,14416,1136,641,1777,0.953954,0.921199,15,0,1.000000
189,0.215475,53.530000,1.310975,0.000000,0.000000,0.585240,0.000320,0.585560,0.921840,1,14631,8,14639,25000,14105,15196,1091,534,1625,0.963522,0.928205,8,0,1.000000
190,0.215273,55.590000,1.281043,0.000000,0.000000,0.591360,0.000360,0.591720,0.912720,1,14784,9,14793,25000,14450,15500,1050,343,1393,0.976813,0.932258,8,1,0.888889
191,0.199453,57.170000,1.228719,0.000000,0.000000,0.612720,0.000720,0.613440,0.924920,1,15318,18,15336,25000,14850,15520,670,486,1156,0.968310,0.956830,18,0,1.000000
192,0.168902,56.560000,1.237198,0.000000,0.000000,0.647320,0.000560,0.647880,0.932240,1,16183,14,16197,25000,15933,16612,679,264,943,0.983701,0.959126,14,0,1.000000
193,0.238376,57.260000,1.203765,0.000000,0.000000,0.572080,0.000440,0.572520,0.914080,1,14302,11,14313,25000,13601,14676,1075,712,1787,0.950255,0.926751,11,0,1.000000
194,0.204345,54.380000,1.299421,0.000000,0.000000,0.571960,0.000360,0.572320,0.928240,1,14299,9,14308,25000,13789,14628,839,519,1358,0.963727,0.942644,9,0,1.000000
195,0.260476,57.730000,1.201557,0.000000,0.000000,0.564280,0.000440,0.564720,0.896560,1,14107,11,14118,25000,13536,14524,988,582,1570,0.958776,0.931975,11,0,1.000000
196,0.241048,54.910000,1.284947,0.000000,0.000000,0.589760,0.000320,0.590080,0.907160,1,14744,8,14752,25000,14150,14928,778,602,1380,0.959192,0.947883,8,0,1.000000
197,0.235762,59.720000,1.154354,0.000000,0.000000,0.534480,0.000480,0.534960,0.905040,1,13362,12,13374,25000,12646,13848,1202,728,1930,0.945566,0.913200,12,0,1.000000
198,0.216060,57.530000,1.212490,0.000000,0.000000,0.556560,0.000320,0.556880,0.921320,1,13914,8,13922,25000,13401,14348,947,521,1468,0.962577,0.933998,8,0,1.000000
199,0.225926,56.470000,1.224232,0.000000,0.000000,0.597640,0.000200,0.597840,0.926040,1,14941,5,14946,25000,14236,15028,792,710,1502,0.952496,0.947298,5,0,1.000000
200,0.195772,56.990000,1.216325,0.000000,0.000000,0.605400,0.000560,0.605960,0.925440,1,15135,14,15149,25000,14611,15468,857,538,1395,0.964486,0.944595,14,0,1.000000
201,0.237562,57.370000,1.208189,0.000000,0.000000,0.600880,0.000280,0.601160,0.902600,1,15022,7,15029,25000,14335,15384,1049,694,1743,0.953823,0.931812,7,0,1.000000
202,0.209118,58.310000,1.193262,0.000000,0.000000,0.604480,0.000640,0.605120,0.918480,1,15112,16,15128,25000,14582,15768,1186,546,1732,0.963908,0.924784,16,0,1.000000
203,0.242134,58.980000,1.172242,0.000000,0.000000,0.570200,0.000200,0.570400,0.892880,1,14255,5,14260,25000,13542,14580,1038,718,1756,0.949649,0.928807,5,0,1.000000
204,0.189885,56.410000,1.237439,0.000000,0.000000,0.578920,0.000200,0.579120,0.937920,1,14473,5,14478,25000,13976,14576,600,502,1102,0.965327,0.958836,5,0,1.000000
205,0.275141,58.480000,1.174403,0.000000,0.000000,0.564720,0.000560,0.565280,0.901000,1,14118,14,14132,25000,13128,13972,844,1004,1848,0.928956,0.939593,14,0,1.000000
206,0.200359,56.730000,1.230436,0.000000,0.000000,0.573000,0.000400,0.573400,0.926880,1,14325,10,14335,25000,13977,14864,887,358,1245,0.975026,0.940326,10,0,1.000000
207,0.272698,56.790000,1.203845,0.000000,0.000000,0.588040,0.000400,0.588440,0.899720,1,14701,10,14711,25000,13928,14564,636,783,1419,0.946775,0.956331,10,0,1.000000
208,0.198397,57.700000,1.195498,0.000000,0.000000,0.627520,0.000640,0.628160,0.918760,1,15688,16,15704,25000,15378,15888,510,326,836,0.979241,0.967900,15,1,0.937500
209,0.257544,56.520000,1.243226,0.000000,0.000000,0.614000,0.000360,0.614360,0.910960,1,15350,9,15359,25000,14349,15040,691,1010,1701,0.934241,0.954056,9,0,1.000000
210,0.244650,56.970000,1.226447,0.000000,0.000000,0.592400,0.000640,0.593040,0.888880,1,14810,16,14826,25000,14205,14892,687,621,1308,0.958114,0.953868,16,0,1.000000
211,0.205691,58.070000,1.196572,0.000000,0.000000,0.581640,0.000320,0.581960,0.937880,1,14541,8,14549,25000,14018,15032,1014,531,1545,0.963503,0.932544,8,0,1.000000
212,0.193784,55.140000,1.262419,0.000000,0.000000,0.560960,0.000160,0.561120,0.916400,1,14024,4,14028,25000,13677,14496,819,351,1170,0.974979,0.943502,4,0,1.000000
213,0.252481,57.560000,1.194366,0.000000,0.000000,0.616280,0.000440,0.616720,0.908760,1,15407,11,15418,25000,14461,15512,1051,957,2008,0.937930,0.932246,11,0,1.000000
214,0.244689,57.350000,1.223816,0.000000,0.000000,0.585880,0.000400,0.586280,0.919200,1,14647,10,14657,25000,13825,14716,891,832,1723,0.943235,0.939454,9,1,0.900000
215,0.223293,57.220000,1.194579,0.000000,0.000000,0.594360,0.000520,0.594880,0.923200,1,14859,13,14872,25000,14135,15384,1249,737,1986,0.950444,0.918812,13,0,1.000000
216,0.197297,58.260000,1.176309,0.000000,0.000000,0.560720,0.000440,0.561160,0.921840,1,14018,11,14029,25000,13507,14680,1173,522,1695,0.962791,0.920095,10,1,0.909091
217,0.195832,56.520000,1.244906,0.000000,0.000000,0.598480,0.000440,0.598920,0.924040,1,14962,11,14973,25000,14432,15176,744,541,1285,0.963868,0.950975,11,0,1.000000
218,0.227076,57.400000,1.207516,0.000000,0.000000,0.627840,0.000800,0.628640,0.912040,1,15696,20,15716,25000,15176,16036,860,540,1400,0.965640,0.946371,20,0,1.000000
219,0.209870,58.070000,1.183982,0.000000,0.000000,0.620760,0.000360,0.621120,0.920920,1,15519,9,15528,25000,15035,15604,569,493,1062,0.968251,0.963535,9,0,1.000000
220,0.210544,57.730000,1.202310,0.000000,0.000000,0.594240,0.000680,0.594920,0.928920,1,14856,17,14873,25000,14288,14996,708,585,1293,0.960667,0.952787,17,0,1.000000
221,0.232721,55.590000,1.224649,0.000000,0.000000,0.629840,0.000360,0.630200,0.916960,1,15746,9,15755,25000,15089,15896,807,666,1473,0.957728,0.949233,9,0,1.000000
222,0.186659,59.160000,1.157301,0.000000,0.000000,0.590320,0.000320,0.590640,0.940320,1,14758,8,14766,25000,14274,15276,1002,492,1494,0.966680,0.934407,8,0,1.000000
223,0.197184,56.980000,1.224596,0.000000,0.000000,0.612440,0.000720,0.613160,0.930760,1,15311,18,15329,25000,14787,15608,821,542,1363,0.964642,0.947399,18,0,1.000000
224,0.166082,57.880000,1.213908,0.000000,0.000000,0.608800,0.000480,0.609280,0.940360,1,15220,12,15232,25000,14953,15780,827,279,1106,0.981683,0.947592,12,0,1.000000
225,0.207348,57.210000,1.235979,0.000000,0.000000,0.622800,0.000320,0.623120,0.905120,1,15570,8,15578,25000,15071,16064,993,507,1500,0.967454,0.938185,8,0,1.000000
226,0.190006,57.330000,1.218768,0.000000,0.000000,0.638680,0.000480,0.639160,0.924880,1,15967,12,15979,25000,15491,16180,689,488,1177,0.969460,0.957417,12,0,1.000000
227,0.231661,58.930000,1.175174,0.000000,0.000000,0.651000,0.000560,0.651560,0.915560,1,16275,14,16289,25000,15425,16040,615,864,1479,0.946958,0.961658,14,0,1.000000
228,0.201472,56.490000,1.207461,0.000000,0.000000,0.620280,0.000720,0.621000,0.928840,1,15507,18,15525,25000,14918,15896,978,607,1585,0.960902,0.938475,18,0,1.000000
229,0.257231,57.140000,1.205674,0.000000,0.000000,0.601200,0.000320,0.601520,0.895400,1,15030,8,15038,25000,14131,14928,797,907,1704,0.939686,0.946610,7,1,0.875000
230,0.230483,56.670000,1.197465,0.000000,0.000000,0.618720,0.000200,0.618920,0.923440,1,15468,5,15473,25000,14591,15392,801,882,1683,0.942997,0.947960,5,0,1.000000
231,0.152497,58.230000,1.184066,0.000000,0.000000,0.612080,0.000520,0.612600,0.939120,1,15302,13,15315,25000,15033,15864,831,282,1113,0.981587,0.947617,13,0,1.000000
232,0.213437,57.990000,1.198082,0.000000,0.000000,0.579560,0.000600,0.580160,0.919160,1,14489,15,14504,25000,13807,14544,737,697,1434,0.951944,0.949326,14,1,0.933333
233,0.291703,57.580000,1.215399,0.000000,0.000000,0.609800,0.000680,0.610480,0.879560,1,15245,17,15262,25000,14204,14988,784,1058,1842,0.930677,0.947691,17,0,1.000000
234,0.251002,57.970000,1.178219,0.000000,0.000000,0.630080,0.000480,0.630560,0.901520,1,15752,12,15764,25000,14926,15728,802,838,1640,0.946841,0.949008,12,0,1.000000
235,0.230698,57.900000,1.200368,0.000000,0.000000,0.551840,0.000600,0.552440,0.920600,1,13796,15,13811,25000,13053,14032,979,758,1737,0.945116,0.930231,15,0,1.000000
236,0.224695,58.260000,1.198231,0.000000,0.000000,0.584000,0.000400,0.584400,0.915800,1,14600,10,14610,25000,13854,14960,1106,756,1862,0.948255,0.926070,10,0,1.000000
237,0.249340,56.040000,1.220294,0.000000,0.000000,0.549080,0.000400,0.549480,0.904800,1,13727,10,13737,25000,12958,13772,814,779,1593,0.943292,0.940895,10,0,1.000000
238,0.188215,57.540000,1.186969,0.000000,0.000000,0.575520,0.000240,0.575760,0.928480,1,14388,6,14394,25000,13883,14900,1017,511,1528,0.964499,0.931745,6,0,1.000000
239,0.229414,58.190000,1.196552,0.000000,0.000000,0.596720,0.000400,0.597120,0.911600,1,14918,10,14928,25000,14168,15128,960,760,1720,0.949089,0.936542,10,0,1.000000
240,0.190605,58.400000,1.163028,0.000000,0.000000,0.556200,0.000400,0.556600,0.920040,1,13905,10,13915,25000,13429,14932,1503,486,1989,0.965074,0.899344,10,0,1.000000
241,0.238948,57.630000,1.214062,0.000000,0.000000,0.550720,0.000200,0.550920,0.903920,1,13768,5,13773,25000,12985,13960,975,788,1763,0.942787,0.930158,5,0,1.000000
242,0.222621,58.800000,1.175119,0.000000,0.000000,0.614840,0.000520,0.615360,0.907600,1,15371,13,15384,25000,14653,15468,815,731,1546,0.952483,0.947311,13,0,1.000000
243,0.271068,57.120000,1.207920,0.000000,0.000000,0.558600,0.000280,0.558880,0.909160,1,13965,7,13972,25000,13026,13648,622,946,1568,0.932293,0.954426,6,1,0.857143
244,0.232503,58.400000,1.159320,0.000000,0.000000,0.618960,0.000320,0.619280,0.908600,1,15474,8,15482,25000,14693,15736,1043,789,1832,0.949038,0.933719,8,0,1.000000
245,0.183577,58.260000,1.172721,0.000000,0.000000,0.604720,0.000520,0.605240,0.931280,1,15118,13,15131,25000,14618,15856,1238,513,1751,0.966096,0.921922,13,0,1.000000
246,0.238934,59.140000,1.162416,0.000000,0.000000,0.573200,0.000680,0.573880,0.904640,1,14330,17,14347,25000,13560,14296,736,787,1523,0.945145,0.948517,16,1,0.941176
247,0.223459,59.700000,1.140925,0.000000,0.000000,0.617200,0.000240,0.617440,0.914240,1,15430,6,15436,25000,14705,15516,811,731,1542,0.952643,0.947731,6,0,1.000000
248,0.177183,57.900000,1.172023,0.000000,0.000000,0.620120,0.000520,0.620640,0.921720,1,15503,13,15516,25000,15204,15856,652,312,964,0.979892,0.958880,13,0,1.000000
249,0.164161,57.630000,1.187470,0.000000,0.000000,0.588760,0.001280,0.590040,0.936080,1,14719,32,14751,25000,14388,15220,832,363,1195,0.975391,0.945335,30,2,0.937500
250,0.197414,59.720000,1.143919,0.000000,0.000000,0.577400,0.001120,0.578520,0.923320,1,14435,28,14463,25000,13927,14796,869,536,1405,0.962940,0.941268,27,1,0.964286
251,0.220630,59.970000,1.139954,0.000000,0.000000,0.554640,0.000960,0.555600,0.926720,1,13866,24,13890,25000,13150,14264,1114,740,1854,0.946724,0.921901,23,1,0.958333
252,0.225859,58.990000,1.148287,0.000000,0.000000,0.590240,0.000320,0.590560,0.922920,1,14756,8,14764,25000,14045,14680,635,719,1354,0.951300,0.956744,8,0,1.000000
253,0.242808,60.140000,1.142397,0.000000,0.000000,0.629440,0.000120,0.629560,0.915720,1,15736,3,15739,25000,14742,15432,690,997,1687,0.936654,0.955288,3,0,1.000000
254,0.208915,57.810000,1.187499,0.000000,0.000000,0.582120,0.000600,0.582720,0.915680,1,14553,15,14568,25000,13993,14752,759,575,1334,0.960530,0.948549,13,2,0.866667
255,0.200719,59.530000,1.145442,0.000000,0.000000,0.598440,0.000320,0.598760,0.922600,1,14961,8,14969,25000,14444,14852,408,525,933,0.964928,0.972529,7,1,0.875000
256,0.282996,59.020000,1.165080,0.000000,0.000000,0.629760,0.000400,0.630160,0.869120,1,15744,10,15754,25000,14796,15580,784,958,1742,0.939190,0.949679,10,0,1.000000
257,0.220955,58.540000,1.170708,0.000000,0.000000,0.569320,0.000680,0.570000,0.903680,1,14233,17,14250,25000,13486,14276,790,764,1554,0.946386,0.944662,17,0,1.000000
258,0.207550,57.920000,1.190554,0.000000,0.000000,0.591400,0.000240,0.591640,0.926360,1,14785,6,14791,25000,14134,15100,966,657,1623,0.955581,0.936026,6,0,1.000000
259,0.168450,56.850000,1.230288,0.000000,0.000000,0.607360,0.000600,0.607960,0.934320,1,15184,15,15199,25000,14923,15664,741,276,1017,0.981841,0.952694,15,0,1.000000
260,0.187215,59.700000,1.142547,0.000000,0.000000,0.595680,0.000640,0.596320,0.931280,1,14892,16,14908,25000,14444,15240,796,464,1260,0.968876,0.947769,16,0,1.000000
261,0.231181,58.360000,1.169442,0.000000,0.000000,0.576560,0.000280,0.576840,0.897320,1,14414,7,14421,25000,13510,14228,718,911,1629,0.936828,0.949536,6,1,0.857143
262,0.227320,57.250000,1.205133,0.000000,0.000000,0.608640,0.000160,0.608800,0.903360,1,15216,4,15220,25000,14506,15128,622,714,1336,0.953088,0.958884,4,0,1.000000
263,0.223212,57.590000,1.188822,0.000000,0.000000,0.601480,0.000520,0.602000,0.918520,1,15037,13,15050,25000,14287,15336,1049,763,1812,0.949302,0.931599,13,0,1.000000
264,0.206468,59.080000,1.159299,0.000000,0.000000,0.572320,0.000600,0.572920,0.934400,1,14308,15,14323,25000,13867,14780,913,456,1369,0.968163,0.938227,15,0,1.000000
265,0.211509,57.450000,1.209224,0.000000,0.000000,0.568120,0.000440,0.568560,0.925840,1,14203,11,14214,25000,13476,14484,1008,738,1746,0.948079,0.930406,11,0,1.000000
266,0.195795,58.050000,1.182635,0.000000,0.000000,0.599440,0.000480,0.599920,0.925360,1,14986,12,14998,25000,14463,15128,665,535,1200,0.964329,0.956042,12,0,1.000000
267,0.190108,60.210000,1.124307,0.000000,0.000000,0.594520,0.000320,0.594840,0.906160,1,14863,8,14871,25000,14374,15508,1134,497,1631,0.966579,0.926876,7,1,0.875000
268,0.146668,58.030000,1.175610,0.000000,0.000000,0.625520,0.000600,0.626120,0.944440,1,15638,15,15653,25000,15370,15892,522,283,805,0.981920,0.967153,15,0,1.000000
269,0.179008,56.930000,1.190212,0.000000,0.000000,0.572440,0.000560,0.573000,0.930520,1,14311,14,14325,25000,13839,14628,789,486,1275,0.966073,0.946062,14,0,1.000000
270,0.176375,58.640000,1.156994,0.000000,0.000000,0.592200,0.000520,0.592720,0.930200,1,14805,13,14818,25000,14341,14996,655,477,1132,0.967809,0.956322,13,0,1.000000
271,0.155750,60.100000,1.128973,0.000000,0.000000,0.586440,0.000480,0.586920,0.941200,1,14661,12,14673,25000,14399,15212,813,274,1087,0.981326,0.946555,11,1,0.916667
272,0.168787,60.930000,1.109300,0.000000,0.000000,0.593000,0.000360,0.593360,0.942520,1,14825,9,14834,25000,14528,15340,812,306,1118,0.979372,0.947066,8,1,0.888889
273,0.176032,58.050000,1.166612,0.000000,0.000000,0.618160,0.000360,0.618520,0.918160,1,15454,9,15463,25000,15025,15848,823,438,1261,0.971674,0.948069,9,0,1.000000
274,0.220809,58.060000,1.193036,0.000000,0.000000,0.636400,0.000480,0.636880,0.919200,1,15910,12,15922,25000,15185,15928,743,737,1480,0.953712,0.953353,12,0,1.000000
275,0.177648,56.700000,1.224029,0.000000,0.000000,0.623000,0.000680,0.623680,0.927440,1,15575,17,15592,25000,15070,15984,914,522,1436,0.966521,0.942818,16,1,0.941176
276,0.179315,59.950000,1.134093,0.000000,0.000000,0.598600,0.000720,0.599320,0.927600,1,14965,18,14983,25000,14503,15864,1361,480,1841,0.967964,0.914208,18,0,1.000000
277,0.176143,58.620000,1.167573,0.000000,0.000000,0.590560,0.000680,0.591240,0.927800,1,14764,17,14781,25000,14325,14840,515,456,971,0.969150,0.965296,16,1,0.941176
278,0.219293,58.300000,1.159774,0.000000,0.000000,0.614960,0.000480,0.615440,0.923520,1,15374,12,15386,25000,14933,15720,787,453,1240,0.970558,0.949936,12,0,1.000000
279,0.149024,59.540000,1.138380,0.000000,0.000000,0.636880,0.000280,0.637160,0.950400,1,15922,7,15929,25000,15685,16228,543,244,787,0.984682,0.966539,7,0,1.000000
280,0.171880,59.850000,1.148810,0.000000,0.000000,0.581320,0.000160,0.581480,0.927280,1,14533,4,14537,25000,14118,14776,658,419,1077,0.971177,0.955468,4,0,1.000000
281,0.186647,60.650000,1.126384,0.000000,0.000000,0.563560,0.000560,0.564120,0.907160,1,14089,14,14103,25000,13661,14704,1043,442,1485,0.968659,0.929067,12,2,0.857143
282,0.252449,61.030000,1.115867,0.000000,0.000000,0.602200,0.000600,0.602800,0.912360,1,15055,15,15070,25000,14091,14640,549,979,1528,0.935036,0.962500,14,1,0.933333
283,0.210140,60.140000,1.141480,0.000000,0.000000,0.609160,0.000480,0.609640,0.916360,1,15229,12,15241,25000,14514,15568,1054,727,1781,0.952300,0.932297,12,0,1.000000
284,0.192156,59.290000,1.169502,0.000000,0.000000,0.595160,0.000600,0.595760,0.933120,1,14879,15,14894,25000,14374,15036,662,520,1182,0.965087,0.955972,15,0,1.000000
285,0.176796,59.960000,1.124331,0.000000,0.000000,0.588160,0.000360,0.588520,0.935640,1,14704,9,14713,25000,14207,14864,657,506,1163,0.965609,0.955799,9,0,1.000000
286,0.194809,59.110000,1.149955,0.000000,0.000000,0.584920,0.000480,0.585400,0.922560,1,14623,12,14635,25000,13930,14924,994,705,1699,0.951828,0.933396,12,0,1.000000
287,0.180907,59.320000,1.158744,0.000000,0.000000,0.572600,0.000320,0.572920,0.943400,1,14315,8,14323,25000,13768,14556,788,555,1343,0.961251,0.945864,8,0,1.000000
288,0.220122,61.450000,1.102065,0.000000,0.000000,0.568760,0.000720,0.569480,0.923160,1,14219,18,14237,25000,13307,14348,1041,930,1971,0.934677,0.927446,18,0,1.000000
289,0.207777,57.500000,1.197201,0.000000,0.000000,0.585360,0.000440,0.585800,0.924520,1,14634,11,14645,25000,13928,14848,920,717,1637,0.951041,0.938039,10,1,0.909091
290,0.159367,59.850000,1.141674,0.000000,0.000000,0.575280,0.000240,0.575520,0.944040,1,14382,6,14388,25000,13875,14960,1085,513,1598,0.964345,0.927473,6,0,1.000000
291,0.136956,59.790000,1.135560,0.000000,0.000000,0.617120,0.000640,0.617760,0.946120,1,15428,16,15444,25000,15213,15856,643,231,874,0.985043,0.959448,15,1,0.937500
292,0.231616,60.390000,1.120430,0.000000,0.000000,0.591120,0.000440,0.591560,0.912280,1,14778,11,14789,25000,14032,15056,1024,757,1781,0.948813,0.931987,11,0,1.000000
293,0.239386,58.980000,1.169204,0.000000,0.000000,0.580400,0.000480,0.580880,0.917440,1,14510,12,14522,25000,13612,14320,708,910,1618,0.937336,0.950559,12,0,1.000000
294,0.216950,59.050000,1.165641,0.000000,0.000000,0.563480,0.000520,0.564000,0.925760,1,14087,13,14100,25000,13350,14436,1086,750,1836,0.946809,0.924771,13,0,1.000000
295,0.137318,59.240000,1.156611,0.000000,0.000000,0.620960,0.000400,0.621360,0.943720,1,15524,10,15534,25000,15291,16016,725,243,968,0.984357,0.954733,9,1,0.900000
296,0.225147,59.410000,1.148367,0.000000,0.000000,0.586600,0.000320,0.586920,0.922480,1,14665,8,14673,25000,13877,14744,867,796,1663,0.945751,0.941196,8,0,1.000000
297,0.173674,60.380000,1.137006,0.000000,0.000000,0.612000,0.000360,0.612360,0.936040,1,15300,9,15309,25000,14850,15756,906,459,1365,0.970018,0.942498,9,0,1.000000
298,0.226532,59.410000,1.153578,0.000000,0.000000,0.582320,0.000440,0.582760,0.916040,1,14558,11,14569,25000,13824,14784,960,745,1705,0.948864,0.935065,11,0,1.000000
299,0.216803,59.860000,1.148642,0.000000,0.000000,0.614800,0.000720,0.615520,0.921120,1,15370,18,15388,25000,14446,15180,734,942,1676,0.938783,0.951647,18,0,1.000000
300,0.178538,60.070000,1.137943,0.000000,0.000000,0.600200,0.000560,0.600760,0.941680,1,15005,14,15019,25000,14348,15092,744,671,1415,0.955323,0.950702,14,0,1.000000
301,0.199805,59.280000,1.161595,0.000000,0.000000,0.594720,0.000280,0.595000,0.933520,1,14868,7,14875,25000,14106,15112,1006,769,1775,0.948303,0.933430,7,0,1.000000
302,0.171909,60.350000,1.132196,0.000000,0.000000,0.642520,0.000520,0.643040,0.936680,1,16063,13,16076,25000,15636,16212,576,440,1016,0.972630,0.964471,13,0,1.000000
303,0.176434,59.600000,1.157407,0.000000,0.000000,0.577840,0.000720,0.578560,0.936600,1,14446,18,14464,25000,14041,14928,887,423,1310,0.970755,0.940581,17,1,0.944444
304,0.145444,59.240000,1.154996,0.000000,0.000000,0.606120,0.000520,0.606640,0.941200,1,15153,13,15166,25000,14908,15692,784,258,1042,0.982988,0.950038,13,0,1.000000
305,0.190181,58.940000,1.162530,0.000000,0.000000,0.626840,0.000880,0.627720,0.931400,1,15671,22,15693,25000,15181,16064,883,512,1395,0.967374,0.945032,20,2,0.909091
306,0.137367,56.020000,1.219945,0.000000,0.000000,0.612640,0.000520,0.613160,0.938560,1,15316,13,15329,25000,15032,15912,880,297,1177,0.980625,0.944696,13,0,1.000000
307,0.214491,59.920000,1.140149,0.000000,0.000000,0.588440,0.000920,0.589360,0.920680,1,14711,23,14734,25000,14005,14604,599,729,1328,0.950523,0.958984,23,0,1.000000
308,0.225626,58.590000,1.170971,0.000000,0.000000,0.623880,0.000640,0.624520,0.924400,1,15597,16,15613,25000,14740,15436,696,873,1569,0.944085,0.954911,16,0,1.000000
309,0.192372,59.600000,1.145521,0.000000,0.000000,0.596920,0.000640,0.597560,0.933000,1,14923,16,14939,25000,14229,15120,891,710,1601,0.952473,0.941071,16,0,1.000000
310,0.193193,60.010000,1.132297,0.000000,0.000000,0.606120,0.000240,0.606360,0.928280,1,15153,6,15159,25000,14644,15468,824,515,1339,0.966027,0.946729,6,0,1.000000
311,0.212762,60.330000,1.122421,0.000000,0.000000,0.609080,0.000560,0.609640,0.926240,1,15227,14,15241,25000,14497,15000,503,744,1247,0.951184,0.966467,14,0,1.000000
312,0.159556,59.460000,1.158214,0.000000,0.000000,0.625760,0.000400,0.626160,0.937360,1,15644,10,15654,25000,15170,15752,582,484,1066,0.969081,0.963052,10,0,1.000000
313,0.214967,60.340000,1.130820,0.000000,0.000000,0.555920,0.000640,0.556560,0.909440,1,13898,16,13914,25000,13087,13912,825,827,1652,0.940563,0.940699,15,1,0.937500
314,0.209961,58.800000,1.167049,0.000000,0.000000,0.620520,0.000400,0.620920,0.925880,1,15513,10,15523,25000,14858,15572,714,665,1379,0.957160,0.954148,10,0,1.000000
315,0.131528,60.300000,1.141909,0.000000,0.000000,0.601680,0.000280,0.601960,0.956520,1,15042,7,15049,25000,14840,15608,768,209,977,0.986112,0.950794,7,0,1.000000
316,0.219506,60.040000,1.138838,0.000000,0.000000,0.595040,0.001040,0.596080,0.919920,1,14876,26,14902,25000,14107,14680,573,795,1368,0.946651,0.960967,26,0,1.000000
317,0.184651,59.260000,1.175228,0.000000,0.000000,0.623280,0.000200,0.623480,0.941440,1,15582,5,15587,25000,14912,15432,520,675,1195,0.956695,0.966304,4,1,0.800000
318,0.194555,59.480000,1.155958,0.000000,0.000000,0.596240,0.000400,0.596640,0.933160,1,14906,10,14916,25000,14194,14704,510,722,1232,0.951596,0.965316,10,0,1.000000
319,0.191535,58.840000,1.143511,0.000000,0.000000,0.611840,0.000360,0.612200,0.926600,1,15296,9,15305,25000,14863,15852,989,442,1431,0.971121,0.937610,8,1,0.888889
320,0.174140,60.490000,1.132199,0.000000,0.000000,0.601000,0.000520,0.601520,0.915840,1,15025,13,15038,25000,14703,15152,449,335,784,0.977723,0.970367,11,2,0.846154
321,0.177262,60.560000,1.124336,0.000000,0.000000,0.561120,0.000480,0.561600,0.934200,1,14028,12,14040,25000,13508,14640,1132,532,1664,0.962108,0.922678,12,0,1.000000
322,0.175637,59.860000,1.122733,0.000000,0.000000,0.581520,0.000560,0.582080,0.932840,1,14538,14,14552,25000,14020,15020,1000,532,1532,0.963441,0.933422,14,0,1.000000
323,0.202715,58.960000,1.167322,0.000000,0.000000,0.573280,0.000360,0.573640,0.924680,1,14332,9,14341,25000,13696,14080,384,645,1029,0.955024,0.972727,9,0,1.000000
324,0.229533,59.610000,1.159798,0.000000,0.000000,0.623200,0.000200,0.623400,0.901800,1,15580,5,15585,25000,14671,15248,577,914,1491,0.941354,0.962159,5,0,1.000000
325,0.184317,57.840000,1.184253,0.000000,0.000000,0.578760,0.000480,0.579240,0.919840,1,14469,12,14481,25000,13994,14892,898,487,1385,0.966370,0.939699,12,0,1.000000
326,0.189324,60.490000,1.113556,0.000000,0.000000,0.614480,0.000640,0.615120,0.919200,1,15362,16,15378,25000,14855,15740,885,523,1408,0.965990,0.943774,16,0,1.000000
327,0.203081,59.410000,1.157093,0.000000,0.000000,0.617840,0.000480,0.618320,0.925640,1,15446,12,15458,25000,14755,15344,589,703,1292,0.954522,0.961614,12,0,1.000000
328,0.200858,58.880000,1.160672,0.000000,0.000000,0.607160,0.000520,0.607680,0.922280,1,15179,13,15192,25000,14507,14804,297,685,982,0.954910,0.979938,12,1,0.923077
329,0.159885,61.960000,1.094329,0.000000,0.000000,0.566280,0.000360,0.566640,0.941200,1,14157,9,14166,25000,13685,14468,783,481,1264,0.966045,0.945881,8,1,0.888889
330,0.118921,61.420000,1.114656,0.000000,0.000000,0.611480,0.000480,0.611960,0.949520,1,15287,12,15299,25000,15033,16076,1043,266,1309,0.982613,0.935121,12,0,1.000000
331,0.228067,60.920000,1.122035,0.000000,0.000000,0.570320,0.000480,0.570800,0.915880,1,14258,12,14270,25000,13340,14144,804,930,1734,0.934828,0.943156,12,0,1.000000
332,0.191088,60.310000,1.129150,0.000000,0.000000,0.578280,0.000560,0.578840,0.936200,1,14457,14,14471,25000,13862,14624,762,609,1371,0.957916,0.947894,12,2,0.857143
333,0.207422,58.830000,1.157451,0.000000,0.000000,0.599200,0.000320,0.599520,0.916720,1,14980,8,14988,25000,14292,15020,728,696,1424,0.953563,0.951531,8,0,1.000000
334,0.166945,59.200000,1.177429,0.000000,0.000000,0.611760,0.000400,0.612160,0.938920,1,15294,10,15304,25000,14670,15304,634,634,1268,0.958573,0.958573,10,0,1.000000
335,0.209176,58.600000,1.171117,0.000000,0.000000,0.604200,0.000360,0.604560,0.922480,1,15105,9,15114,25000,14370,15056,686,744,1430,0.950774,0.954437,9,0,1.000000
336,0.226347,60.120000,1.132818,0.000000,0.000000,0.576440,0.000280,0.576720,0.923680,1,14411,7,14418,25000,13596,14224,628,822,1450,0.942988,0.955849,6,1,0.857143
337,0.211414,59.570000,1.155156,0.000000,0.000000,0.615080,0.000320,0.615400,0.908800,1,15377,8,15385,25000,14603,15520,917,782,1699,0.949171,0.940915,8,0,1.000000
338,0.226990,60.440000,1.127089,0.000000,0.000000,0.586520,0.000520,0.587040,0.917680,1,14663,13,14676,25000,13928,14552,624,748,1372,0.949032,0.957119,13,0,1.000000
339,0.214853,59.750000,1.141935,0.000000,0.000000,0.603560,0.000760,0.604320,0.919480,1,15089,19,15108,25000,14380,15064,684,728,1412,0.951814,0.954594,19,0,1.000000
340,0.237648,59.300000,1.154922,0.000000,0.000000,0.577040,0.000640,0.577680,0.912280,1,14426,16,14442,25000,13465,14108,643,977,1620,0.932350,0.954423,16,0,1.000000
341,0.200648,60.840000,1.121598,0.000000,0.000000,0.610080,0.000200,0.610280,0.924560,1,15252,5,15257,25000,14517,15060,543,740,1283,0.951498,0.963944,5,0,1.000000
342,0.181429,60.180000,1.133771,0.000000,0.000000,0.589400,0.000240,0.589640,0.933000,1,14735,6,14741,25000,14192,14768,576,549,1125,0.962757,0.960997,6,0,1.000000
343,0.136767,58.600000,1.205621,0.000000,0.000000,0.617120,0.000280,0.617400,0.961840,1,15428,7,15435,25000,14982,15736,754,453,1207,0.970651,0.952084,7,0,1.000000
344,0.178964,61.020000,1.106831,0.000000,0.000000,0.587160,0.000400,0.587560,0.938560,1,14679,10,14689,25000,14140,14680,540,549,1089,0.962625,0.963215,10,0,1.000000
345,0.175412,59.590000,1.160230,0.000000,0.000000,0.640600,0.000600,0.641200,0.942960,1,16015,15,16030,25000,15377,16068,691,653,1344,0.959264,0.956995,14,1,0.933333
346,0.250642,59.260000,1.160236,0.000000,0.000000,0.630880,0.000440,0.631320,0.894040,1,15772,11,15783,25000,14805,15392,587,978,1565,0.938035,0.961863,10,1,0.909091
347,0.186953,60.330000,1.143034,0.000000,0.000000,0.620520,0.000360,0.620880,0.932480,1,15513,9,15522,25000,14971,15772,801,551,1352,0.964502,0.949214,9,0,1.000000
348,0.193765,60.450000,1.132550,0.000000,0.000000,0.574160,0.000360,0.574520,0.931080,1,14354,9,14363,25000,13769,14680,911,594,1505,0.958644,0.937943,8,1,0.888889
349,0.146883,60.120000,1.153231,0.000000,0.000000,0.598200,0.000880,0.599080,0.940240,1,14955,22,14977,25000,14597,15256,659,380,1039,0.974628,0.956804,21,1,0.954545
350,0.233053,58.600000,1.161749,0.000000,0.000000,0.594440,0.000440,0.594880,0.925080,1,14861,11,14872,25000,14084,14740,656,788,1444,0.947015,0.955495,11,0,1.000000
351,0.192296,60.800000,1.129372,0.000000,0.000000,0.591560,0.000400,0.591960,0.932080,1,14789,10,14799,25000,14007,14764,757,792,1549,0.946483,0.948727,10,0,1.000000
352,0.227291,57.840000,1.212369,0.000000,0.000000,0.616320,0.000440,0.616760,0.912440,1,15408,11,15419,25000,14625,15348,723,794,1517,0.948505,0.952893,11,0,1.000000
353,0.243141,60.420000,1.133768,0.000000,0.000000,0.635840,0.000320,0.636160,0.909560,1,15896,8,15904,25000,14967,15820,853,937,1790,0.941084,0.946081,8,0,1.000000
354,0.157943,59.710000,1.145454,0.000000,0.000000,0.556040,0.000600,0.556640,0.944040,1,13901,15,13916,25000,13393,14080,687,523,1210,0.962417,0.951207,15,0,1.000000
355,0.190323,60.040000,1.128386,0.000000,0.000000,0.617320,0.000240,0.617560,0.936200,1,15433,6,15439,25000,14719,15520,801,720,1521,0.953365,0.948389,6,0,1.000000
356,0.187351,60.310000,1.125565,0.000000,0.000000,0.626640,0.000360,0.627000,0.930840,1,15666,9,15675,25000,15135,15788,653,540,1193,0.965550,0.958639,9,0,1.000000
357,0.181073,59.160000,1.171586,0.000000,0.000000,0.616000,0.000360,0.616360,0.932560,1,15400,9,15409,25000,14702,15496,794,707,1501,0.954118,0.948761,9,0,1.000000
358,0.180243,60.030000,1.142811,0.000000,0.000000,0.626440,0.000760,0.627200,0.918960,1,15661,19,15680,25000,15118,15888,770,562,1332,0.964158,0.951536,19,0,1.000000
359,0.185196,60.250000,1.146878,0.000000,0.000000,0.595560,0.000480,0.596040,0.937520,1,14889,12,14901,25000,14347,14780,433,554,987,0.962821,0.970704,12,0,1.000000
360,0.202753,58.330000,1.175454,0.000000,0.000000,0.570320,0.000400,0.570720,0.918400,1,14258,10,14268,25000,13686,14344,658,582,1240,0.959209,0.954127,10,0,1.000000
361,0.224862,59.930000,1.139472,0.000000,0.000000,0.580920,0.001120,0.582040,0.922520,1,14523,28,14551,25000,13513,14712,1199,1038,2237,0.928665,0.918502,27,1,0.964286
362,0.144730,59.930000,1.151217,0.000000,0.000000,0.619920,0.000320,0.620240,0.943840,1,15498,8,15506,25000,15089,15836,747,417,1164,0.973107,0.952829,8,0,1.000000
363,0.178281,60.940000,1.116267,0.000000,0.000000,0.581960,0.000640,0.582600,0.927120,1,14549,16,14565,25000,13992,14568,576,573,1149,0.960659,0.960461,16,0,1.000000
364,0.192385,59.960000,1.146429,0.000000,0.000000,0.607600,0.000720,0.608320,0.908200,1,15190,18,15208,25000,14714,15492,778,494,1272,0.967517,0.949781,18,0,1.000000
365,0.252181,61.000000,1.125814,0.000000,0.000000,0.549600,0.001440,0.551040,0.903560,1,13740,36,13776,25000,12794,13268,474,982,1456,0.928717,0.964275,36,0,1.000000
366,0.230849,59.150000,1.163134,0.000000,0.000000,0.620840,0.000400,0.621240,0.902440,1,15521,10,15531,25000,14567,14980,413,964,1377,0.937931,0.972430,10,0,1.000000
367,0.208746,58.610000,1.165693,0.000000,0.000000,0.630560,0.000200,0.630760,0.918120,1,15764,5,15769,25000,15022,15776,754,747,1501,0.952629,0.952206,5,0,1.000000
368,0.204096,61.190000,1.112597,0.000000,0.000000,0.622680,0.000360,0.623040,0.919680,1,15567,9,15576,25000,14887,15484,597,689,1286,0.955765,0.961444,9,0,1.000000
369,0.202504,59.290000,1.170465,0.000000,0.000000,0.615080,0.000560,0.615640,0.921960,1,15377,14,15391,25000,14695,15332,637,696,1333,0.954779,0.958453,14,0,1.000000
370,0.154365,58.980000,1.165359,0.000000,0.000000,0.599000,0.000480,0.599480,0.940600,1,14975,12,14987,25000,14544,15200,656,443,1099,0.970441,0.956842,12,0,1.000000
371,0.127000,61.010000,1.118325,0.000000,0.000000,0.606840,0.000360,0.607200,0.951360,1,15171,9,15180,25000,14925,15684,759,255,1014,0.983202,0.951607,8,1,0.888889
372,0.183915,60.790000,1.121164,0.000000,0.000000,0.572640,0.000480,0.573120,0.926680,1,14316,12,14328,25000,13559,14480,921,769,1690,0.946329,0.936395,11,1,0.916667
373,0.180676,60.800000,1.130631,0.000000,0.000000,0.588640,0.000400,0.589040,0.927000,1,14716,10,14726,25000,14183,15148,965,543,1508,0.963126,0.936295,10,0,1.000000
374,0.190919,58.590000,1.155685,0.000000,0.000000,0.595000,0.000680,0.595680,0.924160,1,14875,17,14892,25000,14170,15288,1118,722,1840,0.951518,0.926871,16,1,0.941176
375,0.133285,57.550000,1.210216,0.000000,0.000000,0.646200,0.000360,0.646560,0.948720,1,16155,9,16164,25000,15774,16712,938,390,1328,0.975872,0.943873,9,0,1.000000
376,0.180840,57.690000,1.217230,0.000000,0.000000,0.600480,0.000520,0.601000,0.937200,1,15012,13,15025,25000,14514,15536,1022,511,1533,0.965990,0.934217,13,0,1.000000
377,0.158646,59.050000,1.156554,0.000000,0.000000,0.630920,0.001280,0.632200,0.928440,1,15773,32,15805,25000,15317,15884,567,488,1055,0.969124,0.964304,32,0,1.000000
378,0.201136,60.590000,1.142498,0.000000,0.000000,0.605920,0.000640,0.606560,0.933680,1,15148,16,15164,25000,14408,15412,1004,756,1760,0.950145,0.934856,16,0,1.000000
379,0.173709,59.040000,1.167015,0.000000,0.000000,0.600400,0.000800,0.601200,0.948800,1,15010,20,15030,25000,14330,15180,850,700,1550,0.953426,0.944005,20,0,1.000000
380,0.157936,60.500000,1.126989,0.000000,0.000000,0.560920,0.000440,0.561360,0.936840,1,14023,11,14034,25000,13557,14352,795,477,1272,0.966011,0.944607,11,0,1.000000
381,0.219330,59.910000,1.159192,0.000000,0.000000,0.606640,0.000440,0.607080,0.913520,1,15166,11,15177,25000,14447,15196,749,730,1479,0.951901,0.950711,11,0,1.000000
382,0.222235,59.060000,1.181503,0.000000,0.000000,0.596520,0.000640,0.597160,0.923000,1,14913,16,14929,25000,14137,15012,875,792,1667,0.946949,0.941713,16,0,1.000000
383,0.227086,61.400000,1.115876,0.000000,0.000000,0.589400,0.000440,0.589840,0.917440,1,14735,11,14746,25000,13757,14484,727,989,1716,0.932931,0.949807,11,0,1.000000
384,0.243895,59.290000,1.166991,0.000000,0.000000,0.572800,0.000400,0.573200,0.921440,1,14320,10,14330,25000,13425,13992,567,905,1472,0.936846,0.959477,10,0,1.000000
385,0.172900,60.350000,1.136626,0.000000,0.000000,0.567360,0.000560,0.567920,0.929920,1,14184,14,14198,25000,13719,14372,653,479,1132,0.966263,0.954564,14,0,1.000000
386,0.146179,59.830000,1.147167,0.000000,0.000000,0.583120,0.000680,0.583800,0.947440,1,14578,17,14595,25000,14122,15120,998,473,1471,0.967592,0.933995,17,0,1.000000
387,0.165740,60.980000,1.124192,0.000000,0.000000,0.596520,0.000200,0.596720,0.935560,1,14913,5,14918,25000,14259,15236,977,659,1636,0.955825,0.935876,5,0,1.000000
388,0.155065,58.860000,1.191206,0.000000,0.000000,0.631760,0.000720,0.632480,0.948520,1,15794,18,15812,25000,15252,16060,808,560,1368,0.964584,0.949689,17,1,0.944444
389,0.160659,60.480000,1.131704,0.000000,0.000000,0.577960,0.000560,0.578520,0.925160,1,14449,14,14463,25000,13934,14832,898,529,1427,0.963424,0.939455,14,0,1.000000
390,0.161319,60.150000,1.146925,0.000000,0.000000,0.601560,0.000520,0.602080,0.937320,1,15039,13,15052,25000,14506,15304,798,546,1344,0.963726,0.947857,13,0,1.000000
391,0.241695,61.350000,1.127624,0.000000,0.000000,0.601280,0.000440,0.601720,0.915160,1,15032,11,15043,25000,14111,15068,957,932,1889,0.938044,0.936488,11,0,1.000000
392,0.236444,60.600000,1.119294,0.000000,0.000000,0.619400,0.000640,0.620040,0.902760,1,15485,16,15501,25000,14557,15476,919,944,1863,0.939101,0.940618,16,0,1.000000
393,0.209133,61.930000,1.086350,0.000000,0.000000,0.556200,0.000720,0.556920,0.918160,1,13905,18,13923,25000,13416,14188,772,507,1279,0.963585,0.945588,17,1,0.944444
394,0.187330,61.740000,1.107959,0.000000,0.000000,0.609240,0.000240,0.609480,0.936600,1,15231,6,15237,25000,14776,15628,852,461,1313,0.969745,0.945482,6,0,1.000000
395,0.192349,60.370000,1.127332,0.000000,0.000000,0.588720,0.000640,0.589360,0.918400,1,14718,16,14734,25000,13991,14768,777,743,1520,0.949572,0.947386,16,0,1.000000
396,0.173973,59.730000,1.152913,0.000000,0.000000,0.593280,0.000920,0.594200,0.930800,1,14832,23,14855,25000,14302,15152,850,553,1403,0.962773,0.943902,23,0,1.000000
397,0.198793,58.840000,1.162257,0.000000,0.000000,0.561960,0.000360,0.562320,0.932960,1,14049,9,14058,25000,13314,14240,926,744,1670,0.947076,0.934972,9,0,1.000000
398,0.174947,58.870000,1.175611,0.000000,0.000000,0.566880,0.000640,0.567520,0.927000,1,14172,16,14188,25000,13743,14560,817,445,1262,0.968635,0.943887,16,0,1.000000
399,0.194067,61.610000,1.096480,0.000000,0.000000,0.603960,0.000400,0.604360,0.932960,1,15099,10,15109,25000,14337,14936,599,772,1371,0.948905,0.959896,10,0,1.000000
400,0.226695,58.640000,1.177982,0.000000,0.000000,0.616920,0.000360,0.617280,0.924440,1,15423,9,15432,25000,14481,15244,763,951,1714,0.938375,0.949948,9,0,1.000000
401,0.183285,60.180000,1.125927,0.000000,0.000000,0.597640,0.000720,0.598360,0.937320,1,14941,18,14959,25000,14218,14996,778,741,1519,0.950465,0.948119,17,1,0.944444
402,0.193732,59.350000,1.166416,0.000000,0.000000,0.583400,0.000520,0.583920,0.917640,1,14585,13,14598,25000,13849,14580,731,749,1480,0.948692,0.949863,13,0,1.000000
403,0.208301,60.200000,1.139703,0.000000,0.000000,0.600960,0.000400,0.601360,0.927440,1,15024,10,15034,25000,14086,14668,582,948,1530,0.936943,0.960322,10,0,1.000000
404,0.165406,60.510000,1.143941,0.000000,0.000000,0.600720,0.000760,0.601480,0.942880,1,15018,19,15037,25000,14506,15352,846,531,1377,0.964687,0.944893,19,0,1.000000
405,0.210401,59.690000,1.155009,0.000000,0.000000,0.596280,0.000640,0.596920,0.922160,1,14907,16,14923,25000,14062,14748,686,861,1547,0.942304,0.953485,15,1,0.937500
406,0.190609,60.970000,1.134865,0.000000,0.000000,0.606840,0.000840,0.607680,0.923000,1,15171,21,15192,25000,14434,14964,530,758,1288,0.950105,0.964582,21,0,1.000000
407,0.172146,59.840000,1.172532,0.000000,0.000000,0.623400,0.000760,0.624160,0.933240,1,15585,19,15604,25000,14946,15336,390,658,1048,0.957831,0.974570,19,0,1.000000
408,0.164620,59.620000,1.132350,0.000000,0.000000,0.558120,0.000440,0.558560,0.942640,1,13953,11,13964,25000,13445,14272,827,519,1346,0.962833,0.942054,11,0,1.000000
409,0.180606,60.110000,1.143179,0.000000,0.000000,0.616920,0.000400,0.617320,0.931520,1,15423,10,15433,25000,14711,15440,729,722,1451,0.953217,0.952785,10,0,1.000000
410,0.224110,59.780000,1.160127,0.000000,0.000000,0.615040,0.000600,0.615640,0.892640,1,15376,15,15391,25000,14621,15420,799,770,1569,0.949971,0.948184,15,0,1.000000
411,0.185443,58.710000,1.179104,0.000000,0.000000,0.571960,0.000520,0.572480,0.919560,1,14299,13,14312,25000,13737,14088,351,575,926,0.959824,0.975085,13,0,1.000000
412,0.170171,58.730000,1.181124,0.000000,0.000000,0.615920,0.000680,0.616600,0.932120,1,15398,17,15415,25000,14908,15624,716,507,1223,0.967110,0.954173,17,0,1.000000
413,0.162411,60.020000,1.156440,0.000000,0.000000,0.587400,0.000440,0.587840,0.940600,1,14685,11,14696,25000,14184,14812,628,512,1140,0.965161,0.957602,11,0,1.000000
414,0.158180,59.450000,1.159788,0.000000,0.000000,0.619080,0.000960,0.620040,0.946800,1,15477,24,15501,25000,14996,15612,616,505,1121,0.967421,0.960543,23,1,0.958333
415,0.145700,60.680000,1.135275,0.000000,0.000000,0.624160,0.000640,0.624800,0.942800,1,15604,16,15620,25000,15132,16024,892,488,1380,0.968758,0.944333,16,0,1.000000
416,0.192367,60.930000,1.137188,0.000000,0.000000,0.601520,0.000360,0.601880,0.915560,1,15038,9,15047,25000,14279,14860,581,768,1349,0.948960,0.960902,9,0,1.000000
417,0.173117,61.200000,1.130995,0.000000,0.000000,0.624200,0.000440,0.624640,0.934480,1,15605,11,15616,25000,14966,15360,394,650,1044,0.958376,0.974349,11,0,1.000000
418,0.179699,60.410000,1.143156,0.000000,0.000000,0.552160,0.000920,0.553080,0.918040,1,13804,23,13827,25000,13211,14152,941,616,1557,0.955449,0.933508,23,0,1.000000
419,0.162542,61.200000,1.122460,0.000000,0.000000,0.613760,0.000680,0.614440,0.929320,1,15344,17,15361,25000,14850,15404,554,511,1065,0.966734,0.964035,17,0,1.000000
420,0.151187,60.880000,1.125205,0.000000,0.000000,0.603960,0.000400,0.604360,0.939440,1,15099,10,15109,25000,14602,15440,838,507,1345,0.966444,0.945725,10,0,1.000000
421,0.149379,61.980000,1.099324,0.000000,0.000000,0.589240,0.000400,0.589640,0.943400,1,14731,10,14741,25000,14277,15172,895,464,1359,0.968523,0.941010,10,0,1.000000
422,0.221216,61.630000,1.112872,0.000000,0.000000,0.558600,0.000600,0.559200,0.913080,1,13965,15,13980,25000,13198,13908,710,782,1492,0.944063,0.948950,15,0,1.000000
423,0.188905,57.140000,1.253830,0.000000,0.000000,0.602160,0.000560,0.602720,0.922920,1,15054,14,15068,25000,14322,14720,398,746,1144,0.950491,0.972962,14,0,1.000000
424,0.180558,60.490000,1.155428,0.000000,0.000000,0.650720,0.001080,0.651800,0.941800,1,16268,27,16295,25000,15700,16100,400,595,995,0.963486,0.975155,26,1,0.962963
425,0.183763,61.120000,1.107648,0.000000,0.000000,0.571760,0.000880,0.572640,0.930720,1,14294,22,14316,25000,13590,14228,638,726,1364,0.949288,0.955159,22,0,1.000000
426,0.190630,59.690000,1.151240,0.000000,0.000000,0.572600,0.001520,0.574120,0.915480,1,14315,38,14353,25000,13703,14428,725,650,1375,0.954713,0.949750,38,0,1.000000
427,0.184913,59.680000,1.160814,0.000000,0.000000,0.621720,0.001120,0.622840,0.931360,1,15543,28,15571,25000,14942,15364,422,629,1051,0.959604,0.972533,26,2,0.928571
428,0.220670,61.470000,1.101831,0.000000,0.000000,0.579680,0.000480,0.580160,0.923480,1,14492,12,14504,25000,13468,14128,660,1036,1696,0.928571,0.953284,10,2,0.833333
429,0.173521,59.530000,1.178899,0.000000,0.000000,0.625920,0.000840,0.626760,0.923920,1,15648,21,15669,25000,15129,15572,443,540,983,0.965537,0.971552,21,0,1.000000
430,0.180672,60.800000,1.144023,0.000000,0.000000,0.616120,0.000840,0.616960,0.937160,1,15403,21,15424,25000,14633,15256,623,791,1414,0.948716,0.959164,21,0,1.000000
431,0.187651,60.450000,1.149681,0.000000,0.000000,0.595880,0.000320,0.596200,0.935840,1,14897,8,14905,25000,14212,14668,456,693,1149,0.953506,0.968912,8,0,1.000000
432,0.169851,61.800000,1.093259,0.000000,0.000000,0.593440,0.000760,0.594200,0.937600,1,14836,19,14855,25000,14178,14972,794,677,1471,0.954426,0.946968,19,0,1.000000
433,0.207816,57.810000,1.189764,0.000000,0.000000,0.584480,0.000680,0.585160,0.922880,1,14612,17,14629,25000,13893,14584,691,736,1427,0.949689,0.952619,17,0,1.000000
434,0.202781,60.920000,1.126796,0.000000,0.000000,0.589000,0.000760,0.589760,0.931160,1,14725,19,14744,25000,14030,14708,678,714,1392,0.951574,0.953903,18,1,0.947368
435,0.159534,59.370000,1.164898,0.000000,0.000000,0.612640,0.001440,0.614080,0.939600,1,15316,36,15352,25000,15061,15496,435,291,726,0.981045,0.971928,36,0,1.000000
436,0.187871,60.210000,1.129560,0.000000,0.000000,0.624960,0.000840,0.625800,0.924840,1,15624,21,15645,25000,14903,15760,857,742,1599,0.952573,0.945622,21,0,1.000000
437,0.187646,61.350000,1.115578,0.000000,0.000000,0.618520,0.000800,0.619320,0.917000,1,15463,20,15483,25000,14877,15356,479,606,1085,0.960860,0.968807,19,1,0.950000
438,0.184607,60.070000,1.164408,0.000000,0.000000,0.643520,0.000840,0.644360,0.931680,1,16088,21,16109,25000,15394,16136,742,715,1457,0.955615,0.954016,20,1,0.952381
439,0.158523,59.240000,1.189198,0.000000,0.000000,0.650520,0.001080,0.651600,0.938600,1,16263,27,16290,25000,15795,16336,541,495,1036,0.969613,0.966883,26,1,0.962963
440,0.134328,61.500000,1.107464,0.000000,0.000000,0.646680,0.000520,0.647200,0.945960,1,16167,13,16180,25000,15856,16288,432,324,756,0.979975,0.973477,11,2,0.846154
441,0.213227,60.560000,1.132066,0.000000,0.000000,0.594000,0.000960,0.594960,0.933200,1,14850,24,14874,25000,14151,14808,657,723,1380,0.951392,0.955632,23,1,0.958333
442,0.132713,62.430000,1.077597,0.000000,0.000000,0.611040,0.000680,0.611720,0.941680,1,15276,17,15293,25000,14952,15720,768,341,1109,0.977702,0.951145,17,0,1.000000
443,0.141712,61.750000,1.095081,0.000000,0.000000,0.553280,0.000520,0.553800,0.956200,1,13832,13,13845,25000,13299,14068,769,546,1315,0.960563,0.945337,13,0,1.000000
444,0.166094,60.680000,1.132955,0.000000,0.000000,0.604520,0.000280,0.604800,0.923760,1,15113,7,15120,25000,14441,14756,315,679,994,0.955093,0.978653,7,0,1.000000
445,0.185166,62.050000,1.091503,0.000000,0.000000,0.589960,0.000480,0.590440,0.931640,1,14749,12,14761,25000,14064,14464,400,697,1097,0.952781,0.972345,11,1,0.916667
446,0.196856,60.430000,1.138963,0.000000,0.000000,0.648200,0.000800,0.649000,0.932200,1,16205,20,16225,25000,15518,15900,382,707,1089,0.956425,0.975975,19,1,0.950000
447,0.141804,61.650000,1.116824,0.000000,0.000000,0.606560,0.000840,0.607400,0.951960,1,15164,21,15185,25000,14736,15152,416,449,865,0.970431,0.972545,20,1,0.952381
448,0.170554,60.620000,1.134953,0.000000,0.000000,0.543120,0.001200,0.544320,0.922680,1,13578,30,13608,25000,13012,13616,604,596,1200,0.956202,0.955640,30,0,1.000000
449,0.228018,60.870000,1.135318,0.000000,0.000000,0.605360,0.000880,0.606240,0.905320,1,15134,22,15156,25000,14125,14520,395,1031,1426,0.931974,0.972796,22,0,1.000000
450,0.213747,59.710000,1.150968,0.000000,0.000000,0.607080,0.000880,0.607960,0.923320,1,15177,22,15199,25000,14414,15152,738,785,1523,0.948352,0.951294,22,0,1.000000
451,0.163942,61.980000,1.103133,0.000000,0.000000,0.568560,0.001120,0.569680,0.937440,1,14214,28,14242,25000,13660,14336,676,582,1258,0.959135,0.952846,27,1,0.964286
452,0.171089,60.820000,1.127589,0.000000,0.000000,0.649120,0.000600,0.649720,0.938440,1,16228,15,16243,25000,15497,16032,535,746,1281,0.954073,0.966629,15,0,1.000000
453,0.171691,60.770000,1.121610,0.000000,0.000000,0.584320,0.000840,0.585160,0.936320,1,14608,21,14629,25000,14056,14560,504,573,1077,0.960831,0.965385,21,0,1.000000
454,0.211981,60.520000,1.135947,0.000000,0.000000,0.611480,0.000640,0.612120,0.923880,1,15287,16,15303,25000,14342,14860,518,961,1479,0.937202,0.965141,16,0,1.000000
455,0.205034,59.790000,1.143609,0.000000,0.000000,0.574960,0.000840,0.575800,0.932120,1,14374,21,14395,25000,13594,13992,398,801,1199,0.944356,0.971555,21,0,1.000000
456,0.184580,60.930000,1.122751,0.000000,0.000000,0.565360,0.000920,0.566280,0.915440,1,14134,23,14157,25000,13515,14248,733,642,1375,0.954651,0.948554,23,0,1.000000
457,0.155813,61.530000,1.105605,0.000000,0.000000,0.580840,0.000320,0.581160,0.941080,1,14521,8,14529,25000,13924,14676,752,605,1357,0.958359,0.948760,7,1,0.875000
458,0.148212,59.640000,1.162549,0.000000,0.000000,0.609000,0.001040,0.610040,0.934520,1,15225,26,15251,25000,14738,15104,366,513,879,0.966363,0.975768,26,0,1.000000
459,0.201330,61.480000,1.102240,0.000000,0.000000,0.600920,0.001200,0.602120,0.924440,1,15023,30,15053,25000,14249,14772,523,804,1327,0.946589,0.964595,30,0,1.000000
460,0.181174,62.550000,1.086067,0.000000,0.000000,0.585880,0.000520,0.586400,0.930000,1,14647,13,14660,25000,14064,14720,656,596,1252,0.959345,0.955435,13,0,1.000000
461,0.126049,61.560000,1.102261,0.000000,0.000000,0.610680,0.000440,0.611120,0.950080,1,15267,11,15278,25000,14828,15380,552,450,1002,0.970546,0.964109,11,0,1.000000
462,0.228594,60.170000,1.159115,0.000000,0.000000,0.584040,0.000560,0.584600,0.925320,1,14601,14,14615,25000,13762,14152,390,853,1243,0.941635,0.972442,14,0,1.000000
463,0.161233,58.910000,1.182070,0.000000,0.000000,0.585960,0.000600,0.586560,0.939840,1,14649,15,14664,25000,14119,14680,561,545,1106,0.962834,0.961785,13,2,0.866667
464,0.150625,61.450000,1.113229,0.000000,0.000000,0.621800,0.000920,0.622720,0.949280,1,15545,23,15568,25000,15044,15524,480,524,1004,0.966341,0.969080,22,1,0.956522
465,0.156301,61.930000,1.083944,0.000000,0.000000,0.600600,0.000720,0.601320,0.931000,1,15015,18,15033,25000,14533,15196,663,500,1163,0.966740,0.956370,18,0,1.000000
466,0.179916,59.880000,1.145171,0.000000,0.000000,0.618160,0.000640,0.618800,0.912640,1,15454,16,15470,25000,14962,15428,466,508,974,0.967162,0.969795,15,1,0.937500
467,0.201997,62.090000,1.081658,0.000000,0.000000,0.644960,0.000440,0.645400,0.932400,1,16124,11,16135,25000,15219,15656,437,916,1353,0.943229,0.972087,11,0,1.000000
468,0.149713,62.160000,1.085839,0.000000,0.000000,0.579800,0.000760,0.580560,0.936600,1,14495,19,14514,25000,14156,14788,632,358,990,0.975334,0.957263,16,3,0.842105
469,0.225513,61.740000,1.106348,0.000000,0.000000,0.646880,0.000640,0.647520,0.915400,1,16172,16,16188,25000,15351,15828,477,837,1314,0.948295,0.969864,16,0,1.000000
470,0.186645,62.130000,1.091669,0.000000,0.000000,0.635760,0.000880,0.636640,0.924160,1,15894,22,15916,25000,15203,15808,605,713,1318,0.955202,0.961728,21,1,0.954545
471,0.154906,61.630000,1.115269,0.000000,0.000000,0.636800,0.000560,0.637360,0.940440,1,15920,14,15934,25000,15465,15796,331,469,800,0.970566,0.979045,14,0,1.000000
472,0.182404,60.780000,1.121766,0.000000,0.000000,0.581840,0.000720,0.582560,0.916480,1,14546,18,14564,25000,13939,14508,569,625,1194,0.957086,0.960780,18,0,1.000000
473,0.178034,60.570000,1.136208,0.000000,0.000000,0.649000,0.000600,0.649600,0.933360,1,16225,15,16240,25000,15572,15960,388,668,1056,0.958867,0.975689,13,2,0.866667
474,0.200258,61.670000,1.103331,0.000000,0.000000,0.586160,0.000800,0.586960,0.921560,1,14654,20,14674,25000,14011,14476,465,663,1128,0.954818,0.967878,18,2,0.900000
475,0.154040,61.120000,1.118778,0.000000,0.000000,0.628680,0.000760,0.629440,0.939160,1,15717,19,15736,25000,15213,15888,675,523,1198,0.966764,0.957515,19,0,1.000000
476,0.191791,60.760000,1.118968,0.000000,0.000000,0.622240,0.000480,0.622720,0.924960,1,15556,12,15568,25000,14921,15264,343,647,990,0.958440,0.977529,12,0,1.000000
477,0.240831,61.190000,1.115710,0.000000,0.000000,0.616280,0.000960,0.617240,0.919400,1,15407,24,15431,25000,14258,14676,418,1173,1591,0.923984,0.971518,22,2,0.916667
478,0.184944,61.040000,1.132765,0.000000,0.000000,0.598680,0.000920,0.599600,0.932560,1,14967,23,14990,25000,14355,14848,493,635,1128,0.957638,0.966797,23,0,1.000000
479,0.232690,60.470000,1.124282,0.000000,0.000000,0.605680,0.000560,0.606240,0.930880,1,15142,14,15156,25000,13977,14780,803,1179,1982,0.922209,0.945670,14,0,1.000000
480,0.251823,60.250000,1.129732,0.000000,0.000000,0.572520,0.000720,0.573240,0.904360,1,14313,18,14331,25000,13149,13668,519,1182,1701,0.917521,0.962028,18,0,1.000000
481,0.113246,61.690000,1.125838,0.000000,0.000000,0.597960,0.000360,0.598320,0.961080,1,14949,9,14958,25000,14714,15116,402,244,646,0.983688,0.973406,9,0,1.000000
482,0.243520,60.710000,1.156209,0.000000,0.000000,0.612920,0.001480,0.614400,0.915440,1,15323,37,15360,25000,14343,14608,265,1017,1282,0.933789,0.981859,37,0,1.000000
483,0.206597,61.790000,1.099728,0.000000,0.000000,0.608960,0.000880,0.609840,0.931520,1,15224,22,15246,25000,14294,14832,538,952,1490,0.937557,0.963727,22,0,1.000000
484,0.150093,61.420000,1.100941,0.000000,0.000000,0.627480,0.000480,0.627960,0.941800,1,15687,12,15699,25000,15224,15880,656,475,1131,0.969743,0.958690,12,0,1.000000
485,0.114764,62.970000,1.065764,0.000000,0.000000,0.571960,0.000760,0.572720,0.952000,1,14299,19,14318,25000,14039,14720,681,279,960,0.980514,0.953736,18,1,0.947368
486,0.134033,61.490000,1.115294,0.000000,0.000000,0.619760,0.000360,0.620120,0.944800,1,15494,9,15503,25000,15021,15596,575,482,1057,0.968909,0.963132,9,0,1.000000
487,0.190447,61.290000,1.119732,0.000000,0.000000,0.572960,0.001280,0.574240,0.931280,1,14324,32,14356,25000,13627,14332,705,729,1434,0.949220,0.950809,30,2,0.937500
488,0.122864,60.950000,1.119550,0.000000,0.000000,0.630560,0.000640,0.631200,0.957320,1,15764,16,15780,25000,15291,15768,477,489,966,0.969011,0.969749,16,0,1.000000
489,0.182553,60.310000,1.136803,0.000000,0.000000,0.650960,0.000680,0.651640,0.932600,1,16274,17,16291,25000,15360,15708,348,931,1279,0.942852,0.977846,16,1,0.941176
490,0.204830,61.470000,1.117827,0.000000,0.000000,0.622920,0.000800,0.623720,0.905880,1,15573,20,15593,25000,14669,14952,283,924,1207,0.940743,0.981073,20,0,1.000000
491,0.206336,62.490000,1.083441,0.000000,0.000000,0.603040,0.000680,0.603720,0.927120,1,15076,17,15093,25000,14224,14896,672,869,1541,0.942424,0.954887,16,1,0.941176
492,0.180360,60.650000,1.139018,0.000000,0.000000,0.621960,0.000640,0.622600,0.940760,1,15549,16,15565,25000,14860,15528,668,705,1373,0.954706,0.956981,15,1,0.937500
493,0.221735,59.890000,1.145331,0.000000,0.000000,0.594120,0.001040,0.595160,0.911400,1,14853,26,14879,25000,14079,14556,477,800,1277,0.946233,0.967230,26,0,1.000000
494,0.210286,62.430000,1.092091,0.000000,0.000000,0.615280,0.000840,0.616120,0.902600,1,15382,21,15403,25000,14656,15032,376,747,1123,0.951503,0.974987,20,1,0.952381
495,0.209448,60.830000,1.128851,0.000000,0.000000,0.600520,0.000880,0.601400,0.934160,1,15013,22,15035,25000,14359,15168,809,676,1485,0.955038,0.946664,21,1,0.954545
496,0.210501,60.410000,1.126125,0.000000,0.000000,0.599960,0.000800,0.600760,0.925200,1,14999,20,15019,25000,14227,14648,421,792,1213,0.947267,0.971259,20,0,1.000000
497,0.175358,61.810000,1.093343,0.000000,0.000000,0.616400,0.000600,0.617000,0.936240,1,15410,15,15425,25000,14718,15364,646,707,1353,0.954165,0.957954,14,1,0.933333
498,0.123208,60.900000,1.132711,0.000000,0.000000,0.631160,0.000600,0.631760,0.951120,1,15779,15,15794,25000,15526,16068,542,268,810,0.983032,0.966268,15,0,1.000000
499,0.193160,61.900000,1.100889,0.000000,0.000000,0.606760,0.000720,0.607480,0.913160,1,15169,18,15187,25000,14460,14732,272,727,999,0.952130,0.981537,17,1,0.944444
