epoch,train_loss,global_test_acc,global_test_loss,personal_apa,personal_loss,core_clean_ratio,recover_ratio,train_ratio,agreement_ratio,recovery_trigger,core_count,recover_count,train_count,total_count,actual_train_clean_count,actual_round_clean_count,missed_clean_count,false_clean_count,total_wrong_count,actual_train_clean_ratio,clean_recall,recover_true_clean_count,recover_false_clean_count,recover_precision
0,1.562205,20.370000,2.220458,0.000000,0.000000,1.000000,0.000000,1.000000,0.000000,0,25000,0,25000,25000,15368,15368,0,9632,9632,0.614720,1.000000,0,0,0.000000
1,1.648938,24.050000,2.156857,0.000000,0.000000,1.000000,0.000000,1.000000,0.000000,0,25000,0,25000,25000,14536,14536,0,10464,10464,0.581440,1.000000,0,0,0.000000
2,1.644325,26.390000,2.127541,0.000000,0.000000,1.000000,0.000000,1.000000,0.000000,0,25000,0,25000,25000,14336,14336,0,10664,10664,0.573440,1.000000,0,0,0.000000
3,1.650604,26.140000,2.110729,0.000000,0.000000,1.000000,0.000000,1.000000,0.000000,0,25000,0,25000,25000,14136,14136,0,10864,10864,0.565440,1.000000,0,0,0.000000
4,1.507709,29.600000,2.081728,0.000000,0.000000,1.000000,0.000000,1.000000,0.000000,0,25000,0,25000,25000,15684,15684,0,9316,9316,0.627360,1.000000,0,0,0.000000
5,1.521486,30.870000,2.060947,0.000000,0.000000,1.000000,0.000000,1.000000,0.000000,0,25000,0,25000,25000,15264,15264,0,9736,9736,0.610560,1.000000,0,0,0.000000
6,1.557411,31.790000,2.051327,0.000000,0.000000,1.000000,0.000000,1.000000,0.000000,0,25000,0,25000,25000,15084,15084,0,9916,9916,0.603360,1.000000,0,0,0.000000
7,1.586826,30.270000,2.062276,0.000000,0.000000,1.000000,0.000000,1.000000,0.000000,0,25000,0,25000,25000,14776,14776,0,10224,10224,0.591040,1.000000,0,0,0.000000
8,1.452989,32.060000,2.035120,0.000000,0.000000,1.000000,0.000000,1.000000,0.000000,0,25000,0,25000,25000,16124,16124,0,8876,8876,0.644960,1.000000,0,0,0.000000
9,1.580149,36.110000,2.017758,0.000000,0.000000,1.000000,0.000000,1.000000,0.000000,0,25000,0,25000,25000,14788,14788,0,10212,10212,0.591520,1.000000,0,0,0.000000
10,1.536045,34.320000,2.020036,0.000000,0.000000,1.000000,0.000000,1.000000,0.000000,0,25000,0,25000,25000,15144,15144,0,9856,9856,0.605760,1.000000,0,0,0.000000
11,1.506717,35.300000,2.000594,0.000000,0.000000,1.000000,0.000000,1.000000,0.000000,0,25000,0,25000,25000,15068,15068,0,9932,9932,0.602720,1.000000,0,0,0.000000
12,1.447104,36.630000,1.992341,0.000000,0.000000,1.000000,0.000000,1.000000,0.000000,0,25000,0,25000,25000,15948,15948,0,9052,9052,0.637920,1.000000,0,0,0.000000
13,1.407062,36.940000,1.987000,0.000000,0.000000,1.000000,0.000000,1.000000,0.000000,0,25000,0,25000,25000,15984,15984,0,9016,9016,0.639360,1.000000,0,0,0.000000
14,1.556122,35.140000,1.999376,0.000000,0.000000,1.000000,0.000000,1.000000,0.000000,0,25000,0,25000,25000,14752,14752,0,10248,10248,0.590080,1.000000,0,0,0.000000
15,1.540987,35.130000,2.008904,0.000000,0.000000,1.000000,0.000000,1.000000,0.000000,0,25000,0,25000,25000,14976,14976,0,10024,10024,0.599040,1.000000,0,0,0.000000
16,1.589586,35.820000,2.006039,0.000000,0.000000,1.000000,0.000000,1.000000,0.000000,0,25000,0,25000,25000,14508,14508,0,10492,10492,0.580320,1.000000,0,0,0.000000
17,1.557472,36.530000,2.002956,0.000000,0.000000,1.000000,0.000000,1.000000,0.000000,0,25000,0,25000,25000,14772,14772,0,10228,10228,0.590880,1.000000,0,0,0.000000
18,1.547438,37.690000,1.992564,0.000000,0.000000,1.000000,0.000000,1.000000,0.000000,0,25000,0,25000,25000,14644,14644,0,10356,10356,0.585760,1.000000,0,0,0.000000
19,1.490058,37.110000,1.989909,0.000000,0.000000,1.000000,0.000000,1.000000,0.000000,0,25000,0,25000,25000,15372,15372,0,9628,9628,0.614880,1.000000,0,0,0.000000
20,1.605274,36.710000,2.002852,0.000000,0.000000,1.000000,0.000000,1.000000,0.000000,0,25000,0,25000,25000,13976,13976,0,11024,11024,0.559040,1.000000,0,0,0.000000
21,1.444999,35.680000,1.990897,0.000000,0.000000,1.000000,0.000000,1.000000,0.000000,0,25000,0,25000,25000,15836,15836,0,9164,9164,0.633440,1.000000,0,0,0.000000
22,1.501512,36.770000,1.991316,0.000000,0.000000,1.000000,0.000000,1.000000,0.000000,0,25000,0,25000,25000,15064,15064,0,9936,9936,0.602560,1.000000,0,0,0.000000
23,1.453471,36.920000,1.983542,0.000000,0.000000,1.000000,0.000000,1.000000,0.000000,0,25000,0,25000,25000,15352,15352,0,9648,9648,0.614080,1.000000,0,0,0.000000
24,1.501348,37.110000,1.966887,0.000000,0.000000,1.000000,0.000000,1.000000,0.000000,0,25000,0,25000,25000,14924,14924,0,10076,10076,0.596960,1.000000,0,0,0.000000
25,1.504407,38.550000,1.960744,0.000000,0.000000,1.000000,0.000000,1.000000,0.000000,0,25000,0,25000,25000,15236,15236,0,9764,9764,0.609440,1.000000,0,0,0.000000
26,1.537906,38.080000,1.963099,0.000000,0.000000,1.000000,0.000000,1.000000,0.000000,0,25000,0,25000,25000,14680,14680,0,10320,10320,0.587200,1.000000,0,0,0.000000
27,1.458099,35.430000,1.984288,0.000000,0.000000,1.000000,0.000000,1.000000,0.000000,0,25000,0,25000,25000,15732,15732,0,9268,9268,0.629280,1.000000,0,0,0.000000
28,1.461195,39.220000,1.961367,0.000000,0.000000,1.000000,0.000000,1.000000,0.000000,0,25000,0,25000,25000,15304,15304,0,9696,9696,0.612160,1.000000,0,0,0.000000
29,1.554264,34.890000,1.996455,0.000000,0.000000,1.000000,0.000000,1.000000,0.000000,0,25000,0,25000,25000,14700,14700,0,10300,10300,0.588000,1.000000,0,0,0.000000
30,1.533044,37.190000,1.982920,0.000000,0.000000,1.000000,0.000000,1.000000,0.000000,0,25000,0,25000,25000,14480,14480,0,10520,10520,0.579200,1.000000,0,0,0.000000
31,1.402407,39.590000,1.957557,0.000000,0.000000,1.000000,0.000000,1.000000,0.000000,0,25000,0,25000,25000,15816,15816,0,9184,9184,0.632640,1.000000,0,0,0.000000
32,1.629337,35.530000,1.979595,0.000000,0.000000,1.000000,0.000000,1.000000,0.000000,0,25000,0,25000,25000,13668,13668,0,11332,11332,0.546720,1.000000,0,0,0.000000
33,1.603940,36.700000,1.985886,0.000000,0.000000,1.000000,0.000000,1.000000,0.000000,0,25000,0,25000,25000,13876,13876,0,11124,11124,0.555040,1.000000,0,0,0.000000
34,1.465540,35.100000,1.974187,0.000000,0.000000,1.000000,0.000000,1.000000,0.000000,0,25000,0,25000,25000,15268,15268,0,9732,9732,0.610720,1.000000,0,0,0.000000
35,1.547668,35.930000,1.983144,0.000000,0.000000,1.000000,0.000000,1.000000,0.000000,0,25000,0,25000,25000,14476,14476,0,10524,10524,0.579040,1.000000,0,0,0.000000
36,1.440095,37.400000,1.967026,0.000000,0.000000,1.000000,0.000000,1.000000,0.000000,0,25000,0,25000,25000,15392,15392,0,9608,9608,0.615680,1.000000,0,0,0.000000
37,1.414233,38.210000,1.941647,0.000000,0.000000,1.000000,0.000000,1.000000,0.000000,0,25000,0,25000,25000,15728,15728,0,9272,9272,0.629120,1.000000,0,0,0.000000
38,1.427874,37.890000,1.951633,0.000000,0.000000,1.000000,0.000000,1.000000,0.000000,0,25000,0,25000,25000,15356,15356,0,9644,9644,0.614240,1.000000,0,0,0.000000
39,1.564010,36.980000,1.971431,0.000000,0.000000,1.000000,0.000000,1.000000,0.000000,0,25000,0,25000,25000,14032,14032,0,10968,10968,0.561280,1.000000,0,0,0.000000
40,1.414637,37.980000,1.950948,0.000000,0.000000,1.000000,0.000000,1.000000,0.000000,0,25000,0,25000,25000,15744,15744,0,9256,9256,0.629760,1.000000,0,0,0.000000
41,1.474007,34.650000,1.971283,0.000000,0.000000,1.000000,0.000000,1.000000,0.000000,0,25000,0,25000,25000,14796,14796,0,10204,10204,0.591840,1.000000,0,0,0.000000
42,1.578261,34.910000,1.986413,0.000000,0.000000,1.000000,0.000000,1.000000,0.000000,0,25000,0,25000,25000,13920,13920,0,11080,11080,0.556800,1.000000,0,0,0.000000
43,1.482838,33.600000,1.984855,0.000000,0.000000,1.000000,0.000000,1.000000,0.000000,0,25000,0,25000,25000,14724,14724,0,10276,10276,0.588960,1.000000,0,0,0.000000
44,1.494500,34.750000,1.978190,0.000000,0.000000,1.000000,0.000000,1.000000,0.000000,0,25000,0,25000,25000,14936,14936,0,10064,10064,0.597440,1.000000,0,0,0.000000
45,1.441446,37.010000,1.961413,0.000000,0.000000,1.000000,0.000000,1.000000,0.000000,0,25000,0,25000,25000,15328,15328,0,9672,9672,0.613120,1.000000,0,0,0.000000
46,1.473154,38.250000,1.952918,0.000000,0.000000,1.000000,0.000000,1.000000,0.000000,0,25000,0,25000,25000,14492,14492,0,10508,10508,0.579680,1.000000,0,0,0.000000
47,1.525101,36.150000,1.972496,0.000000,0.000000,1.000000,0.000000,1.000000,0.000000,0,25000,0,25000,25000,14192,14192,0,10808,10808,0.567680,1.000000,0,0,0.000000
48,1.436126,35.190000,1.955143,0.000000,0.000000,1.000000,0.000000,1.000000,0.000000,0,25000,0,25000,25000,15324,15324,0,9676,9676,0.612960,1.000000,0,0,0.000000
49,1.530971,35.680000,1.983485,0.000000,0.000000,1.000000,0.000000,1.000000,0.000000,0,25000,0,25000,25000,14212,14212,0,10788,10788,0.568480,1.000000,0,0,0.000000
50,1.396722,35.540000,1.967496,0.000000,0.000000,1.000000,0.000000,1.000000,0.000000,0,25000,0,25000,25000,15492,15492,0,9508,9508,0.619680,1.000000,0,0,0.000000
51,1.422023,34.780000,1.957471,0.000000,0.000000,1.000000,0.000000,1.000000,0.000000,0,25000,0,25000,25000,15336,15336,0,9664,9664,0.613440,1.000000,0,0,0.000000
52,1.498161,35.860000,1.958678,0.000000,0.000000,1.000000,0.000000,1.000000,0.000000,0,25000,0,25000,25000,14392,14392,0,10608,10608,0.575680,1.000000,0,0,0.000000
53,1.425684,34.660000,1.967201,0.000000,0.000000,1.000000,0.000000,1.000000,0.000000,0,25000,0,25000,25000,14952,14952,0,10048,10048,0.598080,1.000000,0,0,0.000000
54,1.401141,35.000000,1.963654,0.000000,0.000000,1.000000,0.000000,1.000000,0.000000,0,25000,0,25000,25000,15496,15496,0,9504,9504,0.619840,1.000000,0,0,0.000000
55,1.419862,37.400000,1.945992,0.000000,0.000000,1.000000,0.000000,1.000000,0.000000,0,25000,0,25000,25000,15264,15264,0,9736,9736,0.610560,1.000000,0,0,0.000000
56,1.540466,37.660000,1.945906,0.000000,0.000000,1.000000,0.000000,1.000000,0.000000,0,25000,0,25000,25000,13876,13876,0,11124,11124,0.555040,1.000000,0,0,0.000000
57,1.453619,35.050000,1.969103,0.000000,0.000000,1.000000,0.000000,1.000000,0.000000,0,25000,0,25000,25000,14744,14744,0,10256,10256,0.589760,1.000000,0,0,0.000000
58,1.444866,35.870000,1.963384,0.000000,0.000000,1.000000,0.000000,1.000000,0.000000,0,25000,0,25000,25000,15160,15160,0,9840,9840,0.606400,1.000000,0,0,0.000000
59,1.434773,33.840000,1.972662,0.000000,0.000000,1.000000,0.000000,1.000000,0.000000,0,25000,0,25000,25000,15052,15052,0,9948,9948,0.602080,1.000000,0,0,0.000000
60,1.491072,33.360000,1.986348,0.000000,0.000000,1.000000,0.000000,1.000000,0.000000,0,25000,0,25000,25000,14616,14616,0,10384,10384,0.584640,1.000000,0,0,0.000000
61,1.343126,35.250000,1.945561,0.000000,0.000000,1.000000,0.000000,1.000000,0.000000,0,25000,0,25000,25000,15940,15940,0,9060,9060,0.637600,1.000000,0,0,0.000000
62,1.403426,35.620000,1.948252,0.000000,0.000000,1.000000,0.000000,1.000000,0.000000,0,25000,0,25000,25000,15280,15280,0,9720,9720,0.611200,1.000000,0,0,0.000000
63,1.390975,35.330000,1.956749,0.000000,0.000000,1.000000,0.000000,1.000000,0.000000,0,25000,0,25000,25000,15544,15544,0,9456,9456,0.621760,1.000000,0,0,0.000000
64,1.378651,37.400000,1.936366,0.000000,0.000000,1.000000,0.000000,1.000000,0.000000,0,25000,0,25000,25000,15700,15700,0,9300,9300,0.628000,1.000000,0,0,0.000000
65,1.442279,37.060000,1.937048,0.000000,0.000000,1.000000,0.000000,1.000000,0.000000,0,25000,0,25000,25000,14820,14820,0,10180,10180,0.592800,1.000000,0,0,0.000000
66,1.461114,37.460000,1.934899,0.000000,0.000000,1.000000,0.000000,1.000000,0.000000,0,25000,0,25000,25000,14660,14660,0,10340,10340,0.586400,1.000000,0,0,0.000000
67,1.479261,34.060000,1.959235,0.000000,0.000000,1.000000,0.000000,1.000000,0.000000,0,25000,0,25000,25000,14476,14476,0,10524,10524,0.579040,1.000000,0,0,0.000000
68,1.385176,37.650000,1.930957,0.000000,0.000000,1.000000,0.000000,1.000000,0.000000,0,25000,0,25000,25000,15316,15316,0,9684,9684,0.612640,1.000000,0,0,0.000000
69,1.518508,34.560000,1.973967,0.000000,0.000000,1.000000,0.000000,1.000000,0.000000,0,25000,0,25000,25000,14028,14028,0,10972,10972,0.561120,1.000000,0,0,0.000000
70,1.455200,35.250000,1.956753,0.000000,0.000000,1.000000,0.000000,1.000000,0.000000,0,25000,0,25000,25000,14556,14556,0,10444,10444,0.582240,1.000000,0,0,0.000000
71,1.433140,36.840000,1.944352,0.000000,0.000000,1.000000,0.000000,1.000000,0.000000,0,25000,0,25000,25000,14796,14796,0,10204,10204,0.591840,1.000000,0,0,0.000000
72,1.369428,37.700000,1.920682,0.000000,0.000000,1.000000,0.000000,1.000000,0.000000,0,25000,0,25000,25000,15448,15448,0,9552,9552,0.617920,1.000000,0,0,0.000000
73,1.314363,35.540000,1.931771,0.000000,0.000000,1.000000,0.000000,1.000000,0.000000,0,25000,0,25000,25000,16132,16132,0,8868,8868,0.645280,1.000000,0,0,0.000000
74,1.395548,34.950000,1.941419,0.000000,0.000000,1.000000,0.000000,1.000000,0.000000,0,25000,0,25000,25000,15008,15008,0,9992,9992,0.600320,1.000000,0,0,0.000000
75,1.353257,37.200000,1.921982,0.000000,0.000000,1.000000,0.000000,1.000000,0.000000,0,25000,0,25000,25000,15592,15592,0,9408,9408,0.623680,1.000000,0,0,0.000000
76,1.448503,35.320000,1.945875,0.000000,0.000000,1.000000,0.000000,1.000000,0.000000,0,25000,0,25000,25000,14772,14772,0,10228,10228,0.590880,1.000000,0,0,0.000000
77,1.330194,35.030000,1.932628,0.000000,0.000000,1.000000,0.000000,1.000000,0.000000,0,25000,0,25000,25000,15928,15928,0,9072,9072,0.637120,1.000000,0,0,0.000000
78,1.395222,36.670000,1.918155,0.000000,0.000000,1.000000,0.000000,1.000000,0.000000,0,25000,0,25000,25000,15068,15068,0,9932,9932,0.602720,1.000000,0,0,0.000000
79,1.385431,34.680000,1.939458,0.000000,0.000000,1.000000,0.000000,1.000000,0.000000,0,25000,0,25000,25000,15644,15644,0,9356,9356,0.625760,1.000000,0,0,0.000000
80,1.447223,34.910000,1.946947,0.000000,0.000000,1.000000,0.000000,1.000000,0.000000,0,25000,0,25000,25000,14560,14560,0,10440,10440,0.582400,1.000000,0,0,0.000000
81,1.362623,34.210000,1.951689,0.000000,0.000000,1.000000,0.000000,1.000000,0.000000,0,25000,0,25000,25000,15372,15372,0,9628,9628,0.614880,1.000000,0,0,0.000000
82,1.400728,35.590000,1.942321,0.000000,0.000000,1.000000,0.000000,1.000000,0.000000,0,25000,0,25000,25000,15220,15220,0,9780,9780,0.608800,1.000000,0,0,0.000000
83,1.414841,35.510000,1.936136,0.000000,0.000000,1.000000,0.000000,1.000000,0.000000,0,25000,0,25000,25000,14560,14560,0,10440,10440,0.582400,1.000000,0,0,0.000000
84,1.441814,34.910000,1.940630,0.000000,0.000000,1.000000,0.000000,1.000000,0.000000,0,25000,0,25000,25000,14672,14672,0,10328,10328,0.586880,1.000000,0,0,0.000000
85,1.364482,33.720000,1.950331,0.000000,0.000000,1.000000,0.000000,1.000000,0.000000,0,25000,0,25000,25000,15280,15280,0,9720,9720,0.611200,1.000000,0,0,0.000000
86,1.461713,32.450000,1.964957,0.000000,0.000000,1.000000,0.000000,1.000000,0.000000,0,25000,0,25000,25000,14536,14536,0,10464,10464,0.581440,1.000000,0,0,0.000000
87,1.306563,35.720000,1.922913,0.000000,0.000000,1.000000,0.000000,1.000000,0.000000,0,25000,0,25000,25000,15912,15912,0,9088,9088,0.636480,1.000000,0,0,0.000000
88,1.437141,33.950000,1.959090,0.000000,0.000000,1.000000,0.000000,1.000000,0.000000,0,25000,0,25000,25000,14680,14680,0,10320,10320,0.587200,1.000000,0,0,0.000000
89,1.374755,35.110000,1.941803,0.000000,0.000000,1.000000,0.000000,1.000000,0.000000,0,25000,0,25000,25000,15192,15192,0,9808,9808,0.607680,1.000000,0,0,0.000000
90,1.333221,34.820000,1.940960,0.000000,0.000000,1.000000,0.000000,1.000000,0.000000,0,25000,0,25000,25000,15668,15668,0,9332,9332,0.626720,1.000000,0,0,0.000000
91,1.361787,34.630000,1.936581,0.000000,0.000000,1.000000,0.000000,1.000000,0.000000,0,25000,0,25000,25000,15144,15144,0,9856,9856,0.605760,1.000000,0,0,0.000000
92,1.477427,33.080000,1.968902,0.000000,0.000000,1.000000,0.000000,1.000000,0.000000,0,25000,0,25000,25000,13992,13992,0,11008,11008,0.559680,1.000000,0,0,0.000000
93,1.286235,34.830000,1.942099,0.000000,0.000000,1.000000,0.000000,1.000000,0.000000,0,25000,0,25000,25000,15912,15912,0,9088,9088,0.636480,1.000000,0,0,0.000000
94,1.457839,34.590000,1.947458,0.000000,0.000000,1.000000,0.000000,1.000000,0.000000,0,25000,0,25000,25000,14112,14112,0,10888,10888,0.564480,1.000000,0,0,0.000000
95,1.269584,34.550000,1.930016,0.000000,0.000000,1.000000,0.000000,1.000000,0.000000,0,25000,0,25000,25000,16224,16224,0,8776,8776,0.648960,1.000000,0,0,0.000000
96,1.401758,35.480000,1.927655,0.000000,0.000000,1.000000,0.000000,1.000000,0.000000,0,25000,0,25000,25000,14520,14520,0,10480,10480,0.580800,1.000000,0,0,0.000000
97,1.465850,33.030000,1.958514,0.000000,0.000000,1.000000,0.000000,1.000000,0.000000,0,25000,0,25000,25000,13948,13948,0,11052,11052,0.557920,1.000000,0,0,0.000000
98,1.363852,33.370000,1.947289,0.000000,0.000000,1.000000,0.000000,1.000000,0.000000,0,25000,0,25000,25000,15268,15268,0,9732,9732,0.610720,1.000000,0,0,0.000000
99,1.403161,34.510000,1.949616,0.000000,0.000000,1.000000,0.000000,1.000000,0.000000,0,25000,0,25000,25000,14816,14816,0,10184,10184,0.592640,1.000000,0,0,0.000000
100,0.444143,40.430000,1.795952,0.000000,0.000000,0.648160,0.000000,0.648160,0.883320,1,16204,0,16204,25000,14789,15516,727,1415,2142,0.912676,0.953145,0,0,0.000000
101,0.435781,43.630000,1.687348,0.000000,0.000000,0.642760,0.000000,0.642760,0.876240,1,16069,0,16069,25000,14728,15264,536,1341,1877,0.916547,0.964885,0,0,0.000000
102,0.391374,44.660000,1.624427,0.000000,0.000000,0.598160,0.000000,0.598160,0.875640,1,14954,0,14954,25000,13791,14440,649,1163,1812,0.922228,0.955055,0,0,0.000000
103,0.385170,47.720000,1.585816,0.000000,0.000000,0.640920,0.000000,0.640920,0.853200,1,16023,0,16023,25000,15004,15528,524,1019,1543,0.936404,0.966255,0,0,0.000000
104,0.329643,48.680000,1.540766,0.000000,0.000000,0.657720,0.000000,0.657720,0.891520,1,16443,0,16443,25000,15706,16260,554,737,1291,0.955178,0.965929,0,0,0.000000
105,0.388573,46.590000,1.548073,0.000000,0.000000,0.620000,0.000000,0.620000,0.879960,1,15500,0,15500,25000,14253,14704,451,1247,1698,0.919548,0.969328,0,0,0.000000
106,0.276315,48.290000,1.511317,0.000000,0.000000,0.620760,0.000000,0.620760,0.910800,1,15519,0,15519,25000,15079,15796,717,440,1157,0.971648,0.954609,0,0,0.000000
107,0.406374,50.590000,1.474949,0.000000,0.000000,0.611720,0.000000,0.611720,0.856600,1,15293,0,15293,25000,13873,14368,495,1420,1915,0.907147,0.965548,0,0,0.000000
108,0.430266,49.040000,1.495253,0.000000,0.000000,0.566360,0.000000,0.566360,0.855000,1,14159,0,14159,25000,12692,13344,652,1467,2119,0.896391,0.951139,0,0,0.000000
109,0.373130,50.480000,1.487220,0.000000,0.000000,0.582800,0.000000,0.582800,0.889280,1,14570,0,14570,25000,13477,14096,619,1093,1712,0.924983,0.956087,0,0,0.000000
110,0.347729,51.350000,1.451334,0.000000,0.000000,0.620040,0.000000,0.620040,0.886360,1,15501,0,15501,25000,14488,15212,724,1013,1737,0.934649,0.952406,0,0,0.000000
111,0.319949,52.140000,1.427599,0.000000,0.000000,0.619480,0.000000,0.619480,0.894560,1,15487,0,15487,25000,14607,15184,577,880,1457,0.943178,0.961999,0,0,0.000000
112,0.358816,51.210000,1.432069,0.000000,0.000000,0.636120,0.000000,0.636120,0.867560,1,15903,0,15903,25000,14851,15516,665,1052,1717,0.933849,0.957141,0,0,0.000000
113,0.358935,51.870000,1.417521,0.000000,0.000000,0.614880,0.000000,0.614880,0.877640,1,15372,0,15372,25000,14290,14916,626,1082,1708,0.929612,0.958032,0,0,0.000000
114,0.356966,51.220000,1.418784,0.000000,0.000000,0.628600,0.000000,0.628600,0.872240,1,15715,0,15715,25000,14677,15312,635,1038,1673,0.933948,0.958529,0,0,0.000000
115,0.369684,50.600000,1.426385,0.000000,0.000000,0.594160,0.000000,0.594160,0.869120,1,14854,0,14854,25000,13607,14124,517,1247,1764,0.916050,0.963396,0,0,0.000000
116,0.385583,52.020000,1.403983,0.000000,0.000000,0.606520,0.000000,0.606520,0.865280,1,15163,0,15163,25000,13984,14576,592,1179,1771,0.922245,0.959385,0,0,0.000000
117,0.312524,50.840000,1.414245,0.000000,0.000000,0.610600,0.000000,0.610600,0.893000,1,15265,0,15265,25000,14319,14932,613,946,1559,0.938028,0.958947,0,0,0.000000
118,0.307153,52.100000,1.397222,0.000000,0.000000,0.578440,0.000000,0.578440,0.903800,1,14461,0,14461,25000,13502,14140,638,959,1597,0.933684,0.954880,0,0,0.000000
119,0.368345,51.500000,1.416573,0.000000,0.000000,0.594960,0.000000,0.594960,0.872480,1,14874,0,14874,25000,13784,14256,472,1090,1562,0.926718,0.966891,0,0,0.000000
120,0.285153,52.830000,1.373929,0.000000,0.000000,0.625560,0.000000,0.625560,0.902200,1,15639,0,15639,25000,14862,15468,606,777,1383,0.950317,0.960822,0,0,0.000000
121,0.315419,53.070000,1.370667,0.000000,0.000000,0.609480,0.000000,0.609480,0.893560,1,15237,0,15237,25000,14352,14892,540,885,1425,0.941918,0.963739,0,0,0.000000
122,0.296854,54.210000,1.355624,0.000000,0.000000,0.625040,0.000000,0.625040,0.884520,1,15626,0,15626,25000,14790,15312,522,836,1358,0.946499,0.965909,0,0,0.000000
123,0.376587,52.040000,1.376379,0.000000,0.000000,0.573000,0.000000,0.573000,0.870120,1,14325,0,14325,25000,13118,13636,518,1207,1725,0.915742,0.962012,0,0,0.000000
124,0.286742,52.560000,1.369340,0.000000,0.000000,0.610320,0.000000,0.610320,0.900600,1,15258,0,15258,25000,14410,15128,718,848,1566,0.944423,0.952538,0,0,0.000000
125,0.300785,53.790000,1.373500,0.000000,0.000000,0.616680,0.000000,0.616680,0.896120,1,15417,0,15417,25000,14612,15336,724,805,1529,0.947785,0.952791,0,0,0.000000
126,0.275162,53.190000,1.361823,0.000000,0.000000,0.646520,0.000000,0.646520,0.889400,1,16163,0,16163,25000,15579,16192,613,584,1197,0.963868,0.962142,0,0,0.000000
127,0.285013,53.800000,1.345613,0.000000,0.000000,0.580040,0.000000,0.580040,0.907680,1,14501,0,14501,25000,13877,14480,603,624,1227,0.956968,0.958356,0,0,0.000000
128,0.285555,54.270000,1.336048,0.000000,0.000000,0.646160,0.000000,0.646160,0.900040,1,16154,0,16154,25000,15496,16160,664,658,1322,0.959267,0.958911,0,0,0.000000
129,0.318138,51.660000,1.363443,0.000000,0.000000,0.588720,0.000000,0.588720,0.891560,1,14718,0,14718,25000,13867,14500,633,851,1484,0.942180,0.956345,0,0,0.000000
130,0.269359,54.230000,1.335908,0.000000,0.000000,0.654160,0.000000,0.654160,0.911200,1,16354,0,16354,25000,15617,16184,567,737,1304,0.954935,0.964965,0,0,0.000000
131,0.230485,55.160000,1.309881,0.000000,0.000000,0.638760,0.000000,0.638760,0.923160,1,15969,0,15969,25000,15617,16316,699,352,1051,0.977957,0.957159,0,0,0.000000
132,0.292080,54.230000,1.315985,0.000000,0.000000,0.623320,0.000000,0.623320,0.892080,1,15583,0,15583,25000,14781,15408,627,802,1429,0.948534,0.959307,0,0,0.000000
133,0.326685,55.030000,1.320149,0.000000,0.000000,0.575000,0.000000,0.575000,0.882000,1,14375,0,14375,25000,13323,13824,501,1052,1553,0.926817,0.963759,0,0,0.000000
134,0.317910,53.840000,1.336442,0.000000,0.000000,0.651560,0.000000,0.651560,0.896400,1,16289,0,16289,25000,15299,15888,589,990,1579,0.939223,0.962928,0,0,0.000000
135,0.329677,52.670000,1.371732,0.000000,0.000000,0.615680,0.000000,0.615680,0.893400,1,15392,0,15392,25000,14456,15060,604,936,1540,0.939189,0.959894,0,0,0.000000
136,0.318781,54.390000,1.314155,0.000000,0.000000,0.640520,0.000000,0.640520,0.863800,1,16013,0,16013,25000,15225,15724,499,788,1287,0.950790,0.968265,0,0,0.000000
137,0.295585,53.970000,1.311312,0.000000,0.000000,0.590840,0.000000,0.590840,0.891880,1,14771,0,14771,25000,14059,14692,633,712,1345,0.951797,0.956915,0,0,0.000000
138,0.297453,54.090000,1.321701,0.000000,0.000000,0.612560,0.000000,0.612560,0.895560,1,15314,0,15314,25000,14419,15136,717,895,1612,0.941557,0.952629,0,0,0.000000
139,0.261504,54.530000,1.312681,0.000000,0.000000,0.614400,0.000000,0.614400,0.906600,1,15360,0,15360,25000,14605,15128,523,755,1278,0.950846,0.965428,0,0,0.000000
140,0.324160,54.080000,1.310179,0.000000,0.000000,0.603800,0.000000,0.603800,0.859240,1,15095,0,15095,25000,14213,14832,619,882,1501,0.941570,0.958266,0,0,0.000000
141,0.258628,55.140000,1.304671,0.000000,0.000000,0.644040,0.000000,0.644040,0.896960,1,16101,0,16101,25000,15586,16284,698,515,1213,0.968014,0.957136,0,0,0.000000
142,0.313231,52.800000,1.321284,0.000000,0.000000,0.596120,0.000000,0.596120,0.896600,1,14903,0,14903,25000,13943,14652,709,960,1669,0.935583,0.951611,0,0,0.000000
143,0.244844,56.190000,1.281518,0.000000,0.000000,0.620920,0.000000,0.620920,0.918800,1,15523,0,15523,25000,15004,15872,868,519,1387,0.966566,0.945312,0,0,0.000000
144,0.241422,55.400000,1.298230,0.000000,0.000000,0.612320,0.000000,0.612320,0.917480,1,15308,0,15308,25000,14716,15512,796,592,1388,0.961327,0.948685,0,0,0.000000
145,0.308712,54.890000,1.304342,0.000000,0.000000,0.637320,0.000000,0.637320,0.896960,1,15933,0,15933,25000,15102,15656,554,831,1385,0.947844,0.964614,0,0,0.000000
146,0.282742,52.850000,1.335299,0.000000,0.000000,0.620880,0.000000,0.620880,0.905840,1,15522,0,15522,25000,14833,15700,867,689,1556,0.955611,0.944777,0,0,0.000000
147,0.269615,54.600000,1.298155,0.000000,0.000000,0.593000,0.000040,0.593040,0.907680,1,14825,1,14826,25000,14303,14896,593,523,1116,0.964724,0.960191,1,0,1.000000
148,0.270519,54.270000,1.296147,0.000000,0.000000,0.598280,0.000040,0.598320,0.893560,1,14957,1,14958,25000,14303,14904,601,655,1256,0.956211,0.959675,1,0,1.000000
149,0.275763,56.930000,1.250172,0.000000,0.000000,0.582320,0.000000,0.582320,0.903440,1,14558,0,14558,25000,13809,14560,751,749,1500,0.948551,0.948420,0,0,0.000000
150,0.270005,54.520000,1.293246,0.000000,0.000000,0.564320,0.000000,0.564320,0.919520,1,14108,0,14108,25000,13586,14140,554,522,1076,0.963000,0.960820,0,0,0.000000
151,0.284575,55.050000,1.273557,0.000000,0.000000,0.631680,0.000000,0.631680,0.911680,1,15792,0,15792,25000,15029,15876,847,763,1610,0.951684,0.946649,0,0,0.000000
152,0.279219,53.770000,1.313708,0.000000,0.000000,0.602120,0.000000,0.602120,0.900120,1,15053,0,15053,25000,14190,14888,698,863,1561,0.942669,0.953117,0,0,0.000000
153,0.219418,52.860000,1.323131,0.000000,0.000000,0.605360,0.000000,0.605360,0.924320,1,15134,0,15134,25000,14595,15352,757,539,1296,0.964385,0.950690,0,0,0.000000
154,0.218778,55.800000,1.270634,0.000000,0.000000,0.553800,0.000000,0.553800,0.910120,1,13845,0,13845,25000,13470,14324,854,375,1229,0.972914,0.940380,0,0,0.000000
155,0.238949,55.320000,1.280819,0.000000,0.000000,0.588600,0.000000,0.588600,0.917600,1,14715,0,14715,25000,14080,14832,752,635,1387,0.956847,0.949299,0,0,0.000000
156,0.251024,56.690000,1.254697,0.000000,0.000000,0.612200,0.000000,0.612200,0.909840,1,15305,0,15305,25000,14603,15128,525,702,1227,0.954133,0.965296,0,0,0.000000
157,0.276216,54.430000,1.285187,0.000000,0.000000,0.536760,0.000000,0.536760,0.880760,1,13419,0,13419,25000,12726,13596,870,693,1563,0.948357,0.936011,0,0,0.000000
158,0.243610,55.390000,1.281973,0.000000,0.000000,0.620040,0.000000,0.620040,0.918200,1,15501,0,15501,25000,14761,15632,871,740,1611,0.952261,0.944281,0,0,0.000000
159,0.211475,54.570000,1.286346,0.000000,0.000000,0.572840,0.000000,0.572840,0.905040,1,14321,0,14321,25000,13847,14344,497,474,971,0.966902,0.965351,0,0,0.000000
160,0.234245,56.430000,1.260739,0.000000,0.000000,0.585320,0.000000,0.585320,0.915080,1,14633,0,14633,25000,14094,14848,754,539,1293,0.963165,0.949219,0,0,0.000000
161,0.236913,56.230000,1.265256,0.000000,0.000000,0.611360,0.000000,0.611360,0.916000,1,15284,0,15284,25000,14730,15604,874,554,1428,0.963753,0.943989,0,0,0.000000
162,0.220531,55.250000,1.273141,0.000000,0.000000,0.594840,0.000000,0.594840,0.917280,1,14871,0,14871,25000,14397,14924,527,474,1001,0.968126,0.964688,0,0,0.000000
163,0.293701,57.600000,1.226921,0.000000,0.000000,0.619160,0.000000,0.619160,0.894680,1,15479,0,15479,25000,14623,15304,681,856,1537,0.944699,0.955502,0,0,0.000000
164,0.202374,54.700000,1.283369,0.000000,0.000000,0.600880,0.000000,0.600880,0.925120,1,15022,0,15022,25000,14608,15168,560,414,974,0.972440,0.963080,0,0,0.000000
165,0.274504,56.940000,1.253206,0.000000,0.000000,0.596560,0.000080,0.596640,0.895040,1,14914,2,14916,25000,14182,14716,534,734,1268,0.950791,0.963713,2,0,1.000000
166,0.228195,55.380000,1.265026,0.000000,0.000000,0.628720,0.000000,0.628720,0.900680,1,15718,0,15718,25000,15305,15860,555,413,968,0.973724,0.965006,0,0,0.000000
167,0.230231,56.940000,1.237234,0.000000,0.000000,0.623600,0.000000,0.623600,0.922240,1,15590,0,15590,25000,14900,15580,680,690,1370,0.955741,0.956354,0,0,0.000000
168,0.186297,54.620000,1.269370,0.000000,0.000000,0.614240,0.000000,0.614240,0.926960,1,15356,0,15356,25000,15070,15800,730,286,1016,0.981375,0.953797,0,0,0.000000
169,0.219799,54.790000,1.270405,0.000000,0.000000,0.621960,0.000000,0.621960,0.908360,1,15549,0,15549,25000,15077,15920,843,472,1315,0.969644,0.947048,0,0,0.000000
170,0.192269,54.130000,1.283924,0.000000,0.000000,0.593840,0.000040,0.593880,0.930720,1,14846,1,14847,25000,14508,15156,648,339,987,0.977167,0.957245,1,0,1.000000
171,0.241744,55.610000,1.256016,0.000000,0.000000,0.592880,0.000000,0.592880,0.923160,1,14822,0,14822,25000,14228,15296,1068,594,1662,0.959924,0.930178,0,0,0.000000
172,0.207466,56.390000,1.239231,0.000000,0.000000,0.606440,0.000000,0.606440,0.926840,1,15161,0,15161,25000,14734,15540,806,427,1233,0.971836,0.948134,0,0,0.000000
173,0.260212,55.050000,1.264421,0.000000,0.000000,0.650160,0.000000,0.650160,0.894640,1,16254,0,16254,25000,15528,16228,700,726,1426,0.955334,0.956865,0,0,0.000000
174,0.217511,56.950000,1.240270,0.000000,0.000000,0.585160,0.000000,0.585160,0.921960,1,14629,0,14629,25000,14091,14868,777,538,1315,0.963224,0.947740,0,0,0.000000
175,0.218556,56.500000,1.244142,0.000000,0.000000,0.610360,0.000000,0.610360,0.896880,1,15259,0,15259,25000,14863,15652,789,396,1185,0.974048,0.949591,0,0,0.000000
176,0.244350,57.660000,1.212634,0.000000,0.000000,0.608520,0.000000,0.608520,0.916440,1,15213,0,15213,25000,14554,15392,838,659,1497,0.956682,0.945556,0,0,0.000000
177,0.199837,56.090000,1.261128,0.000000,0.000000,0.604800,0.000000,0.604800,0.935320,1,15120,0,15120,25000,14590,15212,622,530,1152,0.964947,0.959111,0,0,0.000000
178,0.151569,56.200000,1.248949,0.000000,0.000000,0.621360,0.000000,0.621360,0.948400,1,15534,0,15534,25000,15307,16024,717,227,944,0.985387,0.955255,0,0,0.000000
179,0.235633,56.840000,1.236126,0.000000,0.000000,0.584320,0.000000,0.584320,0.915720,1,14608,0,14608,25000,13911,14640,729,697,1426,0.952286,0.950205,0,0,0.000000
180,0.193822,58.030000,1.208382,0.000000,0.000000,0.652400,0.000000,0.652400,0.927160,1,16310,0,16310,25000,15864,16656,792,446,1238,0.972655,0.952450,0,0,0.000000
181,0.244317,56.250000,1.260405,0.000000,0.000000,0.593560,0.000000,0.593560,0.909160,1,14839,0,14839,25000,14163,14876,713,676,1389,0.954444,0.952070,0,0,0.000000
182,0.176977,57.190000,1.204165,0.000000,0.000000,0.560160,0.000040,0.560200,0.940080,1,14004,1,14005,25000,13677,14516,839,328,1167,0.976580,0.942202,1,0,1.000000
183,0.211717,58.170000,1.201285,0.000000,0.000000,0.605760,0.000000,0.605760,0.919840,1,15144,0,15144,25000,14657,15776,1119,487,1606,0.967842,0.929069,0,0,0.000000
184,0.238578,55.380000,1.245427,0.000000,0.000000,0.631160,0.000000,0.631160,0.930080,1,15779,0,15779,25000,15012,15952,940,767,1707,0.951391,0.941073,0,0,0.000000
185,0.236720,56.390000,1.234529,0.000000,0.000000,0.605160,0.000000,0.605160,0.920160,1,15129,0,15129,25000,14539,15168,629,590,1219,0.961002,0.958531,0,0,0.000000
186,0.240996,56.450000,1.225901,0.000000,0.000000,0.571200,0.000080,0.571280,0.901600,1,14280,2,14282,25000,13603,14528,925,679,1604,0.952458,0.936330,2,0,1.000000
187,0.241673,55.040000,1.286442,0.000000,0.000000,0.613080,0.000040,0.613120,0.914760,1,15327,1,15328,25000,14555,15008,453,773,1226,0.949569,0.969816,1,0,1.000000
188,0.208899,56.690000,1.224504,0.000000,0.000000,0.566240,0.000000,0.566240,0.916000,1,14156,0,14156,25000,13657,14416,759,499,1258,0.964750,0.947350,0,0,0.000000
189,0.220982,54.240000,1.282951,0.000000,0.000000,0.603880,0.000000,0.603880,0.925880,1,15097,0,15097,25000,14407,15196,789,690,1479,0.954296,0.948078,0,0,0.000000
190,0.176722,56.760000,1.236030,0.000000,0.000000,0.597880,0.000040,0.597920,0.937360,1,14947,1,14948,25000,14607,15500,893,341,1234,0.977188,0.942387,1,0,1.000000
191,0.224026,57.410000,1.222263,0.000000,0.000000,0.608280,0.000080,0.608360,0.908680,1,15207,2,15209,25000,14589,15520,931,620,1551,0.959235,0.940013,2,0,1.000000
192,0.206702,57.300000,1.215577,0.000000,0.000000,0.664960,0.000000,0.664960,0.924640,1,16624,0,16624,25000,16083,16612,529,541,1070,0.967457,0.968156,0,0,0.000000
193,0.221769,56.920000,1.214095,0.000000,0.000000,0.573120,0.000000,0.573120,0.918200,1,14328,0,14328,25000,13687,14676,989,641,1630,0.955262,0.932611,0,0,0.000000
194,0.208773,54.780000,1.289058,0.000000,0.000000,0.577920,0.000000,0.577920,0.930520,1,14448,0,14448,25000,13890,14628,738,558,1296,0.961379,0.949549,0,0,0.000000
195,0.226635,57.300000,1.211326,0.000000,0.000000,0.562920,0.000000,0.562920,0.915920,1,14073,0,14073,25000,13392,14524,1132,681,1813,0.951609,0.922060,0,0,0.000000
196,0.253946,56.560000,1.231716,0.000000,0.000000,0.596280,0.000000,0.596280,0.920240,1,14907,0,14907,25000,14017,14928,911,890,1801,0.940297,0.938974,0,0,0.000000
197,0.243730,59.320000,1.157446,0.000000,0.000000,0.548040,0.000000,0.548040,0.909600,1,13701,0,13701,25000,13030,13848,818,671,1489,0.951025,0.940930,0,0,0.000000
198,0.210251,58.040000,1.187715,0.000000,0.000000,0.568720,0.000000,0.568720,0.922640,1,14218,0,14218,25000,13622,14348,726,596,1322,0.958081,0.949401,0,0,0.000000
199,0.193943,57.560000,1.212673,0.000000,0.000000,0.593000,0.000000,0.593000,0.927360,1,14825,0,14825,25000,14288,15028,740,537,1277,0.963777,0.950759,0,0,0.000000
200,0.231061,56.980000,1.212076,0.000000,0.000000,0.621920,0.000000,0.621920,0.929280,1,15548,0,15548,25000,14810,15468,658,738,1396,0.952534,0.957461,0,0,0.000000
201,0.252566,56.320000,1.232956,0.000000,0.000000,0.609720,0.000000,0.609720,0.913520,1,15243,0,15243,25000,14419,15384,965,824,1789,0.945942,0.937272,0,0,0.000000
202,0.202985,57.530000,1.220244,0.000000,0.000000,0.609640,0.000040,0.609680,0.916680,1,15241,1,15242,25000,14724,15768,1044,518,1562,0.966015,0.933790,1,0,1.000000
203,0.215038,59.270000,1.167265,0.000000,0.000000,0.565640,0.000000,0.565640,0.916560,1,14141,0,14141,25000,13604,14580,976,537,1513,0.962025,0.933059,0,0,0.000000
204,0.178237,57.620000,1.204220,0.000000,0.000000,0.574640,0.000000,0.574640,0.940480,1,14366,0,14366,25000,13869,14576,707,497,1204,0.965404,0.951496,0,0,0.000000
205,0.249850,58.190000,1.188296,0.000000,0.000000,0.559520,0.000040,0.559560,0.909640,1,13988,1,13989,25000,13109,13972,863,880,1743,0.937093,0.938234,1,0,1.000000
206,0.198403,57.270000,1.213001,0.000000,0.000000,0.579960,0.000040,0.580000,0.934720,1,14499,1,14500,25000,13949,14864,915,551,1466,0.962000,0.938442,1,0,1.000000
207,0.234086,57.110000,1.198064,0.000000,0.000000,0.585720,0.000040,0.585760,0.913800,1,14643,1,14644,25000,13858,14564,706,786,1492,0.946326,0.951524,1,0,1.000000
208,0.160904,58.160000,1.189071,0.000000,0.000000,0.611920,0.000000,0.611920,0.940720,1,15298,0,15298,25000,15012,15888,876,286,1162,0.981305,0.944864,0,0,0.000000
209,0.252173,57.950000,1.208933,0.000000,0.000000,0.609200,0.000000,0.609200,0.914840,1,15230,0,15230,25000,14287,15040,753,943,1696,0.938083,0.949934,0,0,0.000000
210,0.247492,57.390000,1.204807,0.000000,0.000000,0.589240,0.000040,0.589280,0.898160,1,14731,1,14732,25000,14046,14892,846,686,1532,0.953435,0.943191,1,0,1.000000
211,0.186829,58.500000,1.185766,0.000000,0.000000,0.589160,0.000000,0.589160,0.928880,1,14729,0,14729,25000,14418,15032,614,311,925,0.978885,0.959154,0,0,0.000000
212,0.219979,55.740000,1.254196,0.000000,0.000000,0.572960,0.000000,0.572960,0.925040,1,14324,0,14324,25000,13681,14496,815,643,1458,0.955110,0.943778,0,0,0.000000
213,0.281376,57.480000,1.185388,0.000000,0.000000,0.633680,0.000000,0.633680,0.890600,1,15842,0,15842,25000,14768,15512,744,1074,1818,0.932206,0.952037,0,0,0.000000
214,0.272598,57.210000,1.221783,0.000000,0.000000,0.598560,0.000000,0.598560,0.895880,1,14964,0,14964,25000,13991,14716,725,973,1698,0.934977,0.950734,0,0,0.000000
215,0.202749,56.970000,1.206718,0.000000,0.000000,0.606200,0.000080,0.606280,0.923880,1,15155,2,15157,25000,14620,15384,764,537,1301,0.964571,0.950338,2,0,1.000000
216,0.197788,58.480000,1.167663,0.000000,0.000000,0.569120,0.000000,0.569120,0.922520,1,14228,0,14228,25000,13758,14680,922,470,1392,0.966967,0.937193,0,0,0.000000
217,0.199268,57.260000,1.232178,0.000000,0.000000,0.607120,0.000000,0.607120,0.926680,1,15178,0,15178,25000,14638,15176,538,540,1078,0.964422,0.964549,0,0,0.000000
218,0.204637,57.950000,1.197675,0.000000,0.000000,0.631440,0.000040,0.631480,0.904080,1,15786,1,15787,25000,15352,16036,684,435,1119,0.972446,0.957346,1,0,1.000000
219,0.174985,57.950000,1.184589,0.000000,0.000000,0.616520,0.000000,0.616520,0.939800,1,15413,0,15413,25000,15046,15604,558,367,925,0.976189,0.964240,0,0,0.000000
220,0.202296,57.660000,1.201174,0.000000,0.000000,0.604360,0.000080,0.604440,0.931760,1,15109,2,15111,25000,14544,14996,452,567,1019,0.962478,0.969859,2,0,1.000000
221,0.199386,56.510000,1.208091,0.000000,0.000000,0.619680,0.000040,0.619720,0.923080,1,15492,1,15493,25000,14963,15896,933,530,1463,0.965791,0.941306,1,0,1.000000
222,0.185855,58.920000,1.161302,0.000000,0.000000,0.601240,0.000000,0.601240,0.922200,1,15031,0,15031,25000,14584,15276,692,447,1139,0.970261,0.954700,0,0,0.000000
223,0.228522,57.350000,1.217306,0.000000,0.000000,0.637480,0.000000,0.637480,0.913640,1,15937,0,15937,25000,15132,15608,476,805,1281,0.949489,0.969503,0,0,0.000000
224,0.154905,56.770000,1.253093,0.000000,0.000000,0.605440,0.000000,0.605440,0.938920,1,15136,0,15136,25000,14871,15780,909,265,1174,0.982492,0.942395,0,0,0.000000
225,0.176079,57.460000,1.219990,0.000000,0.000000,0.614960,0.000000,0.614960,0.949720,1,15374,0,15374,25000,15047,16064,1017,327,1344,0.978730,0.936691,0,0,0.000000
226,0.192752,56.700000,1.240083,0.000000,0.000000,0.633480,0.000000,0.633480,0.937520,1,15837,0,15837,25000,15157,16180,1023,680,1703,0.957063,0.936774,0,0,0.000000
227,0.212301,58.520000,1.184947,0.000000,0.000000,0.628120,0.000040,0.628160,0.922720,1,15703,1,15704,25000,15011,16040,1029,693,1722,0.955871,0.935848,1,0,1.000000
228,0.191190,56.300000,1.220124,0.000000,0.000000,0.629720,0.000040,0.629760,0.930840,1,15743,1,15744,25000,15229,15896,667,515,1182,0.967289,0.958040,1,0,1.000000
229,0.225212,57.240000,1.209724,0.000000,0.000000,0.588440,0.000120,0.588560,0.921680,1,14711,3,14714,25000,13921,14928,1007,793,1800,0.946106,0.932543,3,0,1.000000
230,0.226576,56.350000,1.196921,0.000000,0.000000,0.616600,0.000000,0.616600,0.914840,1,15415,0,15415,25000,14700,15392,692,715,1407,0.953617,0.955042,0,0,0.000000
231,0.165604,58.300000,1.182010,0.000000,0.000000,0.617600,0.000000,0.617600,0.940680,1,15440,0,15440,25000,15187,15864,677,253,930,0.983614,0.957325,0,0,0.000000
232,0.210500,58.130000,1.188159,0.000000,0.000000,0.582640,0.000040,0.582680,0.931040,1,14566,1,14567,25000,13837,14544,707,730,1437,0.949887,0.951389,1,0,1.000000
233,0.275416,57.620000,1.208518,0.000000,0.000000,0.607800,0.000040,0.607840,0.897560,1,15195,1,15196,25000,14059,14988,929,1137,2066,0.925178,0.938017,1,0,1.000000
234,0.229863,57.750000,1.187212,0.000000,0.000000,0.611240,0.000000,0.611240,0.919960,1,15281,0,15281,25000,14480,15728,1248,801,2049,0.947582,0.920651,0,0,0.000000
235,0.221931,58.350000,1.183841,0.000000,0.000000,0.563640,0.000000,0.563640,0.914320,1,14091,0,14091,25000,13356,14032,676,735,1411,0.947839,0.951824,0,0,0.000000
236,0.233630,58.540000,1.186010,0.000000,0.000000,0.602480,0.000000,0.602480,0.912040,1,15062,0,15062,25000,14199,14960,761,863,1624,0.942703,0.949131,0,0,0.000000
237,0.259522,55.210000,1.245911,0.000000,0.000000,0.552440,0.000120,0.552560,0.909160,1,13811,3,13814,25000,12986,13772,786,828,1614,0.940061,0.942928,3,0,1.000000
238,0.184952,58.600000,1.164360,0.000000,0.000000,0.568360,0.000000,0.568360,0.921840,1,14209,0,14209,25000,13646,14900,1254,563,1817,0.960377,0.915839,0,0,0.000000
239,0.212549,58.570000,1.186436,0.000000,0.000000,0.597920,0.000080,0.598000,0.921080,1,14948,2,14950,25000,14307,15128,821,643,1464,0.956990,0.945730,2,0,1.000000
240,0.185802,57.310000,1.182375,0.000000,0.000000,0.565760,0.000000,0.565760,0.933200,1,14144,0,14144,25000,13639,14932,1293,505,1798,0.964296,0.913407,0,0,0.000000
241,0.231543,57.530000,1.214642,0.000000,0.000000,0.544280,0.000000,0.544280,0.915040,1,13607,0,13607,25000,12807,13960,1153,800,1953,0.941207,0.917407,0,0,0.000000
242,0.207496,59.010000,1.164203,0.000000,0.000000,0.603880,0.000080,0.603960,0.935160,1,15097,2,15099,25000,14479,15468,989,620,1609,0.958938,0.936062,2,0,1.000000
243,0.223984,57.220000,1.202877,0.000000,0.000000,0.542480,0.000040,0.542520,0.920840,1,13562,1,13563,25000,12749,13648,899,814,1713,0.939984,0.934130,1,0,1.000000
244,0.234996,57.920000,1.182171,0.000000,0.000000,0.620920,0.000080,0.621000,0.922760,1,15523,2,15525,25000,14624,15736,1112,901,2013,0.941965,0.929334,2,0,1.000000
245,0.194748,58.830000,1.169823,0.000000,0.000000,0.609240,0.000000,0.609240,0.933800,1,15231,0,15231,25000,14719,15856,1137,512,1649,0.966384,0.928292,0,0,0.000000
246,0.221384,59.860000,1.143214,0.000000,0.000000,0.556720,0.000120,0.556840,0.906520,1,13918,3,13921,25000,13222,14296,1074,699,1773,0.949788,0.924874,3,0,1.000000
247,0.229284,58.490000,1.164387,0.000000,0.000000,0.614120,0.000000,0.614120,0.926720,1,15353,0,15353,25000,14509,15516,1007,844,1851,0.945027,0.935099,0,0,0.000000
248,0.174679,58.060000,1.184494,0.000000,0.000000,0.602560,0.000120,0.602680,0.935080,1,15064,3,15067,25000,14666,15856,1190,401,1591,0.973386,0.924950,3,0,1.000000
249,0.231073,58.100000,1.178615,0.000000,0.000000,0.604800,0.000040,0.604840,0.904240,1,15120,1,15121,25000,14425,15220,795,696,1491,0.953971,0.947766,1,0,1.000000
250,0.210790,59.170000,1.155309,0.000000,0.000000,0.579240,0.000000,0.579240,0.929480,1,14481,0,14481,25000,13807,14796,989,674,1663,0.953456,0.933158,0,0,0.000000
251,0.236477,59.460000,1.149918,0.000000,0.000000,0.559280,0.000040,0.559320,0.925320,1,13982,1,13983,25000,13134,14264,1130,849,1979,0.939283,0.920780,1,0,1.000000
252,0.232721,57.810000,1.165220,0.000000,0.000000,0.583480,0.000080,0.583560,0.917200,1,14587,2,14589,25000,13762,14680,918,827,1745,0.943313,0.937466,2,0,1.000000
253,0.252902,58.510000,1.173011,0.000000,0.000000,0.624560,0.000000,0.624560,0.899920,1,15614,0,15614,25000,14600,15432,832,1014,1846,0.935058,0.946086,0,0,0.000000
254,0.208429,56.970000,1.197763,0.000000,0.000000,0.573200,0.000080,0.573280,0.929840,1,14330,2,14332,25000,13697,14752,1055,635,1690,0.955694,0.928484,2,0,1.000000
255,0.193180,58.650000,1.162817,0.000000,0.000000,0.589600,0.000040,0.589640,0.928200,1,14740,1,14741,25000,14091,14852,761,650,1411,0.955905,0.948761,1,0,1.000000
256,0.229113,57.930000,1.185682,0.000000,0.000000,0.621680,0.000000,0.621680,0.918840,1,15542,0,15542,25000,14660,15580,920,882,1802,0.943251,0.940950,0,0,0.000000
257,0.257064,57.230000,1.200920,0.000000,0.000000,0.564960,0.000080,0.565040,0.916400,1,14124,2,14126,25000,13082,14276,1194,1044,2238,0.926094,0.916363,2,0,1.000000
258,0.213749,56.610000,1.223928,0.000000,0.000000,0.591400,0.000040,0.591440,0.929040,1,14785,1,14786,25000,14023,15100,1077,763,1840,0.948397,0.928675,1,0,1.000000
259,0.147858,57.730000,1.200138,0.000000,0.000000,0.617440,0.000000,0.617440,0.935560,1,15436,0,15436,25000,15188,15664,476,248,724,0.983934,0.969612,0,0,0.000000
260,0.171515,58.670000,1.164116,0.000000,0.000000,0.591640,0.000000,0.591640,0.930800,1,14791,0,14791,25000,14385,15240,855,406,1261,0.972551,0.943898,0,0,0.000000
261,0.228954,57.290000,1.198956,0.000000,0.000000,0.561480,0.000000,0.561480,0.921000,1,14037,0,14037,25000,13115,14228,1113,922,2035,0.934316,0.921774,0,0,0.000000
262,0.276840,56.310000,1.233909,0.000000,0.000000,0.613560,0.000000,0.613560,0.908680,1,15339,0,15339,25000,14229,15128,899,1110,2009,0.927635,0.940574,0,0,0.000000
263,0.241323,56.020000,1.231817,0.000000,0.000000,0.596400,0.000000,0.596400,0.905240,1,14910,0,14910,25000,13963,15336,1373,947,2320,0.936486,0.910472,0,0,0.000000
264,0.167927,59.050000,1.169958,0.000000,0.000000,0.574440,0.000160,0.574600,0.938800,1,14361,4,14365,25000,13941,14780,839,424,1263,0.970484,0.943234,4,0,1.000000
265,0.208036,57.140000,1.202468,0.000000,0.000000,0.572880,0.000000,0.572880,0.920280,1,14322,0,14322,25000,13632,14484,852,690,1542,0.951822,0.941176,0,0,0.000000
266,0.218062,57.500000,1.205920,0.000000,0.000000,0.609800,0.000000,0.609800,0.910280,1,15245,0,15245,25000,14535,15128,593,710,1303,0.953427,0.960801,0,0,0.000000
267,0.209015,58.930000,1.152413,0.000000,0.000000,0.599480,0.000000,0.599480,0.932680,1,14987,0,14987,25000,14332,15508,1176,655,1831,0.956295,0.924168,0,0,0.000000
268,0.184292,57.490000,1.194423,0.000000,0.000000,0.630920,0.000040,0.630960,0.927120,1,15773,1,15774,25000,15177,15892,715,597,1312,0.962153,0.955009,1,0,1.000000
269,0.234093,56.110000,1.200063,0.000000,0.000000,0.584520,0.000080,0.584600,0.912040,1,14613,2,14615,25000,13817,14628,811,798,1609,0.945399,0.944558,2,0,1.000000
270,0.189883,59.330000,1.143500,0.000000,0.000000,0.604880,0.000000,0.604880,0.923160,1,15122,0,15122,25000,14516,14996,480,606,1086,0.959926,0.967991,0,0,0.000000
271,0.172485,58.930000,1.156162,0.000000,0.000000,0.597240,0.000000,0.597240,0.942200,1,14931,0,14931,25000,14383,15212,829,548,1377,0.963298,0.945504,0,0,0.000000
272,0.200570,59.680000,1.138735,0.000000,0.000000,0.598840,0.000000,0.598840,0.928760,1,14971,0,14971,25000,14357,15340,983,614,1597,0.958987,0.935919,0,0,0.000000
273,0.168895,56.920000,1.199628,0.000000,0.000000,0.620200,0.000040,0.620240,0.932200,1,15505,1,15506,25000,15043,15848,805,463,1268,0.970141,0.949205,1,0,1.000000
274,0.171485,57.720000,1.203332,0.000000,0.000000,0.626480,0.000040,0.626520,0.928800,1,15662,1,15663,25000,15178,15928,750,485,1235,0.969035,0.952913,1,0,1.000000
275,0.162648,57.420000,1.204536,0.000000,0.000000,0.613480,0.000040,0.613520,0.941880,1,15337,1,15338,25000,14921,15984,1063,417,1480,0.972813,0.933496,1,0,1.000000
276,0.238064,60.170000,1.130474,0.000000,0.000000,0.626320,0.000040,0.626360,0.904400,1,15658,1,15659,25000,14767,15864,1097,892,1989,0.943036,0.930850,1,0,1.000000
277,0.192117,59.150000,1.158532,0.000000,0.000000,0.582760,0.000040,0.582800,0.910560,1,14569,1,14570,25000,14151,14840,689,419,1108,0.971242,0.953571,1,0,1.000000
278,0.165783,57.740000,1.174859,0.000000,0.000000,0.601360,0.000040,0.601400,0.940080,1,15034,1,15035,25000,14746,15720,974,289,1263,0.980778,0.938041,1,0,1.000000
279,0.131602,59.240000,1.160533,0.000000,0.000000,0.630080,0.000000,0.630080,0.954680,1,15752,0,15752,25000,15522,16228,706,230,936,0.985399,0.956495,0,0,0.000000
280,0.208430,60.340000,1.151128,0.000000,0.000000,0.584520,0.000000,0.584520,0.908640,1,14613,0,14613,25000,13998,14776,778,615,1393,0.957914,0.947347,0,0,0.000000
281,0.202391,60.500000,1.129347,0.000000,0.000000,0.577400,0.000040,0.577440,0.921040,1,14435,1,14436,25000,13944,14704,760,492,1252,0.965919,0.948313,1,0,1.000000
282,0.215380,59.710000,1.131967,0.000000,0.000000,0.583280,0.000000,0.583280,0.919880,1,14582,0,14582,25000,13805,14640,835,777,1612,0.946715,0.942964,0,0,0.000000
283,0.224203,59.680000,1.152837,0.000000,0.000000,0.623280,0.000040,0.623320,0.911800,1,15582,1,15583,25000,14742,15568,826,841,1667,0.946031,0.946942,1,0,1.000000
284,0.173421,59.830000,1.148559,0.000000,0.000000,0.599240,0.000000,0.599240,0.933760,1,14981,0,14981,25000,14528,15036,508,453,961,0.969762,0.966214,0,0,0.000000
285,0.190327,59.900000,1.131597,0.000000,0.000000,0.599200,0.000000,0.599200,0.936880,1,14980,0,14980,25000,14348,14864,516,632,1148,0.957810,0.965285,0,0,0.000000
286,0.215521,57.030000,1.199935,0.000000,0.000000,0.602320,0.000000,0.602320,0.927920,1,15058,0,15058,25000,14348,14924,576,710,1286,0.952849,0.961404,0,0,0.000000
287,0.204348,58.170000,1.190991,0.000000,0.000000,0.580400,0.000000,0.580400,0.932760,1,14510,0,14510,25000,13767,14556,789,743,1532,0.948794,0.945796,0,0,0.000000
288,0.254837,60.200000,1.128668,0.000000,0.000000,0.575880,0.000000,0.575880,0.914000,1,14397,0,14397,25000,13311,14348,1037,1086,2123,0.924568,0.927725,0,0,0.000000
289,0.183728,56.290000,1.213017,0.000000,0.000000,0.573040,0.000040,0.573080,0.931360,1,14326,1,14327,25000,13766,14848,1082,561,1643,0.960843,0.927128,1,0,1.000000
290,0.186643,58.530000,1.176414,0.000000,0.000000,0.591480,0.000000,0.591480,0.941120,1,14787,0,14787,25000,14077,14960,883,710,1593,0.951985,0.940976,0,0,0.000000
291,0.179517,58.910000,1.150533,0.000000,0.000000,0.627760,0.000000,0.627760,0.941800,1,15694,0,15694,25000,15237,15856,619,457,1076,0.970881,0.960961,0,0,0.000000
292,0.231815,59.140000,1.148544,0.000000,0.000000,0.593240,0.000040,0.593280,0.902400,1,14831,1,14832,25000,14099,15056,957,733,1690,0.950580,0.936437,1,0,1.000000
293,0.204219,58.110000,1.197129,0.000000,0.000000,0.580000,0.000000,0.580000,0.927720,1,14500,0,14500,25000,13729,14320,591,771,1362,0.946828,0.958729,0,0,0.000000
294,0.229163,58.540000,1.173430,0.000000,0.000000,0.569960,0.000000,0.569960,0.909600,1,14249,0,14249,25000,13364,14436,1072,885,1957,0.937890,0.925741,0,0,0.000000
295,0.130547,58.120000,1.175375,0.000000,0.000000,0.621880,0.000000,0.621880,0.946920,1,15547,0,15547,25000,15321,16016,695,226,921,0.985463,0.956606,0,0,0.000000
296,0.257535,59.150000,1.153869,0.000000,0.000000,0.595560,0.000000,0.595560,0.907720,1,14889,0,14889,25000,13757,14744,987,1132,2119,0.923971,0.933058,0,0,0.000000
297,0.171013,60.190000,1.145779,0.000000,0.000000,0.598920,0.000080,0.599000,0.937920,1,14973,2,14975,25000,14699,15756,1057,276,1333,0.981569,0.932914,2,0,1.000000
298,0.176139,58.560000,1.163439,0.000000,0.000000,0.571000,0.000000,0.571000,0.930000,1,14275,0,14275,25000,13735,14784,1049,540,1589,0.962172,0.929045,0,0,0.000000
299,0.225153,58.930000,1.165154,0.000000,0.000000,0.617440,0.000040,0.617480,0.924160,1,15436,1,15437,25000,14490,15180,690,947,1637,0.938654,0.954545,1,0,1.000000
300,0.182368,58.750000,1.144185,0.000000,0.000000,0.615040,0.000000,0.615040,0.930400,1,15376,0,15376,25000,14725,15092,367,651,1018,0.957661,0.975682,0,0,0.000000
301,0.236364,58.490000,1.178336,0.000000,0.000000,0.600960,0.000000,0.600960,0.923360,1,15024,0,15024,25000,13966,15112,1146,1058,2204,0.929579,0.924166,0,0,0.000000
302,0.201112,59.020000,1.148629,0.000000,0.000000,0.640560,0.000040,0.640600,0.914840,1,16014,1,16015,25000,15392,16212,820,623,1443,0.961099,0.949420,1,0,1.000000
303,0.216611,58.600000,1.156019,0.000000,0.000000,0.600160,0.000000,0.600160,0.913400,1,15004,0,15004,25000,14381,14928,547,623,1170,0.958478,0.963357,0,0,0.000000
304,0.146432,59.710000,1.130362,0.000000,0.000000,0.615200,0.000040,0.615240,0.938920,1,15380,1,15381,25000,15123,15692,569,258,827,0.983226,0.963739,1,0,1.000000
305,0.192911,58.530000,1.174948,0.000000,0.000000,0.626760,0.000000,0.626760,0.925480,1,15669,0,15669,25000,14988,16064,1076,681,1757,0.956538,0.933018,0,0,0.000000
306,0.171062,56.130000,1.215908,0.000000,0.000000,0.630080,0.000000,0.630080,0.936440,1,15752,0,15752,25000,15294,15912,618,458,1076,0.970924,0.961161,0,0,0.000000
307,0.172842,59.280000,1.152071,0.000000,0.000000,0.577880,0.000040,0.577920,0.928560,1,14447,1,14448,25000,13918,14604,686,530,1216,0.963317,0.953027,1,0,1.000000
308,0.222328,58.140000,1.179790,0.000000,0.000000,0.617120,0.000040,0.617160,0.934520,1,15428,1,15429,25000,14528,15436,908,901,1809,0.941603,0.941176,1,0,1.000000
309,0.230675,57.510000,1.177716,0.000000,0.000000,0.610120,0.000080,0.610200,0.911600,1,15253,2,15255,25000,14394,15120,726,861,1587,0.943559,0.951984,2,0,1.000000
310,0.208950,59.860000,1.135874,0.000000,0.000000,0.611720,0.000000,0.611720,0.922920,1,15293,0,15293,25000,14584,15468,884,709,1593,0.953639,0.942850,0,0,0.000000
311,0.217131,59.720000,1.127675,0.000000,0.000000,0.608640,0.000000,0.608640,0.916040,1,15216,0,15216,25000,14333,15000,667,883,1550,0.941969,0.955533,0,0,0.000000
312,0.184442,58.590000,1.167203,0.000000,0.000000,0.628400,0.000000,0.628400,0.926480,1,15710,0,15710,25000,15196,15752,556,514,1070,0.967282,0.964703,0,0,0.000000
313,0.244184,59.280000,1.164381,0.000000,0.000000,0.563200,0.000000,0.563200,0.912520,1,14080,0,14080,25000,13142,13912,770,938,1708,0.933381,0.944652,0,0,0.000000
314,0.170009,57.260000,1.196324,0.000000,0.000000,0.611960,0.000000,0.611960,0.943160,1,15299,0,15299,25000,14837,15572,735,462,1197,0.969802,0.952800,0,0,0.000000
315,0.168158,59.230000,1.161135,0.000000,0.000000,0.617600,0.000040,0.617640,0.941160,1,15440,1,15441,25000,15020,15608,588,421,1009,0.972735,0.962327,1,0,1.000000
316,0.202037,58.930000,1.162199,0.000000,0.000000,0.588280,0.000040,0.588320,0.920880,1,14707,1,14708,25000,13967,14680,713,741,1454,0.949619,0.951431,1,0,1.000000
317,0.229673,58.090000,1.186395,0.000000,0.000000,0.638000,0.000000,0.638000,0.919800,1,15950,0,15950,25000,14942,15432,490,1008,1498,0.936803,0.968248,0,0,0.000000
318,0.182330,58.350000,1.168224,0.000000,0.000000,0.592920,0.000000,0.592920,0.935720,1,14823,0,14823,25000,14119,14704,585,704,1289,0.952506,0.960215,0,0,0.000000
319,0.134476,57.830000,1.176468,0.000000,0.000000,0.596640,0.000000,0.596640,0.953240,1,14916,0,14916,25000,14657,15852,1195,259,1454,0.982636,0.924615,0,0,0.000000
320,0.175545,60.250000,1.143194,0.000000,0.000000,0.601040,0.000040,0.601080,0.931840,1,15026,1,15027,25000,14538,15152,614,489,1103,0.967459,0.959477,1,0,1.000000
321,0.217367,59.690000,1.131784,0.000000,0.000000,0.569480,0.000000,0.569480,0.923000,1,14237,0,14237,25000,13559,14640,1081,678,1759,0.952378,0.926161,0,0,0.000000
322,0.222156,59.490000,1.124259,0.000000,0.000000,0.596400,0.000000,0.596400,0.923720,1,14910,0,14910,25000,14046,15020,974,864,1838,0.942052,0.935153,0,0,0.000000
323,0.191811,58.770000,1.156683,0.000000,0.000000,0.564960,0.000080,0.565040,0.936160,1,14124,2,14126,25000,13419,14080,661,707,1368,0.949950,0.953054,2,0,1.000000
324,0.188991,59.760000,1.140049,0.000000,0.000000,0.613680,0.000000,0.613680,0.930160,1,15342,0,15342,25000,14657,15248,591,685,1276,0.955351,0.961241,0,0,0.000000
325,0.160573,58.630000,1.165860,0.000000,0.000000,0.583920,0.000000,0.583920,0.943240,1,14598,0,14598,25000,14137,14892,755,461,1216,0.968420,0.949302,0,0,0.000000
326,0.157227,60.170000,1.126434,0.000000,0.000000,0.605960,0.000040,0.606000,0.932920,1,15149,1,15150,25000,14676,15740,1064,474,1538,0.968713,0.932402,1,0,1.000000
327,0.185728,58.500000,1.165047,0.000000,0.000000,0.600920,0.000000,0.600920,0.927920,1,15023,0,15023,25000,14499,15344,845,524,1369,0.965120,0.944930,0,0,0.000000
328,0.162723,58.150000,1.174739,0.000000,0.000000,0.580000,0.000000,0.580000,0.938680,1,14500,0,14500,25000,13992,14804,812,508,1320,0.964966,0.945150,0,0,0.000000
329,0.150509,60.890000,1.116872,0.000000,0.000000,0.554160,0.000000,0.554160,0.937480,1,13854,0,13854,25000,13442,14468,1026,412,1438,0.970261,0.929085,0,0,0.000000
330,0.140057,60.840000,1.112766,0.000000,0.000000,0.622200,0.000000,0.622200,0.947960,1,15555,0,15555,25000,15173,16076,903,382,1285,0.975442,0.943829,0,0,0.000000
331,0.211200,59.530000,1.156746,0.000000,0.000000,0.562640,0.000000,0.562640,0.925440,1,14066,0,14066,25000,13110,14144,1034,956,1990,0.932035,0.926895,0,0,0.000000
332,0.187122,59.690000,1.135078,0.000000,0.000000,0.566720,0.000040,0.566760,0.932200,1,14168,1,14169,25000,13445,14624,1179,724,1903,0.948903,0.919379,1,0,1.000000
333,0.209967,57.510000,1.165102,0.000000,0.000000,0.605320,0.000000,0.605320,0.917880,1,15133,0,15133,25000,14329,15020,691,804,1495,0.946871,0.953995,0,0,0.000000
334,0.175864,58.710000,1.171115,0.000000,0.000000,0.618120,0.000000,0.618120,0.944800,1,15453,0,15453,25000,14783,15304,521,670,1191,0.956643,0.965957,0,0,0.000000
335,0.167146,58.220000,1.175625,0.000000,0.000000,0.584720,0.000040,0.584760,0.942120,1,14618,1,14619,25000,14093,15056,963,526,1489,0.964019,0.936039,1,0,1.000000
336,0.230701,59.320000,1.145612,0.000000,0.000000,0.580200,0.000000,0.580200,0.917960,1,14505,0,14505,25000,13526,14224,698,979,1677,0.932506,0.950928,0,0,0.000000
337,0.234296,59.700000,1.151750,0.000000,0.000000,0.624120,0.000000,0.624120,0.915960,1,15603,0,15603,25000,14516,15520,1004,1087,2091,0.930334,0.935309,0,0,0.000000
338,0.189775,60.230000,1.134988,0.000000,0.000000,0.582800,0.000000,0.582800,0.921600,1,14570,0,14570,25000,13943,14552,609,627,1236,0.956966,0.958150,0,0,0.000000
339,0.175757,59.250000,1.149329,0.000000,0.000000,0.598240,0.000080,0.598320,0.934040,1,14956,2,14958,25000,14306,15064,758,652,1410,0.956411,0.949681,2,0,1.000000
340,0.234454,58.410000,1.168005,0.000000,0.000000,0.570800,0.000040,0.570840,0.921280,1,14270,1,14271,25000,13264,14108,844,1007,1851,0.929437,0.940176,1,0,1.000000
341,0.198275,59.390000,1.148682,0.000000,0.000000,0.604520,0.000040,0.604560,0.935640,1,15113,1,15114,25000,14397,15060,663,717,1380,0.952561,0.955976,1,0,1.000000
342,0.250369,58.810000,1.153799,0.000000,0.000000,0.596320,0.000080,0.596400,0.907320,1,14908,2,14910,25000,14156,14768,612,754,1366,0.949430,0.958559,2,0,1.000000
343,0.167866,58.230000,1.208891,0.000000,0.000000,0.632920,0.000000,0.632920,0.933280,1,15823,0,15823,25000,15242,15736,494,581,1075,0.963281,0.968607,0,0,0.000000
344,0.138638,61.100000,1.104673,0.000000,0.000000,0.566000,0.000080,0.566080,0.956200,1,14150,2,14152,25000,13859,14680,821,293,1114,0.979296,0.944074,2,0,1.000000
345,0.146997,59.510000,1.148102,0.000000,0.000000,0.638080,0.000000,0.638080,0.939680,1,15952,0,15952,25000,15520,16068,548,432,980,0.972919,0.965895,0,0,0.000000
346,0.202644,58.380000,1.167189,0.000000,0.000000,0.605040,0.000000,0.605040,0.933240,1,15126,0,15126,25000,14408,15392,984,718,1702,0.952532,0.936071,0,0,0.000000
347,0.182765,59.180000,1.165157,0.000000,0.000000,0.619800,0.000040,0.619840,0.927040,1,15495,1,15496,25000,14915,15772,857,581,1438,0.962506,0.945663,1,0,1.000000
348,0.198668,60.170000,1.134600,0.000000,0.000000,0.578560,0.000080,0.578640,0.929040,1,14464,2,14466,25000,13652,14680,1028,814,1842,0.943730,0.929973,2,0,1.000000
349,0.157842,59.410000,1.159685,0.000000,0.000000,0.600000,0.000000,0.600000,0.946960,1,15000,0,15000,25000,14434,15256,822,566,1388,0.962267,0.946120,0,0,0.000000
350,0.198227,57.280000,1.185625,0.000000,0.000000,0.581200,0.000000,0.581200,0.914280,1,14530,0,14530,25000,13884,14740,856,646,1502,0.955540,0.941927,0,0,0.000000
351,0.193373,59.910000,1.145791,0.000000,0.000000,0.588040,0.000040,0.588080,0.927600,1,14701,1,14702,25000,13923,14764,841,779,1620,0.947014,0.943037,1,0,1.000000
352,0.175994,57.420000,1.217391,0.000000,0.000000,0.602480,0.000000,0.602480,0.929520,1,15062,0,15062,25000,14501,15348,847,561,1408,0.962754,0.944814,0,0,0.000000
353,0.225401,60.130000,1.129216,0.000000,0.000000,0.637560,0.000000,0.637560,0.926000,1,15939,0,15939,25000,14859,15820,961,1080,2041,0.932242,0.939254,0,0,0.000000
354,0.208682,59.080000,1.160693,0.000000,0.000000,0.575800,0.000000,0.575800,0.920800,1,14395,0,14395,25000,13542,14080,538,853,1391,0.940743,0.961790,0,0,0.000000
355,0.216143,59.880000,1.157228,0.000000,0.000000,0.628360,0.000040,0.628400,0.920160,1,15709,1,15710,25000,14787,15520,733,923,1656,0.941248,0.952771,1,0,1.000000
356,0.198305,59.810000,1.140832,0.000000,0.000000,0.625440,0.000000,0.625440,0.928320,1,15636,0,15636,25000,14910,15788,878,726,1604,0.953569,0.944388,0,0,0.000000
357,0.188093,57.800000,1.210150,0.000000,0.000000,0.619560,0.000000,0.619560,0.928600,1,15489,0,15489,25000,14765,15496,731,724,1455,0.953257,0.952827,0,0,0.000000
358,0.168922,59.010000,1.151067,0.000000,0.000000,0.630560,0.000120,0.630680,0.942640,1,15764,3,15767,25000,15130,15888,758,637,1395,0.959599,0.952291,3,0,1.000000
359,0.164727,59.880000,1.146849,0.000000,0.000000,0.584040,0.000000,0.584040,0.915400,1,14601,0,14601,25000,14180,14780,600,421,1021,0.971166,0.959405,0,0,0.000000
360,0.263569,58.680000,1.149242,0.000000,0.000000,0.597760,0.000080,0.597840,0.910760,1,14944,2,14946,25000,13996,14344,348,950,1298,0.936438,0.975739,2,0,1.000000
361,0.284611,59.060000,1.157044,0.000000,0.000000,0.604160,0.000040,0.604200,0.888120,1,15104,1,15105,25000,13896,14712,816,1209,2025,0.919960,0.944535,1,0,1.000000
362,0.133404,59.650000,1.148655,0.000000,0.000000,0.621120,0.000040,0.621160,0.954040,1,15528,1,15529,25000,15158,15836,678,371,1049,0.976109,0.957186,1,0,1.000000
363,0.196194,59.710000,1.142993,0.000000,0.000000,0.588800,0.000000,0.588800,0.937080,1,14720,0,14720,25000,13988,14568,580,732,1312,0.950272,0.960187,0,0,0.000000
364,0.133698,59.770000,1.144816,0.000000,0.000000,0.601520,0.000080,0.601600,0.944400,1,15038,2,15040,25000,14718,15492,774,322,1096,0.978590,0.950039,2,0,1.000000
365,0.225161,60.410000,1.138223,0.000000,0.000000,0.544600,0.000120,0.544720,0.904600,1,13615,3,13618,25000,12595,13268,673,1023,1696,0.924879,0.949276,3,0,1.000000
366,0.224132,58.700000,1.166743,0.000000,0.000000,0.616560,0.000040,0.616600,0.914000,1,15414,1,15415,25000,14387,14980,593,1028,1621,0.933312,0.960414,1,0,1.000000
367,0.191742,59.320000,1.150605,0.000000,0.000000,0.626200,0.000000,0.626200,0.924640,1,15655,0,15655,25000,14927,15776,849,728,1577,0.953497,0.946184,0,0,0.000000
368,0.200970,59.710000,1.145042,0.000000,0.000000,0.623080,0.000000,0.623080,0.925280,1,15577,0,15577,25000,14786,15484,698,791,1489,0.949220,0.954921,0,0,0.000000
369,0.174394,58.930000,1.176705,0.000000,0.000000,0.610280,0.000080,0.610360,0.934280,1,15257,2,15259,25000,14594,15332,738,665,1403,0.956419,0.951865,2,0,1.000000
370,0.155812,57.500000,1.194348,0.000000,0.000000,0.599520,0.000040,0.599560,0.934840,1,14988,1,14989,25000,14588,15200,612,401,1013,0.973247,0.959737,1,0,1.000000
371,0.144251,60.580000,1.116748,0.000000,0.000000,0.616000,0.000040,0.616040,0.944280,1,15400,1,15401,25000,14989,15684,695,412,1107,0.973248,0.955687,1,0,1.000000
372,0.236593,60.140000,1.136932,0.000000,0.000000,0.592480,0.000000,0.592480,0.913240,1,14812,0,14812,25000,13721,14480,759,1091,1850,0.926344,0.947583,0,0,0.000000
373,0.185890,59.960000,1.147191,0.000000,0.000000,0.604080,0.000000,0.604080,0.934280,1,15102,0,15102,25000,14327,15148,821,775,1596,0.948682,0.945801,0,0,0.000000
374,0.197461,56.610000,1.200842,0.000000,0.000000,0.620200,0.000040,0.620240,0.941280,1,15505,1,15506,25000,14729,15288,559,777,1336,0.949890,0.963435,1,0,1.000000
375,0.135826,56.650000,1.245908,0.000000,0.000000,0.646160,0.000040,0.646200,0.949920,1,16154,1,16155,25000,15764,16712,948,391,1339,0.975797,0.943274,1,0,1.000000
376,0.159333,57.460000,1.196933,0.000000,0.000000,0.615360,0.000000,0.615360,0.926480,1,15384,0,15384,25000,14990,15536,546,394,940,0.974389,0.964856,0,0,0.000000
377,0.148287,58.670000,1.167583,0.000000,0.000000,0.628240,0.000040,0.628280,0.946360,1,15706,1,15707,25000,15217,15884,667,490,1157,0.968804,0.958008,1,0,1.000000
378,0.200664,59.850000,1.154850,0.000000,0.000000,0.615080,0.000040,0.615120,0.913720,1,15377,1,15378,25000,14550,15412,862,828,1690,0.946157,0.944070,1,0,1.000000
379,0.210255,58.440000,1.176311,0.000000,0.000000,0.615400,0.000000,0.615400,0.935520,1,15385,0,15385,25000,14393,15180,787,992,1779,0.935522,0.948155,0,0,0.000000
380,0.181424,59.140000,1.139054,0.000000,0.000000,0.575120,0.000000,0.575120,0.931560,1,14378,0,14378,25000,13749,14352,603,629,1232,0.956253,0.957985,0,0,0.000000
381,0.178422,59.080000,1.160581,0.000000,0.000000,0.602640,0.000000,0.602640,0.938200,1,15066,0,15066,25000,14443,15196,753,623,1376,0.958649,0.950447,0,0,0.000000
382,0.204460,58.260000,1.200953,0.000000,0.000000,0.600000,0.000000,0.600000,0.917560,1,15000,0,15000,25000,14243,15012,769,757,1526,0.949533,0.948774,0,0,0.000000
383,0.224803,60.410000,1.129282,0.000000,0.000000,0.594360,0.000120,0.594480,0.918120,1,14859,3,14862,25000,13969,14484,515,893,1408,0.939914,0.964444,3,0,1.000000
384,0.222315,58.330000,1.178408,0.000000,0.000000,0.578840,0.000040,0.578880,0.917920,1,14471,1,14472,25000,13545,13992,447,927,1374,0.935945,0.968053,1,0,1.000000
385,0.224105,59.800000,1.148763,0.000000,0.000000,0.565760,0.000160,0.565920,0.917560,1,14144,4,14148,25000,13541,14372,831,607,1438,0.957096,0.942179,4,0,1.000000
386,0.192766,59.290000,1.148850,0.000000,0.000000,0.585640,0.000080,0.585720,0.915040,1,14641,2,14643,25000,14256,15120,864,387,1251,0.973571,0.942857,2,0,1.000000
387,0.192942,60.680000,1.120193,0.000000,0.000000,0.609560,0.000120,0.609680,0.936600,1,15239,3,15242,25000,14654,15236,582,588,1170,0.961422,0.961801,3,0,1.000000
388,0.150911,58.270000,1.202936,0.000000,0.000000,0.635200,0.000080,0.635280,0.940960,1,15880,2,15882,25000,15310,16060,750,572,1322,0.963984,0.953300,2,0,1.000000
389,0.232663,59.610000,1.141647,0.000000,0.000000,0.604160,0.000120,0.604280,0.919680,1,15104,3,15107,25000,14208,14832,624,899,1523,0.940491,0.957929,3,0,1.000000
390,0.171056,59.340000,1.159438,0.000000,0.000000,0.610680,0.000200,0.610880,0.940440,1,15267,5,15272,25000,14641,15304,663,631,1294,0.958683,0.956678,5,0,1.000000
391,0.189730,60.230000,1.131640,0.000000,0.000000,0.601320,0.000040,0.601360,0.932480,1,15033,1,15034,25000,14293,15068,775,741,1516,0.950712,0.948566,1,0,1.000000
392,0.193505,60.190000,1.112893,0.000000,0.000000,0.619800,0.000040,0.619840,0.928880,1,15495,1,15496,25000,14654,15476,822,842,1664,0.945663,0.946886,1,0,1.000000
393,0.157513,61.340000,1.101110,0.000000,0.000000,0.550520,0.000000,0.550520,0.943120,1,13763,0,13763,25000,13248,14188,940,515,1455,0.962581,0.933747,0,0,0.000000
394,0.142581,60.900000,1.131183,0.000000,0.000000,0.611920,0.000000,0.611920,0.948040,1,15298,0,15298,25000,14803,15628,825,495,1320,0.967643,0.947210,0,0,0.000000
395,0.236650,60.060000,1.144753,0.000000,0.000000,0.600800,0.000040,0.600840,0.922840,1,15020,1,15021,25000,13961,14768,807,1060,1867,0.929432,0.945355,1,0,1.000000
396,0.174298,60.230000,1.123636,0.000000,0.000000,0.610160,0.000000,0.610160,0.933760,1,15254,0,15254,25000,14683,15152,469,571,1040,0.962567,0.969047,0,0,0.000000
397,0.245392,60.030000,1.140512,0.000000,0.000000,0.584440,0.000120,0.584560,0.915360,1,14611,3,14614,25000,13730,14240,510,884,1394,0.939510,0.964185,3,0,1.000000
398,0.124853,58.820000,1.155673,0.000000,0.000000,0.564040,0.000000,0.564040,0.949120,1,14101,0,14101,25000,13829,14560,731,272,1003,0.980711,0.949794,0,0,0.000000
399,0.224332,61.300000,1.108793,0.000000,0.000000,0.608280,0.000000,0.608280,0.920480,1,15207,0,15207,25000,14260,14936,676,947,1623,0.937726,0.954740,0,0,0.000000
400,0.232320,58.900000,1.159152,0.000000,0.000000,0.620520,0.000040,0.620560,0.916320,1,15513,1,15514,25000,14730,15244,514,784,1298,0.949465,0.966282,1,0,1.000000
401,0.193792,60.540000,1.110179,0.000000,0.000000,0.604560,0.000000,0.604560,0.932280,1,15114,0,15114,25000,14442,14996,554,672,1226,0.955538,0.963057,0,0,0.000000
402,0.213302,59.560000,1.147937,0.000000,0.000000,0.592680,0.000000,0.592680,0.902160,1,14817,0,14817,25000,14056,14580,524,761,1285,0.948640,0.964060,0,0,0.000000
403,0.213823,59.340000,1.149690,0.000000,0.000000,0.612080,0.000000,0.612080,0.928920,1,15302,0,15302,25000,14313,14668,355,989,1344,0.935368,0.975798,0,0,0.000000
404,0.177021,60.240000,1.133799,0.000000,0.000000,0.605080,0.000000,0.605080,0.935320,1,15127,0,15127,25000,14482,15352,870,645,1515,0.957361,0.943330,0,0,0.000000
405,0.218180,59.510000,1.159068,0.000000,0.000000,0.584320,0.000000,0.584320,0.918040,1,14608,0,14608,25000,13758,14748,990,850,1840,0.941813,0.932872,0,0,0.000000
406,0.192656,60.440000,1.137708,0.000000,0.000000,0.601560,0.000040,0.601600,0.935280,1,15039,1,15040,25000,14429,14964,535,611,1146,0.959375,0.964248,1,0,1.000000
407,0.168346,59.910000,1.165276,0.000000,0.000000,0.622600,0.000080,0.622680,0.927600,1,15565,2,15567,25000,14995,15336,341,572,913,0.963256,0.977765,2,0,1.000000
408,0.216672,59.080000,1.126164,0.000000,0.000000,0.577640,0.000080,0.577720,0.929200,1,14441,2,14443,25000,13567,14272,705,876,1581,0.939348,0.950603,2,0,1.000000
409,0.258912,60.400000,1.107181,0.000000,0.000000,0.643720,0.000000,0.643720,0.922800,1,16093,0,16093,25000,15060,15440,380,1033,1413,0.935811,0.975389,0,0,0.000000
410,0.233892,60.870000,1.119376,0.000000,0.000000,0.633880,0.000040,0.633920,0.910800,1,15847,1,15848,25000,14942,15420,478,906,1384,0.942832,0.969001,1,0,1.000000
411,0.211151,58.460000,1.176645,0.000000,0.000000,0.572360,0.000040,0.572400,0.919240,1,14309,1,14310,25000,13541,14088,547,769,1316,0.946261,0.961173,1,0,1.000000
412,0.167675,59.040000,1.175960,0.000000,0.000000,0.614720,0.000040,0.614760,0.939120,1,15368,1,15369,25000,14781,15624,843,588,1431,0.961741,0.946045,1,0,1.000000
413,0.209847,59.630000,1.152662,0.000000,0.000000,0.601560,0.000000,0.601560,0.915640,1,15039,0,15039,25000,14185,14812,627,854,1481,0.943214,0.957669,0,0,0.000000
414,0.158558,58.250000,1.179753,0.000000,0.000000,0.617160,0.000200,0.617360,0.933520,1,15429,5,15434,25000,14935,15612,677,499,1176,0.967669,0.956636,5,0,1.000000
415,0.184053,60.250000,1.141816,0.000000,0.000000,0.632560,0.000120,0.632680,0.924160,1,15814,3,15817,25000,15336,16024,688,481,1169,0.969590,0.957064,3,0,1.000000
416,0.201236,60.370000,1.144839,0.000000,0.000000,0.598320,0.000000,0.598320,0.926800,1,14958,0,14958,25000,14097,14860,763,861,1624,0.942439,0.948654,0,0,0.000000
417,0.144331,60.420000,1.139423,0.000000,0.000000,0.602280,0.000000,0.602280,0.956440,1,15057,0,15057,25000,14606,15360,754,451,1205,0.970047,0.950911,0,0,0.000000
418,0.201609,60.300000,1.125395,0.000000,0.000000,0.570400,0.000080,0.570480,0.926320,1,14260,2,14262,25000,13526,14152,626,736,1362,0.948394,0.955766,2,0,1.000000
419,0.244969,60.750000,1.112799,0.000000,0.000000,0.639960,0.000000,0.639960,0.913880,1,15999,0,15999,25000,15086,15404,318,913,1231,0.942934,0.979356,0,0,0.000000
420,0.184462,60.090000,1.134200,0.000000,0.000000,0.619200,0.000000,0.619200,0.926720,1,15480,0,15480,25000,14758,15440,682,722,1404,0.953359,0.955829,0,0,0.000000
421,0.180742,62.060000,1.082206,0.000000,0.000000,0.601840,0.000080,0.601920,0.917720,1,15046,2,15048,25000,14500,15172,672,548,1220,0.963583,0.955708,2,0,1.000000
422,0.227760,61.600000,1.094928,0.000000,0.000000,0.569840,0.000040,0.569880,0.921840,1,14246,1,14247,25000,13442,13908,466,805,1271,0.943497,0.966494,1,0,1.000000
423,0.213875,57.570000,1.225493,0.000000,0.000000,0.606760,0.000080,0.606840,0.929640,1,15169,2,15171,25000,14366,14720,354,805,1159,0.946938,0.975951,2,0,1.000000
424,0.209889,59.560000,1.176207,0.000000,0.000000,0.646560,0.000000,0.646560,0.916360,1,16164,0,16164,25000,15391,16100,709,773,1482,0.952178,0.955963,0,0,0.000000
425,0.216725,61.480000,1.090856,0.000000,0.000000,0.576800,0.000000,0.576800,0.923480,1,14420,0,14420,25000,13587,14228,641,833,1474,0.942233,0.954948,0,0,0.000000
426,0.226437,59.670000,1.125188,0.000000,0.000000,0.595360,0.000000,0.595360,0.912000,1,14884,0,14884,25000,14039,14428,389,845,1234,0.943228,0.973039,0,0,0.000000
427,0.171911,60.100000,1.126494,0.000000,0.000000,0.608880,0.000000,0.608880,0.937280,1,15222,0,15222,25000,14688,15364,676,534,1210,0.964919,0.956001,0,0,0.000000
428,0.225334,60.690000,1.099747,0.000000,0.000000,0.591360,0.000000,0.591360,0.920440,1,14784,0,14784,25000,13717,14128,411,1067,1478,0.927827,0.970909,0,0,0.000000
429,0.162172,59.750000,1.151218,0.000000,0.000000,0.619440,0.000040,0.619480,0.932360,1,15486,1,15487,25000,15045,15572,527,442,969,0.971460,0.966157,1,0,1.000000
430,0.245765,60.690000,1.127507,0.000000,0.000000,0.634560,0.000040,0.634600,0.900720,1,15864,1,15865,25000,14816,15256,440,1049,1489,0.933880,0.971159,1,0,1.000000
431,0.188255,59.790000,1.145931,0.000000,0.000000,0.597440,0.000040,0.597480,0.927520,1,14936,1,14937,25000,14207,14668,461,730,1191,0.951128,0.968571,1,0,1.000000
432,0.186604,61.640000,1.087563,0.000000,0.000000,0.614720,0.000120,0.614840,0.933760,1,15368,3,15371,25000,14527,14972,445,844,1289,0.945091,0.970278,3,0,1.000000
433,0.201813,57.860000,1.183428,0.000000,0.000000,0.592680,0.000000,0.592680,0.922760,1,14817,0,14817,25000,13930,14584,654,887,1541,0.940136,0.955156,0,0,0.000000
434,0.186292,60.230000,1.134608,0.000000,0.000000,0.589560,0.000120,0.589680,0.922480,1,14739,3,14742,25000,14024,14708,684,718,1402,0.951296,0.953495,3,0,1.000000
435,0.132075,59.570000,1.146711,0.000000,0.000000,0.609080,0.000040,0.609120,0.952520,1,15227,1,15228,25000,14840,15496,656,388,1044,0.974521,0.957666,1,0,1.000000
436,0.243243,58.950000,1.171943,0.000000,0.000000,0.639200,0.000040,0.639240,0.915760,1,15980,1,15981,25000,15061,15760,699,920,1619,0.942432,0.955647,1,0,1.000000
437,0.212155,60.440000,1.133083,0.000000,0.000000,0.629200,0.000160,0.629360,0.924240,1,15730,4,15734,25000,14741,15356,615,993,1608,0.936888,0.959951,4,0,1.000000
438,0.243744,59.380000,1.182256,0.000000,0.000000,0.659840,0.000040,0.659880,0.914680,1,16496,1,16497,25000,15437,16136,699,1060,1759,0.935746,0.956681,1,0,1.000000
439,0.151564,58.630000,1.195405,0.000000,0.000000,0.665040,0.000160,0.665200,0.938400,1,16626,4,16630,25000,15973,16336,363,657,1020,0.960493,0.977779,4,0,1.000000
440,0.164315,60.750000,1.110777,0.000000,0.000000,0.648240,0.000000,0.648240,0.936720,1,16206,0,16206,25000,15726,16288,562,480,1042,0.970381,0.965496,0,0,0.000000
441,0.245027,58.980000,1.181398,0.000000,0.000000,0.623120,0.000000,0.623120,0.919480,1,15578,0,15578,25000,14360,14808,448,1218,1666,0.921813,0.969746,0,0,0.000000
442,0.176188,61.390000,1.092559,0.000000,0.000000,0.621080,0.000000,0.621080,0.940360,1,15527,0,15527,25000,14970,15720,750,557,1307,0.964127,0.952290,0,0,0.000000
443,0.202676,60.930000,1.105200,0.000000,0.000000,0.576480,0.000080,0.576560,0.924760,1,14412,2,14414,25000,13670,14068,398,744,1142,0.948384,0.971709,2,0,1.000000
444,0.151001,60.070000,1.130099,0.000000,0.000000,0.584200,0.000000,0.584200,0.948480,1,14605,0,14605,25000,14134,14756,622,471,1093,0.967751,0.957848,0,0,0.000000
445,0.159106,61.480000,1.097287,0.000000,0.000000,0.571080,0.000040,0.571120,0.940760,1,14277,1,14278,25000,13758,14464,706,520,1226,0.963580,0.951189,1,0,1.000000
446,0.188284,60.290000,1.127546,0.000000,0.000000,0.639920,0.000080,0.640000,0.937360,1,15998,2,16000,25000,15376,15900,524,624,1148,0.961000,0.967044,2,0,1.000000
447,0.133819,61.290000,1.118091,0.000000,0.000000,0.600200,0.000000,0.600200,0.940040,1,15005,0,15005,25000,14661,15152,491,344,835,0.977074,0.967595,0,0,0.000000
448,0.194037,59.800000,1.146686,0.000000,0.000000,0.554400,0.000000,0.554400,0.922640,1,13860,0,13860,25000,13144,13616,472,716,1188,0.948341,0.965335,0,0,0.000000
449,0.235151,60.660000,1.131819,0.000000,0.000000,0.588280,0.000000,0.588280,0.925800,1,14707,0,14707,25000,13765,14520,755,942,1697,0.935949,0.948003,0,0,0.000000
450,0.200403,59.920000,1.136019,0.000000,0.000000,0.608120,0.000080,0.608200,0.928240,1,15203,2,15205,25000,14398,15152,754,807,1561,0.946925,0.950238,2,0,1.000000
451,0.187227,61.280000,1.101473,0.000000,0.000000,0.576560,0.000000,0.576560,0.928560,1,14414,0,14414,25000,13759,14336,577,655,1232,0.954558,0.959752,0,0,0.000000
452,0.208044,60.250000,1.132004,0.000000,0.000000,0.654880,0.000000,0.654880,0.908280,1,16372,0,16372,25000,15576,16032,456,796,1252,0.951380,0.971557,0,0,0.000000
453,0.216336,59.920000,1.144010,0.000000,0.000000,0.592000,0.000000,0.592000,0.920000,1,14800,0,14800,25000,13958,14560,602,842,1444,0.943108,0.958654,0,0,0.000000
454,0.222496,59.790000,1.142353,0.000000,0.000000,0.614320,0.000040,0.614360,0.910880,1,15358,1,15359,25000,14379,14860,481,980,1461,0.936194,0.967631,1,0,1.000000
455,0.214632,59.230000,1.145317,0.000000,0.000000,0.567200,0.000080,0.567280,0.916440,1,14180,2,14182,25000,13276,13992,716,906,1622,0.936116,0.948828,2,0,1.000000
456,0.212900,60.370000,1.116966,0.000000,0.000000,0.571040,0.000120,0.571160,0.921440,1,14276,3,14279,25000,13483,14248,765,796,1561,0.944254,0.946308,3,0,1.000000
457,0.214808,60.820000,1.109951,0.000000,0.000000,0.603960,0.000120,0.604080,0.914720,1,15099,3,15102,25000,14125,14676,551,977,1528,0.935307,0.962456,3,0,1.000000
458,0.169198,59.580000,1.159838,0.000000,0.000000,0.601520,0.000000,0.601520,0.938720,1,15038,0,15038,25000,14515,15104,589,523,1112,0.965221,0.961004,0,0,0.000000
459,0.221523,59.670000,1.139228,0.000000,0.000000,0.600240,0.000000,0.600240,0.913320,1,15006,0,15006,25000,14022,14772,750,984,1734,0.934426,0.949228,0,0,0.000000
460,0.214322,60.580000,1.137071,0.000000,0.000000,0.601560,0.000000,0.601560,0.906200,1,15039,0,15039,25000,14054,14720,666,985,1651,0.934504,0.954755,0,0,0.000000
461,0.135584,61.120000,1.102360,0.000000,0.000000,0.609640,0.000040,0.609680,0.952600,1,15241,1,15242,25000,14800,15380,580,442,1022,0.971001,0.962289,1,0,1.000000
462,0.207542,59.780000,1.154764,0.000000,0.000000,0.585240,0.000040,0.585280,0.924880,1,14631,1,14632,25000,13651,14152,501,981,1482,0.932955,0.964599,1,0,1.000000
463,0.190892,59.340000,1.160315,0.000000,0.000000,0.595160,0.000000,0.595160,0.922240,1,14879,0,14879,25000,14156,14680,524,723,1247,0.951408,0.964305,0,0,0.000000
464,0.150258,61.110000,1.124769,0.000000,0.000000,0.621360,0.000000,0.621360,0.942480,1,15534,0,15534,25000,15027,15524,497,507,1004,0.967362,0.967985,0,0,0.000000
465,0.222262,60.810000,1.102487,0.000000,0.000000,0.608880,0.000000,0.608880,0.916560,1,15222,0,15222,25000,14514,15196,682,708,1390,0.953488,0.955120,0,0,0.000000
466,0.167120,60.080000,1.137648,0.000000,0.000000,0.609560,0.000040,0.609600,0.935120,1,15239,1,15240,25000,14670,15428,758,570,1328,0.962598,0.950869,1,0,1.000000
467,0.214831,60.260000,1.106792,0.000000,0.000000,0.642200,0.000000,0.642200,0.921360,1,16055,0,16055,25000,15101,15656,555,954,1509,0.940579,0.964550,0,0,0.000000
468,0.176101,61.470000,1.093378,0.000000,0.000000,0.594680,0.000040,0.594720,0.926920,1,14867,1,14868,25000,14178,14788,610,690,1300,0.953592,0.958750,1,0,1.000000
469,0.177138,60.740000,1.115491,0.000000,0.000000,0.631800,0.000040,0.631840,0.933000,1,15795,1,15796,25000,15032,15828,796,764,1560,0.951633,0.949709,1,0,1.000000
470,0.179903,61.200000,1.113725,0.000000,0.000000,0.630040,0.000000,0.630040,0.937600,1,15751,0,15751,25000,15186,15808,622,565,1187,0.964129,0.960653,0,0,0.000000
471,0.125864,60.490000,1.118187,0.000000,0.000000,0.629560,0.000000,0.629560,0.941800,1,15739,0,15739,25000,15463,15796,333,276,609,0.982464,0.978919,0,0,0.000000
472,0.211957,60.930000,1.113585,0.000000,0.000000,0.594840,0.000040,0.594880,0.923360,1,14871,1,14872,25000,13928,14508,580,944,1524,0.936525,0.960022,1,0,1.000000
473,0.168302,60.380000,1.118139,0.000000,0.000000,0.647480,0.000080,0.647560,0.933560,1,16187,2,16189,25000,15520,15960,440,669,1109,0.958676,0.972431,2,0,1.000000
474,0.200996,60.490000,1.119624,0.000000,0.000000,0.588200,0.000000,0.588200,0.921120,1,14705,0,14705,25000,13989,14476,487,716,1203,0.951309,0.966358,0,0,0.000000
475,0.197182,60.190000,1.135300,0.000000,0.000000,0.643920,0.000000,0.643920,0.921800,1,16098,0,16098,25000,15283,15888,605,815,1420,0.949373,0.961921,0,0,0.000000
476,0.170292,61.080000,1.107255,0.000000,0.000000,0.607760,0.000040,0.607800,0.944600,1,15194,1,15195,25000,14642,15264,622,553,1175,0.963606,0.959251,1,0,1.000000
477,0.212678,60.510000,1.120716,0.000000,0.000000,0.607800,0.000040,0.607840,0.920840,1,15195,1,15196,25000,14210,14676,466,986,1452,0.935115,0.968247,1,0,1.000000
478,0.148472,60.940000,1.122643,0.000000,0.000000,0.595680,0.000000,0.595680,0.949840,1,14892,0,14892,25000,14524,14848,324,368,692,0.975289,0.978179,0,0,0.000000
479,0.227023,60.830000,1.125621,0.000000,0.000000,0.611560,0.000040,0.611600,0.916040,1,15289,1,15290,25000,14100,14780,680,1190,1870,0.922171,0.953992,1,0,1.000000
480,0.241639,59.410000,1.135410,0.000000,0.000000,0.573520,0.000000,0.573520,0.903560,1,14338,0,14338,25000,13198,13668,470,1140,1610,0.920491,0.965613,0,0,0.000000
481,0.128971,61.190000,1.112575,0.000000,0.000000,0.600280,0.000040,0.600320,0.946720,1,15007,1,15008,25000,14647,15116,469,361,830,0.975946,0.968973,1,0,1.000000
482,0.213234,60.720000,1.129151,0.000000,0.000000,0.607800,0.000080,0.607880,0.920080,1,15195,2,15197,25000,14313,14608,295,884,1179,0.941831,0.979806,2,0,1.000000
483,0.195717,60.960000,1.117774,0.000000,0.000000,0.594080,0.000000,0.594080,0.932520,1,14852,0,14852,25000,14130,14832,702,722,1424,0.951387,0.952670,0,0,0.000000
484,0.164516,59.450000,1.137695,0.000000,0.000000,0.639240,0.000040,0.639280,0.924000,1,15981,1,15982,25000,15407,15880,473,575,1048,0.964022,0.970214,1,0,1.000000
485,0.160943,62.670000,1.071052,0.000000,0.000000,0.573960,0.000000,0.573960,0.935960,1,14349,0,14349,25000,13971,14720,749,378,1127,0.973657,0.949117,0,0,0.000000
486,0.171854,60.150000,1.143041,0.000000,0.000000,0.639160,0.000000,0.639160,0.939520,1,15979,0,15979,25000,15302,15596,294,677,971,0.957632,0.981149,0,0,0.000000
487,0.194159,60.300000,1.134481,0.000000,0.000000,0.571520,0.000000,0.571520,0.915800,1,14288,0,14288,25000,13659,14332,673,629,1302,0.955977,0.953042,0,0,0.000000
488,0.139271,59.810000,1.158188,0.000000,0.000000,0.632520,0.000080,0.632600,0.947360,1,15813,2,15815,25000,15199,15768,569,616,1185,0.961050,0.963914,2,0,1.000000
489,0.160902,59.260000,1.159605,0.000000,0.000000,0.636160,0.000080,0.636240,0.937360,1,15904,2,15906,25000,15152,15708,556,754,1310,0.952597,0.964604,2,0,1.000000
490,0.170756,60.660000,1.140710,0.000000,0.000000,0.605040,0.000160,0.605200,0.938680,1,15126,4,15130,25000,14518,14952,434,612,1046,0.959551,0.970974,4,0,1.000000
491,0.228143,61.420000,1.097334,0.000000,0.000000,0.616120,0.000000,0.616120,0.913760,1,15403,0,15403,25000,14464,14896,432,939,1371,0.939038,0.970999,0,0,0.000000
492,0.174518,58.750000,1.175076,0.000000,0.000000,0.624800,0.000000,0.624800,0.933200,1,15620,0,15620,25000,14923,15528,605,697,1302,0.955378,0.961038,0,0,0.000000
493,0.179839,59.160000,1.154029,0.000000,0.000000,0.583040,0.000040,0.583080,0.936080,1,14576,1,14577,25000,13834,14556,722,743,1465,0.949029,0.950398,1,0,1.000000
494,0.184518,61.800000,1.103531,0.000000,0.000000,0.608840,0.000040,0.608880,0.933760,1,15221,1,15222,25000,14400,15032,632,822,1454,0.945999,0.957956,1,0,1.000000
495,0.203017,59.930000,1.141754,0.000000,0.000000,0.612760,0.000120,0.612880,0.915720,1,15319,3,15322,25000,14582,15168,586,740,1326,0.951703,0.961366,3,0,1.000000
496,0.183459,59.610000,1.137949,0.000000,0.000000,0.586880,0.000000,0.586880,0.938680,1,14672,0,14672,25000,13986,14648,662,686,1348,0.953244,0.954806,0,0,0.000000
497,0.151177,61.510000,1.097029,0.000000,0.000000,0.607800,0.000040,0.607840,0.944720,1,15195,1,15196,25000,14648,15364,716,548,1264,0.963938,0.953398,1,0,1.000000
498,0.119008,60.260000,1.138685,0.000000,0.000000,0.626760,0.000000,0.626760,0.953360,1,15669,0,15669,25000,15413,16068,655,256,911,0.983662,0.959236,0,0,0.000000
499,0.154180,61.560000,1.108508,0.000000,0.000000,0.592960,0.000000,0.592960,0.933400,1,14824,0,14824,25000,14279,14732,453,545,998,0.963235,0.969251,0,0,0.000000
