epoch,global_test_acc,global_test_loss,train_loss,clean_ratio,net2_holdout_acc,net2_holdout_loss
0,19.880000,2.263410,1.591716,1.000000,-1,-1
1,21.710000,2.157540,1.619248,1.000000,-1,-1
2,18.590000,2.195787,1.438374,1.000000,-1,-1
3,26.740000,2.115784,1.569616,1.000000,-1,-1
4,27.030000,2.131272,1.648357,1.000000,-1,-1
5,27.540000,2.129590,1.905456,1.000000,-1,-1
6,27.670000,2.086496,1.595285,1.000000,-1,-1
7,23.800000,2.131133,1.409672,1.000000,-1,-1
8,28.490000,2.060082,1.128021,1.000000,-1,-1
9,20.690000,2.123854,1.541556,1.000000,-1,-1
10,20.280000,2.158851,1.587450,1.000000,-1,-1
11,26.030000,2.072975,1.560535,1.000000,-1,-1
12,25.510000,2.104893,1.688868,1.000000,-1,-1
13,25.710000,2.072069,1.485238,1.000000,-1,-1
14,24.390000,2.065502,1.309096,1.000000,-1,-1
15,21.150000,2.069537,1.474372,1.000000,-1,-1
16,32.720000,2.008117,1.282846,1.000000,-1,-1
17,31.350000,2.009076,1.642831,1.000000,-1,-1
18,24.230000,2.055964,1.659737,1.000000,-1,-1
19,30.350000,2.048481,1.669394,1.000000,-1,-1
20,30.960000,2.016577,1.385009,1.000000,-1,-1
21,34.710000,1.980531,1.504325,1.000000,-1,-1
22,27.480000,2.033135,1.483268,1.000000,-1,-1
23,28.020000,2.048797,1.499422,1.000000,-1,-1
24,27.660000,2.037732,1.497491,1.000000,-1,-1
25,30.530000,1.988224,1.347286,1.000000,-1,-1
26,28.900000,2.002924,1.485039,1.000000,-1,-1
27,31.720000,1.967234,1.358929,1.000000,-1,-1
28,33.460000,1.967017,1.514822,1.000000,-1,-1
29,32.280000,2.004408,1.406181,1.000000,-1,-1
30,24.110000,2.043120,1.252427,1.000000,-1,-1
31,28.160000,2.010710,1.468249,1.000000,-1,-1
32,30.900000,2.001278,1.650049,1.000000,-1,-1
33,31.130000,2.014744,1.677616,1.000000,-1,-1
34,33.210000,1.962465,1.271514,1.000000,-1,-1
35,32.830000,1.980466,1.565072,1.000000,-1,-1
36,19.260000,2.064610,1.284457,1.000000,-1,-1
37,27.090000,2.004155,1.424498,1.000000,-1,-1
38,32.920000,2.007662,1.860249,1.000000,-1,-1
39,30.270000,2.018665,1.498268,1.000000,-1,-1
40,25.550000,2.010871,1.377203,1.000000,-1,-1
41,26.600000,2.021106,1.452999,1.000000,-1,-1
42,31.270000,2.001412,1.476021,1.000000,-1,-1
43,28.690000,1.996183,1.385413,1.000000,-1,-1
44,33.990000,1.955087,1.532425,1.000000,-1,-1
45,29.290000,1.984524,1.386045,1.000000,-1,-1
46,25.430000,2.043982,1.470053,1.000000,-1,-1
47,29.560000,1.999949,1.279071,1.000000,-1,-1
48,27.730000,2.030542,1.504816,1.000000,-1,-1
49,30.110000,2.042208,1.747939,1.000000,-1,-1
50,24.330000,2.056548,1.463522,1.000000,-1,-1
51,32.830000,2.008543,1.637865,1.000000,-1,-1
52,29.610000,2.040234,1.364872,1.000000,-1,-1
53,30.240000,2.035936,1.434637,1.000000,-1,-1
54,27.240000,2.051067,1.646906,1.000000,-1,-1
55,27.260000,2.001033,1.154849,1.000000,-1,-1
56,30.360000,2.004349,1.416519,1.000000,-1,-1
57,28.780000,1.997291,1.365273,1.000000,-1,-1
58,31.570000,1.974447,1.465918,1.000000,-1,-1
59,28.410000,1.996632,1.203244,1.000000,-1,-1
60,30.190000,2.034421,1.554884,1.000000,-1,-1
61,30.690000,1.978393,1.239723,1.000000,-1,-1
62,31.240000,1.986243,1.515129,1.000000,-1,-1
63,30.800000,1.965007,1.437485,1.000000,-1,-1
64,29.880000,1.968694,1.171370,1.000000,-1,-1
65,28.190000,2.027184,1.608568,1.000000,-1,-1
66,32.730000,1.976915,1.630620,1.000000,-1,-1
67,30.880000,2.000744,1.462679,1.000000,-1,-1
68,32.040000,1.960931,1.305435,1.000000,-1,-1
69,26.480000,2.035802,1.600676,1.000000,-1,-1
70,33.690000,1.960163,1.327578,1.000000,-1,-1
71,23.500000,2.075630,1.547665,1.000000,-1,-1
72,26.530000,2.064726,1.609231,1.000000,-1,-1
73,31.150000,1.995623,1.437028,1.000000,-1,-1
74,23.400000,2.048573,1.438063,1.000000,-1,-1
75,32.810000,1.946593,1.185827,1.000000,-1,-1
76,30.920000,2.006565,1.700165,1.000000,-1,-1
77,30.360000,2.001096,1.101907,1.000000,-1,-1
78,29.530000,2.009923,1.737728,1.000000,-1,-1
79,33.320000,1.949787,1.235305,1.000000,-1,-1
80,28.770000,2.054567,1.941475,1.000000,-1,-1
81,29.290000,2.063968,1.602714,1.000000,-1,-1
82,31.080000,1.978586,1.312597,1.000000,-1,-1
83,30.140000,2.024355,1.627454,1.000000,-1,-1
84,30.420000,2.003971,1.326286,1.000000,-1,-1
85,27.480000,2.039078,1.324936,1.000000,-1,-1
86,27.590000,2.025772,1.687289,1.000000,-1,-1
87,27.610000,2.021521,1.342118,1.000000,-1,-1
88,26.860000,2.019174,1.360689,1.000000,-1,-1
89,29.520000,2.008949,1.544393,1.000000,-1,-1
90,31.020000,2.011233,1.093071,1.000000,-1,-1
91,30.620000,2.010299,1.383061,1.000000,-1,-1
92,27.790000,2.083939,1.459899,1.000000,-1,-1
93,27.720000,2.030114,1.107011,1.000000,-1,-1
94,28.230000,2.029165,1.563090,1.000000,-1,-1
95,30.120000,1.981285,0.841907,1.000000,-1,-1
96,32.760000,1.962857,1.024085,1.000000,-1,-1
97,26.940000,2.054047,1.814647,1.000000,-1,-1
98,26.600000,2.046183,1.238239,1.000000,-1,-1
99,28.290000,1.993615,1.062737,1.000000,-1,-1
