0, 1.812235, 2.396453, 13.370000
1, 1.804363, 2.141117, 22.320000
2, 1.877280, 2.011392, 27.210000
3, 1.785180, 1.910688, 32.890000
4, 1.706119, 1.836237, 36.340000
5, 1.765288, 1.766383, 38.630000
6, 1.860554, 1.701831, 42.420000
7, 1.773672, 1.673495, 44.100000
8, 1.788122, 1.634171, 45.690000
9, 1.736661, 1.585481, 49.070000
10, 1.734889, 1.537447, 50.630000
11, 1.708264, 1.491609, 51.940000
12, 1.726616, 1.459032, 53.010000
13, 1.691404, 1.432738, 55.680000
14, 1.677881, 1.422536, 56.680000
15, 1.676316, 1.403123, 57.350000
16, 1.632118, 1.377717, 58.500000
17, 1.657025, 1.357468, 58.870000
18, 1.638816, 1.321699, 60.830000
19, 1.603928, 1.310151, 61.370000
20, 1.595481, 1.300658, 62.370000
21, 1.647013, 1.289789, 62.990000
22, 1.651493, 1.285867, 63.090000
23, 1.670904, 1.280862, 63.870000
24, 1.608521, 1.241748, 64.710000
25, 1.589685, 1.242068, 64.950000
26, 1.614173, 1.231069, 65.570000
27, 1.614346, 1.229868, 64.340000
28, 1.590911, 1.222082, 65.120000
29, 1.571098, 1.210851, 65.530000
30, 1.532177, 1.207239, 65.750000
31, 1.560753, 1.213745, 66.230000
32, 1.581489, 1.214780, 65.710000
33, 1.632059, 1.196794, 65.820000
34, 1.469369, 1.200092, 66.490000
35, 1.644264, 1.181393, 66.500000
36, 1.643131, 1.177249, 67.100000
37, 1.590641, 1.183367, 66.940000
38, 1.514633, 1.185538, 66.120000
39, 1.539957, 1.165684, 66.380000
40, 1.574271, 1.160154, 68.030000
41, 1.642376, 1.160479, 67.000000
42, 1.602903, 1.171496, 66.920000
43, 1.573563, 1.161133, 67.340000
44, 1.543453, 1.156447, 67.610000
45, 1.491210, 1.159556, 67.250000
46, 1.515611, 1.154622, 67.110000
47, 1.501881, 1.166937, 66.660000
48, 1.567547, 1.157070, 67.050000
49, 1.539550, 1.158797, 66.870000
50, 1.530165, 1.164392, 66.830000
51, 1.475025, 1.158631, 67.290000
52, 1.480100, 1.162432, 67.130000
53, 1.555400, 1.161171, 67.060000
54, 1.562185, 1.165452, 66.690000
55, 1.445796, 1.150279, 66.790000
56, 1.486112, 1.150853, 67.050000
57, 1.521274, 1.150745, 66.490000
58, 1.482751, 1.152917, 66.920000
59, 1.440061, 1.147286, 66.970000
60, 1.501772, 1.156256, 67.380000
61, 1.407170, 1.143647, 67.660000
62, 1.397647, 1.136033, 67.100000
63, 1.427746, 1.136298, 66.500000
64, 1.388743, 1.152498, 66.290000
65, 1.418906, 1.143206, 67.020000
66, 1.433459, 1.148530, 66.390000
67, 1.485183, 1.143511, 66.850000
68, 1.391504, 1.146559, 66.480000
69, 1.552342, 1.136145, 67.010000
70, 1.522479, 1.127899, 67.010000
71, 1.409568, 1.129566, 67.400000
72, 1.434530, 1.132505, 66.760000
73, 1.347695, 1.124831, 67.420000
74, 1.500733, 1.129676, 66.770000
75, 1.462104, 1.131302, 67.410000
76, 1.408850, 1.128030, 66.970000
77, 1.394250, 1.131856, 67.010000
78, 1.364202, 1.128556, 67.100000
79, 1.420498, 1.126488, 67.040000
80, 1.492537, 1.134047, 66.640000
81, 1.397941, 1.130563, 66.810000
82, 1.461429, 1.126762, 66.310000
83, 1.429880, 1.132960, 66.760000
84, 1.371376, 1.125448, 66.120000
85, 1.390652, 1.139382, 66.380000
86, 1.443684, 1.132458, 66.120000
87, 1.442679, 1.121796, 66.890000
88, 1.376645, 1.130236, 66.470000
89, 1.386814, 1.132761, 66.010000
90, 1.374583, 1.119975, 66.560000
91, 1.342965, 1.118122, 66.590000
92, 1.318140, 1.124734, 66.580000
93, 1.353926, 1.120773, 67.150000
94, 1.363843, 1.128426, 66.140000
95, 1.415085, 1.126861, 66.310000
96, 1.376625, 1.140136, 65.570000
97, 1.359880, 1.135255, 65.750000
98, 1.315002, 1.135512, 65.320000
99, 1.411688, 1.138625, 65.150000
100, 1.327648, 1.133718, 65.410000
101, 1.353049, 1.132547, 65.460000
102, 1.322815, 1.137849, 65.190000
103, 1.276234, 1.134893, 64.730000
104, 1.423250, 1.139218, 65.080000
105, 1.333190, 1.137249, 65.020000
106, 1.354625, 1.135489, 64.850000
107, 1.349374, 1.146064, 64.840000
108, 1.359339, 1.134415, 64.850000
109, 1.252686, 1.145414, 64.510000
110, 1.335042, 1.138512, 64.690000
111, 1.322921, 1.132319, 64.800000
112, 1.299840, 1.136561, 64.780000
113, 1.305143, 1.133149, 64.670000
114, 1.312284, 1.147041, 64.250000
115, 1.298785, 1.142568, 64.500000
116, 1.329413, 1.147589, 64.360000
117, 1.310860, 1.145663, 64.340000
118, 1.325905, 1.147656, 64.150000
119, 1.369609, 1.150496, 64.170000
120, 1.376300, 1.150761, 63.800000
121, 1.284299, 1.147598, 63.880000
122, 1.276509, 1.152757, 63.310000
123, 1.235700, 1.152164, 63.750000
124, 1.225296, 1.150374, 63.730000
125, 1.276617, 1.145442, 64.350000
126, 1.338750, 1.157961, 63.650000
127, 1.325545, 1.153096, 63.840000
128, 1.277183, 1.149756, 63.360000
129, 1.291784, 1.142563, 63.810000
130, 1.238980, 1.153451, 63.460000
131, 1.293583, 1.148905, 63.630000
132, 1.258924, 1.160667, 63.360000
133, 1.257025, 1.145657, 63.980000
134, 1.276528, 1.140887, 63.740000
135, 1.201562, 1.156613, 62.700000
136, 1.235443, 1.139559, 63.990000
137, 1.230519, 1.146064, 63.400000
138, 1.257138, 1.140934, 63.820000
139, 1.181759, 1.156437, 63.350000
140, 1.160081, 1.150784, 63.180000
141, 1.246856, 1.154753, 63.120000
142, 1.166516, 1.158589, 62.710000
143, 1.263950, 1.160540, 62.870000
144, 1.261704, 1.161275, 62.760000
145, 1.194756, 1.166423, 62.510000
146, 1.236429, 1.166289, 62.560000
147, 1.216772, 1.171861, 62.040000
148, 1.161111, 1.173033, 61.970000
149, 1.172217, 1.157409, 62.800000
150, 1.237494, 1.154372, 63.020000
151, 1.161287, 1.152606, 62.750000
152, 1.144249, 1.148624, 62.880000
153, 1.172738, 1.147246, 62.960000
154, 1.219275, 1.169330, 62.080000
155, 1.169990, 1.173308, 61.650000
156, 1.217569, 1.171823, 61.600000
157, 1.168547, 1.173985, 62.030000
158, 1.184596, 1.167406, 61.550000
159, 1.165514, 1.170536, 61.610000
160, 1.114193, 1.167845, 61.900000
161, 1.218870, 1.179339, 61.400000
162, 1.123777, 1.175660, 61.960000
163, 1.213399, 1.176869, 61.670000
164, 1.118028, 1.183266, 60.940000
165, 1.175636, 1.182024, 61.770000
166, 1.166450, 1.188410, 61.260000
167, 1.189996, 1.189966, 60.650000
168, 1.186753, 1.185050, 60.790000
169, 1.189231, 1.190812, 61.090000
170, 1.167419, 1.185881, 61.000000
171, 1.203999, 1.192850, 61.080000
172, 1.106921, 1.186310, 61.050000
173, 1.191873, 1.184657, 61.300000
174, 1.075507, 1.192939, 60.910000
175, 1.111061, 1.182780, 61.190000
176, 1.184846, 1.194522, 60.870000
177, 1.139198, 1.193398, 61.190000
178, 1.139077, 1.193909, 60.850000
179, 1.215572, 1.198630, 60.270000
180, 1.087734, 1.195883, 60.740000
181, 1.125464, 1.203921, 60.040000
182, 1.110232, 1.202666, 60.790000
183, 1.117200, 1.192668, 61.340000
184, 1.139384, 1.197705, 60.280000
185, 1.141478, 1.203155, 60.020000
186, 1.020530, 1.206965, 59.760000
187, 1.143592, 1.217583, 59.520000
188, 1.115465, 1.199644, 60.750000
189, 1.155674, 1.215368, 60.130000
190, 1.106937, 1.198878, 60.080000
191, 1.086228, 1.218265, 59.540000
192, 1.113337, 1.204350, 59.990000
193, 1.131200, 1.213170, 59.530000
194, 1.041775, 1.212962, 60.170000
195, 1.099785, 1.207147, 59.950000
196, 1.141536, 1.211617, 59.990000
197, 1.102580, 1.223956, 59.380000
198, 1.091616, 1.220417, 59.310000
199, 1.086230, 1.220646, 59.450000
200, 1.140114, 1.224652, 59.620000
201, 1.108534, 1.221953, 59.500000
202, 1.036499, 1.231055, 58.850000
203, 1.095296, 1.223486, 58.940000
204, 1.059028, 1.226093, 59.240000
205, 1.110466, 1.235619, 58.460000
206, 1.043045, 1.231463, 59.020000
207, 1.090997, 1.239068, 58.870000
208, 1.099309, 1.234285, 58.800000
209, 1.028118, 1.236740, 58.370000
210, 1.082881, 1.232874, 58.890000
211, 1.073872, 1.238921, 59.060000
212, 1.097690, 1.242665, 58.520000
213, 1.006072, 1.239515, 59.020000
214, 1.028653, 1.247649, 58.440000
215, 1.059727, 1.254225, 58.160000
216, 1.036389, 1.244723, 58.490000
217, 1.037295, 1.246922, 58.260000
218, 1.028535, 1.248638, 58.590000
219, 1.029369, 1.245132, 58.060000
220, 1.023084, 1.236224, 58.360000
221, 1.046958, 1.238099, 58.690000
222, 1.034658, 1.238584, 58.820000
223, 1.022731, 1.246328, 58.560000
224, 1.054122, 1.250760, 57.670000
225, 0.991838, 1.245766, 58.580000
226, 0.984930, 1.256612, 57.910000
227, 1.000056, 1.254682, 57.810000
228, 1.011121, 1.243237, 57.700000
229, 1.070614, 1.264564, 57.630000
230, 0.964188, 1.251919, 58.090000
231, 0.958357, 1.249637, 57.810000
232, 0.973542, 1.265465, 57.880000
233, 0.963067, 1.259572, 57.890000
234, 0.951857, 1.249879, 58.190000
235, 1.043733, 1.248682, 57.790000
236, 0.980369, 1.262704, 57.520000
237, 1.039877, 1.256813, 57.800000
238, 1.046375, 1.261041, 57.910000
239, 1.022325, 1.271450, 57.760000
240, 1.002084, 1.275597, 56.960000
241, 0.965996, 1.282734, 56.390000
242, 0.997144, 1.271667, 57.160000
243, 1.012907, 1.281442, 56.990000
244, 1.052830, 1.273912, 57.460000
245, 0.992527, 1.278345, 56.970000
246, 0.945598, 1.271937, 57.870000
247, 0.998722, 1.269800, 57.540000
248, 0.993730, 1.270888, 57.680000
249, 0.992675, 1.262397, 57.700000
250, 0.965525, 1.291708, 56.340000
251, 0.977702, 1.270185, 57.790000
252, 1.037273, 1.279430, 57.170000
253, 0.968258, 1.293970, 56.700000
254, 1.021600, 1.297176, 56.980000
255, 1.014453, 1.294415, 56.600000
256, 0.902167, 1.295913, 56.340000
257, 0.981644, 1.293273, 57.260000
258, 0.975945, 1.281613, 56.960000
259, 0.941786, 1.294482, 56.760000
260, 0.959835, 1.290174, 56.560000
261, 0.989669, 1.305051, 56.210000
262, 0.934460, 1.286426, 56.400000
263, 0.945644, 1.289231, 57.180000
264, 0.979357, 1.296986, 56.550000
265, 0.934176, 1.297713, 55.940000
266, 0.894450, 1.288962, 57.090000
267, 0.952015, 1.288929, 56.960000
268, 0.954124, 1.297562, 56.370000
269, 0.918687, 1.299735, 56.540000
270, 0.930468, 1.297079, 56.450000
271, 0.916667, 1.298800, 57.040000
272, 0.937204, 1.313669, 56.590000
273, 1.006794, 1.303178, 56.760000
274, 0.967706, 1.311719, 56.020000
275, 0.922675, 1.314922, 55.810000
276, 0.968099, 1.311500, 55.450000
277, 0.927467, 1.314393, 55.890000
278, 0.935840, 1.319749, 55.920000
279, 0.938520, 1.335760, 55.170000
280, 0.974892, 1.326409, 55.490000
281, 0.859125, 1.322393, 56.060000
282, 0.962779, 1.315817, 56.300000
283, 0.894714, 1.322124, 55.640000
284, 0.914644, 1.331902, 55.710000
285, 0.943460, 1.329321, 55.590000
286, 0.902539, 1.321168, 56.190000
287, 0.933317, 1.329726, 55.780000
288, 0.912865, 1.319983, 56.040000
289, 0.850809, 1.331339, 55.680000
290, 0.844067, 1.332811, 55.980000
291, 0.917476, 1.342202, 55.380000
292, 0.930996, 1.351297, 54.660000
293, 0.938559, 1.331708, 55.640000
294, 0.914911, 1.336264, 55.530000
295, 0.881602, 1.337786, 55.670000
296, 0.869610, 1.340565, 55.310000
297, 0.873842, 1.336356, 55.710000
298, 0.828496, 1.339978, 55.490000
299, 0.882808, 1.343424, 55.210000
300, 0.857949, 1.343460, 54.770000
301, 0.896692, 1.333076, 55.640000
302, 0.820074, 1.345850, 55.000000
303, 0.867520, 1.342607, 54.970000
304, 0.916516, 1.344295, 55.550000
305, 0.891578, 1.358274, 55.060000
306, 0.885401, 1.342453, 55.830000
307, 0.834338, 1.357505, 55.320000
308, 0.816896, 1.350821, 55.220000
309, 0.910881, 1.360948, 55.230000
310, 0.848213, 1.373132, 54.930000
311, 0.843091, 1.359681, 55.020000
312, 0.800629, 1.376508, 54.390000
313, 0.925107, 1.360830, 55.620000
314, 0.859561, 1.363812, 54.940000
315, 0.863487, 1.359214, 54.820000
316, 0.879763, 1.354650, 55.370000
317, 0.808577, 1.384717, 54.230000
318, 0.848632, 1.376995, 54.530000
319, 0.852828, 1.370944, 54.560000
320, 0.876235, 1.380416, 54.480000
321, 0.880332, 1.363416, 54.850000
322, 0.846279, 1.379434, 54.300000
323, 0.814712, 1.378487, 54.550000
324, 0.837284, 1.374787, 54.700000
325, 0.865876, 1.369109, 54.540000
326, 0.828925, 1.368768, 55.000000
327, 0.838352, 1.370860, 54.560000
328, 0.785413, 1.379860, 55.030000
329, 0.802663, 1.378292, 54.540000
330, 0.767931, 1.389688, 54.540000
331, 0.783380, 1.388536, 54.550000
332, 0.814952, 1.388434, 54.070000
333, 0.845758, 1.398618, 54.120000
334, 0.853956, 1.391336, 54.320000
335, 0.823413, 1.405237, 54.790000
336, 0.810013, 1.392535, 54.140000
337, 0.805952, 1.408026, 53.670000
338, 0.826915, 1.398762, 54.610000
339, 0.821914, 1.400606, 54.600000
340, 0.800314, 1.422660, 53.410000
341, 0.779565, 1.404272, 54.330000
342, 0.805574, 1.397088, 53.550000
343, 0.722500, 1.419001, 53.550000
344, 0.790792, 1.416888, 53.690000
345, 0.770754, 1.424510, 53.440000
346, 0.793409, 1.421367, 53.780000
347, 0.787864, 1.426691, 53.300000
348, 0.781729, 1.411680, 53.820000
349, 0.817787, 1.405307, 54.320000
350, 0.820152, 1.410350, 53.460000
351, 0.758991, 1.406615, 53.610000
352, 0.793769, 1.402344, 53.620000
353, 0.822290, 1.411734, 54.270000
354, 0.817711, 1.418266, 53.710000
355, 0.841697, 1.418464, 54.240000
356, 0.817910, 1.420089, 54.380000
357, 0.841727, 1.423423, 53.370000
358, 0.766092, 1.429967, 53.690000
359, 0.807122, 1.436485, 53.030000
360, 0.760124, 1.427690, 53.380000
361, 0.755146, 1.428659, 53.560000
362, 0.803024, 1.433559, 53.420000
363, 0.820971, 1.437014, 53.010000
364, 0.764840, 1.432436, 54.090000
365, 0.759467, 1.434147, 53.380000
366, 0.791564, 1.438316, 53.290000
367, 0.752096, 1.441779, 53.340000
368, 0.753628, 1.445489, 53.600000
369, 0.747562, 1.458058, 52.850000
370, 0.770379, 1.442636, 53.380000
371, 0.806412, 1.448430, 52.740000
372, 0.797349, 1.459787, 53.150000
373, 0.744295, 1.442137, 53.140000
374, 0.775039, 1.444204, 53.190000
375, 0.745736, 1.444084, 52.730000
376, 0.762501, 1.439647, 53.120000
377, 0.782713, 1.440919, 53.440000
378, 0.741110, 1.441939, 53.500000
379, 0.768478, 1.432491, 53.350000
380, 0.788509, 1.436906, 53.920000
