epoch,train_loss,global_test_acc,global_test_loss,aux_apa,aux_loss,core_clean_ratio,recover_ratio,train_ratio,recovery_trigger,core_count,total_count,recover_count,train_count,actual_core_precision,actual_recover_precision,actual_train_precision,actual_train_clean_count
0,1.131415,19.670000,2.295932,0.000000,0.000000,1.000000,0.000000,1.000000,0,5000,5000,0,5000,0.821600,0.000000,0.821600,4108
1,1.180318,19.180000,2.195565,0.000000,0.000000,1.000000,0.000000,1.000000,0,5000,5000,0,5000,0.798000,0.000000,0.798000,3990
2,1.070256,17.330000,2.216765,0.000000,0.000000,1.000000,0.000000,1.000000,0,5000,5000,0,5000,0.811200,0.000000,0.811200,4056
3,1.092484,27.450000,2.089737,0.000000,0.000000,1.000000,0.000000,1.000000,0,5000,5000,0,5000,0.809600,0.000000,0.809600,4048
4,1.188790,28.320000,2.097332,0.000000,0.000000,1.000000,0.000000,1.000000,0,5000,5000,0,5000,0.792400,0.000000,0.792400,3962
5,1.367532,25.610000,2.082659,0.000000,0.000000,1.000000,0.000000,1.000000,0,5000,5000,0,5000,0.727200,0.000000,0.727200,3636
6,1.119326,26.910000,2.051766,0.000000,0.000000,1.000000,0.000000,1.000000,0,5000,5000,0,5000,0.801200,0.000000,0.801200,4006
7,0.981545,24.910000,2.096269,0.000000,0.000000,1.000000,0.000000,1.000000,0,5000,5000,0,5000,0.816400,0.000000,0.816400,4082
8,0.824173,31.080000,1.979152,0.000000,0.000000,1.000000,0.000000,1.000000,0,5000,5000,0,5000,0.877200,0.000000,0.877200,4386
9,1.099780,26.450000,2.000195,0.000000,0.000000,1.000000,0.000000,1.000000,0,5000,5000,0,5000,0.775200,0.000000,0.775200,3876
10,1.111965,21.170000,2.141579,0.000000,0.000000,1.000000,0.000000,1.000000,0,5000,5000,0,5000,0.788800,0.000000,0.788800,3944
11,1.105905,27.530000,1.970617,0.000000,0.000000,1.000000,0.000000,1.000000,0,5000,5000,0,5000,0.794000,0.000000,0.794000,3970
12,1.209735,29.280000,1.945286,0.000000,0.000000,1.000000,0.000000,1.000000,0,5000,5000,0,5000,0.773600,0.000000,0.773600,3868
13,1.034833,28.320000,1.954430,0.000000,0.000000,1.000000,0.000000,1.000000,0,5000,5000,0,5000,0.814800,0.000000,0.814800,4074
14,0.914096,26.950000,1.982187,0.000000,0.000000,1.000000,0.000000,1.000000,0,5000,5000,0,5000,0.849200,0.000000,0.849200,4246
15,1.056109,22.290000,1.993412,0.000000,0.000000,1.000000,0.000000,1.000000,0,5000,5000,0,5000,0.816000,0.000000,0.816000,4080
16,0.896718,34.920000,1.903675,0.000000,0.000000,1.000000,0.000000,1.000000,0,5000,5000,0,5000,0.850800,0.000000,0.850800,4254
17,1.158523,36.440000,1.884597,0.000000,0.000000,1.000000,0.000000,1.000000,0,5000,5000,0,5000,0.778000,0.000000,0.778000,3890
18,1.160897,29.570000,1.932863,0.000000,0.000000,1.000000,0.000000,1.000000,0,5000,5000,0,5000,0.763200,0.000000,0.763200,3816
19,1.167934,35.100000,1.893023,0.000000,0.000000,1.000000,0.000000,1.000000,0,5000,5000,0,5000,0.771600,0.000000,0.771600,3858
20,0.980135,34.070000,1.888680,0.000000,0.000000,1.000000,0.000000,1.000000,0,5000,5000,0,5000,0.827200,0.000000,0.827200,4136
21,1.037781,37.390000,1.869045,0.000000,0.000000,1.000000,0.000000,1.000000,0,5000,5000,0,5000,0.817200,0.000000,0.817200,4086
22,1.022867,33.000000,1.949231,0.000000,0.000000,1.000000,0.000000,1.000000,0,5000,5000,0,5000,0.802800,0.000000,0.802800,4014
23,1.039430,31.910000,1.911055,0.000000,0.000000,1.000000,0.000000,1.000000,0,5000,5000,0,5000,0.800400,0.000000,0.800400,4002
24,1.029192,29.320000,1.904278,0.000000,0.000000,1.000000,0.000000,1.000000,0,5000,5000,0,5000,0.802800,0.000000,0.802800,4014
25,0.922332,35.590000,1.861260,0.000000,0.000000,1.000000,0.000000,1.000000,0,5000,5000,0,5000,0.836400,0.000000,0.836400,4182
26,1.054210,32.880000,1.878122,0.000000,0.000000,1.000000,0.000000,1.000000,0,5000,5000,0,5000,0.820800,0.000000,0.820800,4104
27,0.966443,35.820000,1.837131,0.000000,0.000000,1.000000,0.000000,1.000000,0,5000,5000,0,5000,0.832400,0.000000,0.832400,4162
28,1.048371,35.000000,1.873803,0.000000,0.000000,1.000000,0.000000,1.000000,0,5000,5000,0,5000,0.796800,0.000000,0.796800,3984
29,0.975295,36.160000,1.846433,0.000000,0.000000,1.000000,0.000000,1.000000,0,5000,5000,0,5000,0.826400,0.000000,0.826400,4132
30,0.874551,29.870000,1.895919,0.000000,0.000000,1.000000,0.000000,1.000000,0,5000,5000,0,5000,0.850400,0.000000,0.850400,4252
31,1.021648,35.260000,1.846494,0.000000,0.000000,1.000000,0.000000,1.000000,0,5000,5000,0,5000,0.814800,0.000000,0.814800,4074
32,1.163579,37.680000,1.823565,0.000000,0.000000,1.000000,0.000000,1.000000,0,5000,5000,0,5000,0.778800,0.000000,0.778800,3894
33,1.182299,34.350000,1.893596,0.000000,0.000000,1.000000,0.000000,1.000000,0,5000,5000,0,5000,0.779600,0.000000,0.779600,3898
34,0.843950,37.480000,1.850355,0.000000,0.000000,1.000000,0.000000,1.000000,0,5000,5000,0,5000,0.849600,0.000000,0.849600,4248
35,1.081060,34.270000,1.864629,0.000000,0.000000,1.000000,0.000000,1.000000,0,5000,5000,0,5000,0.790800,0.000000,0.790800,3954
36,0.896581,26.450000,1.906764,0.000000,0.000000,1.000000,0.000000,1.000000,0,5000,5000,0,5000,0.842800,0.000000,0.842800,4214
37,0.988429,33.900000,1.823415,0.000000,0.000000,1.000000,0.000000,1.000000,0,5000,5000,0,5000,0.819600,0.000000,0.819600,4098
38,1.292766,37.380000,1.856919,0.000000,0.000000,1.000000,0.000000,1.000000,0,5000,5000,0,5000,0.714800,0.000000,0.714800,3574
39,1.048585,33.430000,1.876247,0.000000,0.000000,1.000000,0.000000,1.000000,0,5000,5000,0,5000,0.817200,0.000000,0.817200,4086
40,0.970754,35.100000,1.844583,0.000000,0.000000,1.000000,0.000000,1.000000,0,5000,5000,0,5000,0.819600,0.000000,0.819600,4098
41,1.006391,31.750000,1.865882,0.000000,0.000000,1.000000,0.000000,1.000000,0,5000,5000,0,5000,0.803600,0.000000,0.803600,4018
42,0.998900,41.450000,1.808078,0.000000,0.000000,1.000000,0.000000,1.000000,0,5000,5000,0,5000,0.811200,0.000000,0.811200,4056
43,0.979773,35.630000,1.836567,0.000000,0.000000,1.000000,0.000000,1.000000,0,5000,5000,0,5000,0.815200,0.000000,0.815200,4076
44,1.062440,36.630000,1.810443,0.000000,0.000000,1.000000,0.000000,1.000000,0,5000,5000,0,5000,0.797600,0.000000,0.797600,3988
45,0.960752,34.250000,1.837136,0.000000,0.000000,1.000000,0.000000,1.000000,0,5000,5000,0,5000,0.820400,0.000000,0.820400,4102
46,1.008795,32.290000,1.915374,0.000000,0.000000,1.000000,0.000000,1.000000,0,5000,5000,0,5000,0.787200,0.000000,0.787200,3936
47,0.895500,34.470000,1.878796,0.000000,0.000000,1.000000,0.000000,1.000000,0,5000,5000,0,5000,0.839600,0.000000,0.839600,4198
48,1.032796,34.530000,1.830921,0.000000,0.000000,1.000000,0.000000,1.000000,0,5000,5000,0,5000,0.775600,0.000000,0.775600,3878
49,1.233809,31.900000,1.896490,0.000000,0.000000,1.000000,0.000000,1.000000,0,5000,5000,0,5000,0.745200,0.000000,0.745200,3726
50,1.015610,31.610000,1.895443,0.000000,0.000000,1.000000,0.000000,1.000000,0,5000,5000,0,5000,0.791200,0.000000,0.791200,3956
51,1.165118,34.090000,1.904166,0.000000,0.000000,1.000000,0.000000,1.000000,0,5000,5000,0,5000,0.761200,0.000000,0.761200,3806
52,0.934481,33.610000,1.888457,0.000000,0.000000,1.000000,0.000000,1.000000,0,5000,5000,0,5000,0.813600,0.000000,0.813600,4068
53,0.985374,34.330000,1.871728,0.000000,0.000000,1.000000,0.000000,1.000000,0,5000,5000,0,5000,0.795200,0.000000,0.795200,3976
54,1.102758,28.550000,1.941558,0.000000,0.000000,1.000000,0.000000,1.000000,0,5000,5000,0,5000,0.755600,0.000000,0.755600,3778
55,0.785111,33.950000,1.811491,0.000000,0.000000,1.000000,0.000000,1.000000,0,5000,5000,0,5000,0.853600,0.000000,0.853600,4268
56,0.955482,34.590000,1.831356,0.000000,0.000000,1.000000,0.000000,1.000000,0,5000,5000,0,5000,0.812000,0.000000,0.812000,4060
57,0.910421,38.330000,1.808564,0.000000,0.000000,1.000000,0.000000,1.000000,0,5000,5000,0,5000,0.827600,0.000000,0.827600,4138
58,1.019072,35.320000,1.832964,0.000000,0.000000,1.000000,0.000000,1.000000,0,5000,5000,0,5000,0.804800,0.000000,0.804800,4024
59,0.819152,32.280000,1.859854,0.000000,0.000000,1.000000,0.000000,1.000000,0,5000,5000,0,5000,0.862000,0.000000,0.862000,4310
60,1.051157,36.950000,1.839778,0.000000,0.000000,1.000000,0.000000,1.000000,0,5000,5000,0,5000,0.792000,0.000000,0.792000,3960
61,0.855480,35.360000,1.820010,0.000000,0.000000,1.000000,0.000000,1.000000,0,5000,5000,0,5000,0.840000,0.000000,0.840000,4200
62,1.025399,40.570000,1.807378,0.000000,0.000000,1.000000,0.000000,1.000000,0,5000,5000,0,5000,0.788400,0.000000,0.788400,3942
63,0.978020,40.080000,1.775336,0.000000,0.000000,1.000000,0.000000,1.000000,0,5000,5000,0,5000,0.814000,0.000000,0.814000,4070
64,0.820196,35.650000,1.811020,0.000000,0.000000,1.000000,0.000000,1.000000,0,5000,5000,0,5000,0.846400,0.000000,0.846400,4232
65,1.108966,34.470000,1.874108,0.000000,0.000000,1.000000,0.000000,1.000000,0,5000,5000,0,5000,0.769200,0.000000,0.769200,3846
66,1.115867,38.100000,1.814005,0.000000,0.000000,1.000000,0.000000,1.000000,0,5000,5000,0,5000,0.764800,0.000000,0.764800,3824
67,0.963907,38.810000,1.804300,0.000000,0.000000,1.000000,0.000000,1.000000,0,5000,5000,0,5000,0.800400,0.000000,0.800400,4002
68,0.883781,37.780000,1.811332,0.000000,0.000000,1.000000,0.000000,1.000000,0,5000,5000,0,5000,0.833200,0.000000,0.833200,4166
69,1.113027,33.500000,1.860967,0.000000,0.000000,1.000000,0.000000,1.000000,0,5000,5000,0,5000,0.770000,0.000000,0.770000,3850
70,0.905604,42.600000,1.745165,0.000000,0.000000,1.000000,0.000000,1.000000,0,5000,5000,0,5000,0.820800,0.000000,0.820800,4104
71,1.064219,28.270000,1.905132,0.000000,0.000000,1.000000,0.000000,1.000000,0,5000,5000,0,5000,0.782400,0.000000,0.782400,3912
72,1.121699,33.850000,1.860253,0.000000,0.000000,1.000000,0.000000,1.000000,0,5000,5000,0,5000,0.761200,0.000000,0.761200,3806
73,0.961476,40.470000,1.795838,0.000000,0.000000,1.000000,0.000000,1.000000,0,5000,5000,0,5000,0.800000,0.000000,0.800000,4000
74,0.938657,35.390000,1.850723,0.000000,0.000000,1.000000,0.000000,1.000000,0,5000,5000,0,5000,0.798000,0.000000,0.798000,3990
75,0.801552,41.390000,1.735621,0.000000,0.000000,1.000000,0.000000,1.000000,0,5000,5000,0,5000,0.859600,0.000000,0.859600,4298
76,1.176165,40.710000,1.798008,0.000000,0.000000,1.000000,0.000000,1.000000,0,5000,5000,0,5000,0.754400,0.000000,0.754400,3772
77,0.774505,36.640000,1.840573,0.000000,0.000000,1.000000,0.000000,1.000000,0,5000,5000,0,5000,0.859200,0.000000,0.859200,4296
78,1.190192,36.330000,1.818544,0.000000,0.000000,1.000000,0.000000,1.000000,0,5000,5000,0,5000,0.738000,0.000000,0.738000,3690
79,0.820540,39.640000,1.774455,0.000000,0.000000,1.000000,0.000000,1.000000,0,5000,5000,0,5000,0.833600,0.000000,0.833600,4168
80,1.338553,35.640000,1.847244,0.000000,0.000000,1.000000,0.000000,1.000000,0,5000,5000,0,5000,0.682400,0.000000,0.682400,3412
81,1.104435,37.090000,1.844898,0.000000,0.000000,1.000000,0.000000,1.000000,0,5000,5000,0,5000,0.757600,0.000000,0.757600,3788
82,0.897101,35.890000,1.817981,0.000000,0.000000,1.000000,0.000000,1.000000,0,5000,5000,0,5000,0.836400,0.000000,0.836400,4182
83,1.133674,37.870000,1.839942,0.000000,0.000000,1.000000,0.000000,1.000000,0,5000,5000,0,5000,0.755200,0.000000,0.755200,3776
84,0.902970,29.970000,1.941303,0.000000,0.000000,1.000000,0.000000,1.000000,0,5000,5000,0,5000,0.819200,0.000000,0.819200,4096
85,0.909600,40.060000,1.782591,0.000000,0.000000,1.000000,0.000000,1.000000,0,5000,5000,0,5000,0.802400,0.000000,0.802400,4012
86,1.128861,36.890000,1.825771,0.000000,0.000000,1.000000,0.000000,1.000000,0,5000,5000,0,5000,0.745600,0.000000,0.745600,3728
87,0.921572,33.430000,1.869210,0.000000,0.000000,1.000000,0.000000,1.000000,0,5000,5000,0,5000,0.820400,0.000000,0.820400,4102
88,0.894939,36.340000,1.799760,0.000000,0.000000,1.000000,0.000000,1.000000,0,5000,5000,0,5000,0.809600,0.000000,0.809600,4048
89,1.053882,36.790000,1.834932,0.000000,0.000000,1.000000,0.000000,1.000000,0,5000,5000,0,5000,0.784000,0.000000,0.784000,3920
90,0.751103,37.060000,1.829883,0.000000,0.000000,1.000000,0.000000,1.000000,0,5000,5000,0,5000,0.854800,0.000000,0.854800,4274
91,0.961942,37.490000,1.848628,0.000000,0.000000,1.000000,0.000000,1.000000,0,5000,5000,0,5000,0.778400,0.000000,0.778400,3892
92,0.999444,33.340000,1.883115,0.000000,0.000000,1.000000,0.000000,1.000000,0,5000,5000,0,5000,0.781200,0.000000,0.781200,3906
93,0.758625,35.050000,1.811872,0.000000,0.000000,1.000000,0.000000,1.000000,0,5000,5000,0,5000,0.864800,0.000000,0.864800,4324
94,1.077147,38.750000,1.783722,0.000000,0.000000,1.000000,0.000000,1.000000,0,5000,5000,0,5000,0.769200,0.000000,0.769200,3846
95,0.553209,36.240000,1.783442,0.000000,0.000000,1.000000,0.000000,1.000000,0,5000,5000,0,5000,0.906000,0.000000,0.906000,4530
96,0.689549,37.410000,1.823604,0.000000,0.000000,1.000000,0.000000,1.000000,0,5000,5000,0,5000,0.888800,0.000000,0.888800,4444
97,1.236526,38.040000,1.822491,0.000000,0.000000,1.000000,0.000000,1.000000,0,5000,5000,0,5000,0.710800,0.000000,0.710800,3554
98,0.849560,35.140000,1.816422,0.000000,0.000000,1.000000,0.000000,1.000000,0,5000,5000,0,5000,0.842400,0.000000,0.842400,4212
99,0.704429,36.730000,1.790448,0.000000,0.000000,1.000000,0.000000,1.000000,0,5000,5000,0,5000,0.864800,0.000000,0.864800,4324
100,0.252327,42.270000,1.700247,0.000000,0.000000,0.725600,0.050200,0.775800,1,3628,5000,251,3879,0.984266,0.878647,0.978053,3800
101,0.152461,38.820000,1.747400,0.000000,0.000000,0.668200,0.000000,0.668200,0,3341,5000,0,3341,0.990619,0.000000,0.990619,3316
102,0.181489,41.330000,1.731082,0.000000,0.000000,0.618400,0.000000,0.618400,0,3092,5000,0,3092,0.984538,0.000000,0.984538,3047
103,0.181387,35.890000,1.839111,0.000000,0.000000,0.701600,0.000000,0.701600,0,3508,5000,0,3508,0.989618,0.000000,0.989618,3475
104,0.126011,38.590000,1.831029,0.000000,0.000000,0.724400,0.000000,0.724400,0,3622,5000,0,3622,0.989953,0.000000,0.989953,3595
105,0.330336,41.740000,1.611225,0.000000,0.000000,0.644400,0.066200,0.710600,1,3222,5000,331,3553,0.973584,0.835675,0.975511,3474
106,0.127693,38.190000,1.775167,0.000000,0.000000,0.601200,0.000000,0.601200,0,3006,5000,0,3006,0.977505,0.000000,0.977505,2957
107,0.202661,43.160000,1.645561,0.000000,0.000000,0.684400,0.000000,0.684400,0,3422,5000,0,3422,0.990010,0.000000,0.990010,3388
108,0.140255,33.910000,1.888053,0.000000,0.000000,0.557200,0.000000,0.557200,0,2786,5000,0,2786,0.984865,0.000000,0.984865,2751
109,0.290895,38.330000,1.682256,0.000000,0.000000,0.677200,0.000000,0.677200,0,3386,5000,0,3386,0.969681,0.000000,0.969681,3291
110,0.199821,42.920000,1.641970,0.000000,0.000000,0.705000,0.051000,0.756000,1,3525,5000,255,3780,0.991919,0.947959,0.990127,3745
111,0.171309,43.290000,1.619519,0.000000,0.000000,0.702400,0.000000,0.702400,0,3512,5000,0,3512,0.986968,0.000000,0.986968,3470
112,0.223436,48.570000,1.543525,0.000000,0.000000,0.675800,0.000000,0.675800,0,3379,5000,0,3379,0.980197,0.000000,0.980197,3311
113,0.193417,47.300000,1.458140,0.000000,0.000000,0.713600,0.000000,0.713600,0,3568,5000,0,3568,0.987709,0.000000,0.987709,3527
114,0.159481,49.210000,1.401700,0.000000,0.000000,0.726400,0.000000,0.726400,0,3632,5000,0,3632,0.990896,0.000000,0.990896,3602
115,0.177279,44.500000,1.513160,0.000000,0.000000,0.737400,0.027800,0.765200,1,3687,5000,139,3826,0.994052,0.933343,0.991342,3796
116,0.191395,48.520000,1.447162,0.000000,0.000000,0.756400,0.000000,0.756400,0,3782,5000,0,3782,0.986728,0.000000,0.986728,3736
117,0.212712,41.420000,1.674107,0.000000,0.000000,0.763000,0.000000,0.763000,0,3815,5000,0,3815,0.991898,0.000000,0.991898,3785
118,0.167047,45.500000,1.592096,0.000000,0.000000,0.749800,0.000000,0.749800,0,3749,5000,0,3749,0.991787,0.000000,0.991787,3724
119,0.282340,52.270000,1.414886,0.000000,0.000000,0.715600,0.000000,0.715600,0,3578,5000,0,3578,0.979754,0.000000,0.979754,3511
120,0.226144,49.420000,1.390429,0.000000,0.000000,0.758200,0.038400,0.796600,1,3791,5000,192,3983,0.987591,0.938167,0.985649,3928
121,0.132101,49.090000,1.369709,0.000000,0.000000,0.682800,0.000000,0.682800,0,3414,5000,0,3414,0.990930,0.000000,0.990930,3386
122,0.179691,50.360000,1.375631,0.000000,0.000000,0.749800,0.000000,0.749800,0,3749,5000,0,3749,0.989514,0.000000,0.989514,3714
123,0.233626,49.900000,1.380695,0.000000,0.000000,0.748800,0.000000,0.748800,0,3744,5000,0,3744,0.983540,0.000000,0.983540,3687
124,0.215682,52.600000,1.380508,0.000000,0.000000,0.740000,0.000000,0.740000,0,3700,5000,0,3700,0.987212,0.000000,0.987212,3657
125,0.221182,49.560000,1.398622,0.000000,0.000000,0.748400,0.031400,0.779800,1,3742,5000,157,3899,0.988121,0.913477,0.985700,3846
126,0.238102,47.570000,1.488184,0.000000,0.000000,0.754000,0.000000,0.754000,0,3770,5000,0,3770,0.994603,0.000000,0.994603,3749
127,0.231553,58.130000,1.195452,0.000000,0.000000,0.749600,0.000000,0.749600,0,3748,5000,0,3748,0.983801,0.000000,0.983801,3691
128,0.156354,49.480000,1.412319,0.000000,0.000000,0.761400,0.000000,0.761400,0,3807,5000,0,3807,0.991169,0.000000,0.991169,3777
129,0.137210,46.950000,1.519089,0.000000,0.000000,0.772200,0.000000,0.772200,0,3861,5000,0,3861,0.995338,0.000000,0.995338,3844
130,0.276239,54.710000,1.261189,0.000000,0.000000,0.704000,0.050800,0.754800,1,3520,5000,254,3774,0.979472,0.876104,0.971738,3673
131,0.180849,48.180000,1.421358,0.000000,0.000000,0.752400,0.000000,0.752400,0,3762,5000,0,3762,0.986726,0.000000,0.986726,3718
132,0.157256,53.400000,1.300103,0.000000,0.000000,0.714200,0.000000,0.714200,0,3571,5000,0,3571,0.992344,0.000000,0.992344,3546
133,0.140921,51.700000,1.356098,0.000000,0.000000,0.787000,0.000000,0.787000,0,3935,5000,0,3935,0.993163,0.000000,0.993163,3910
134,0.161924,51.610000,1.293684,0.000000,0.000000,0.744400,0.000000,0.744400,0,3722,5000,0,3722,0.990711,0.000000,0.990711,3691
135,0.203037,51.990000,1.331625,0.000000,0.000000,0.758000,0.029000,0.787000,1,3790,5000,145,3935,0.990261,0.933299,0.987761,3890
136,0.183720,46.080000,1.495560,0.000000,0.000000,0.724200,0.000000,0.724200,0,3621,5000,0,3621,0.984126,0.000000,0.984126,3569
137,0.163113,50.940000,1.456822,0.000000,0.000000,0.750600,0.000000,0.750600,0,3753,5000,0,3753,0.989970,0.000000,0.989970,3717
138,0.189351,52.750000,1.307905,0.000000,0.000000,0.756800,0.000000,0.756800,0,3784,5000,0,3784,0.991316,0.000000,0.991316,3753
139,0.131828,60.760000,1.120508,0.000000,0.000000,0.812000,0.000000,0.812000,0,4060,5000,0,4060,0.996753,0.000000,0.996753,4047
140,0.276877,52.600000,1.321379,0.000000,0.000000,0.749800,0.035200,0.785000,1,3749,5000,176,3925,0.988168,0.904659,0.983808,3865
141,0.144077,53.470000,1.294596,0.000000,0.000000,0.723800,0.000000,0.723800,0,3619,5000,0,3619,0.990349,0.000000,0.990349,3589
142,0.145583,47.860000,1.449717,0.000000,0.000000,0.763400,0.000000,0.763400,0,3817,5000,0,3817,0.993561,0.000000,0.993561,3794
143,0.151985,53.720000,1.272631,0.000000,0.000000,0.728600,0.000000,0.728600,0,3643,5000,0,3643,0.991028,0.000000,0.991028,3613
144,0.128411,57.670000,1.188727,0.000000,0.000000,0.781400,0.000000,0.781400,0,3907,5000,0,3907,0.995498,0.000000,0.995498,3890
145,0.201515,52.680000,1.284285,0.000000,0.000000,0.745000,0.029600,0.774600,1,3725,5000,148,3873,0.992697,0.897150,0.988971,3834
146,0.108151,57.590000,1.206164,0.000000,0.000000,0.760600,0.000000,0.760600,0,3803,5000,0,3803,0.992226,0.000000,0.992226,3776
147,0.157143,49.310000,1.379107,0.000000,0.000000,0.736000,0.000000,0.736000,0,3680,5000,0,3680,0.989994,0.000000,0.989994,3644
148,0.177038,47.920000,1.423594,0.000000,0.000000,0.720000,0.000000,0.720000,0,3600,5000,0,3600,0.987309,0.000000,0.987309,3558
149,0.148376,57.700000,1.185922,0.000000,0.000000,0.751600,0.000000,0.751600,0,3758,5000,0,3758,0.991044,0.000000,0.991044,3726
150,0.135895,51.190000,1.383810,0.000000,0.000000,0.784000,0.035200,0.819200,1,3920,5000,176,4096,0.994385,0.965708,0.993287,4071
151,0.139932,51.040000,1.421529,0.000000,0.000000,0.754800,0.000000,0.754800,0,3774,5000,0,3774,0.993933,0.000000,0.993933,3752
152,0.267794,59.740000,1.158115,0.000000,0.000000,0.690800,0.000000,0.690800,0,3454,5000,0,3454,0.975947,0.000000,0.975947,3376
153,0.176276,57.020000,1.249280,0.000000,0.000000,0.760800,0.000000,0.760800,0,3804,5000,0,3804,0.992901,0.000000,0.992901,3778
154,0.143346,49.250000,1.433993,0.000000,0.000000,0.711400,0.000000,0.711400,0,3557,5000,0,3557,0.989304,0.000000,0.989304,3521
155,0.101846,52.930000,1.364308,0.000000,0.000000,0.766600,0.030400,0.797000,1,3833,5000,152,3985,0.996822,0.928623,0.995036,3967
156,0.127734,52.420000,1.454097,0.000000,0.000000,0.728800,0.000000,0.728800,0,3644,5000,0,3644,0.988664,0.000000,0.988664,3608
157,0.171358,53.750000,1.277823,0.000000,0.000000,0.738800,0.000000,0.738800,0,3694,5000,0,3694,0.986536,0.000000,0.986536,3648
158,0.139441,57.120000,1.210475,0.000000,0.000000,0.746600,0.000000,0.746600,0,3733,5000,0,3733,0.991366,0.000000,0.991366,3705
159,0.190950,51.560000,1.325931,0.000000,0.000000,0.748800,0.000000,0.748800,0,3744,5000,0,3744,0.990135,0.000000,0.990135,3708
160,0.238609,51.890000,1.308824,0.000000,0.000000,0.752800,0.031000,0.783800,1,3764,5000,155,3919,0.983633,0.902970,0.979167,3839
161,0.201160,57.200000,1.193380,0.000000,0.000000,0.726000,0.000000,0.726000,0,3630,5000,0,3630,0.986924,0.000000,0.986924,3588
162,0.180142,52.890000,1.317297,0.000000,0.000000,0.734400,0.000000,0.734400,0,3672,5000,0,3672,0.990275,0.000000,0.990275,3637
163,0.156796,47.430000,1.520830,0.000000,0.000000,0.709200,0.000000,0.709200,0,3546,5000,0,3546,0.988308,0.000000,0.988308,3510
164,0.130834,49.450000,1.454129,0.000000,0.000000,0.712600,0.000000,0.712600,0,3563,5000,0,3563,0.987091,0.000000,0.987091,3521
165,0.255926,55.810000,1.252813,0.000000,0.000000,0.737600,0.040200,0.777800,1,3688,5000,201,3889,0.983871,0.942430,0.980914,3820
166,0.142879,53.620000,1.302594,0.000000,0.000000,0.753200,0.000000,0.753200,0,3766,5000,0,3766,0.991841,0.000000,0.991841,3738
167,0.122573,52.370000,1.343136,0.000000,0.000000,0.740600,0.000000,0.740600,0,3703,5000,0,3703,0.993796,0.000000,0.993796,3682
168,0.102552,53.770000,1.369129,0.000000,0.000000,0.788000,0.000000,0.788000,0,3940,5000,0,3940,0.996192,0.000000,0.996192,3926
169,0.166993,57.310000,1.211660,0.000000,0.000000,0.734400,0.000000,0.734400,0,3672,5000,0,3672,0.985896,0.000000,0.985896,3625
170,0.171000,52.110000,1.317705,0.000000,0.000000,0.778800,0.029000,0.807800,1,3894,5000,145,4039,0.991973,0.936166,0.989518,4002
171,0.109467,53.110000,1.300152,0.000000,0.000000,0.813200,0.000000,0.813200,0,4066,5000,0,4066,0.995444,0.000000,0.995444,4049
172,0.148976,47.170000,1.550128,0.000000,0.000000,0.745600,0.000000,0.745600,0,3728,5000,0,3728,0.991280,0.000000,0.991280,3698
173,0.148522,58.630000,1.152992,0.000000,0.000000,0.745400,0.000000,0.745400,0,3727,5000,0,3727,0.988736,0.000000,0.988736,3687
174,0.180464,56.070000,1.253966,0.000000,0.000000,0.755400,0.000000,0.755400,0,3777,5000,0,3777,0.985118,0.000000,0.985118,3727
175,0.145287,56.840000,1.285704,0.000000,0.000000,0.760200,0.044400,0.804600,1,3801,5000,222,4023,0.995005,0.925015,0.991826,3992
176,0.131048,50.890000,1.426009,0.000000,0.000000,0.735800,0.000000,0.735800,0,3679,5000,0,3679,0.990875,0.000000,0.990875,3647
177,0.185871,61.800000,1.104385,0.000000,0.000000,0.738800,0.000000,0.738800,0,3694,5000,0,3694,0.988853,0.000000,0.988853,3656
178,0.110761,54.020000,1.320683,0.000000,0.000000,0.760200,0.000000,0.760200,0,3801,5000,0,3801,0.991938,0.000000,0.991938,3772
179,0.145550,55.730000,1.303850,0.000000,0.000000,0.745400,0.000000,0.745400,0,3727,5000,0,3727,0.989827,0.000000,0.989827,3691
180,0.183281,56.670000,1.196839,0.000000,0.000000,0.721800,0.043600,0.765400,1,3609,5000,218,3827,0.987821,0.967857,0.985960,3780
181,0.133420,53.560000,1.341281,0.000000,0.000000,0.816000,0.000000,0.816000,0,4080,5000,0,4080,0.995491,0.000000,0.995491,4062
182,0.137155,55.780000,1.221722,0.000000,0.000000,0.792600,0.000000,0.792600,0,3963,5000,0,3963,0.990971,0.000000,0.990971,3933
183,0.126810,54.140000,1.284718,0.000000,0.000000,0.741400,0.000000,0.741400,0,3707,5000,0,3707,0.991924,0.000000,0.991924,3679
184,0.156985,58.820000,1.164356,0.000000,0.000000,0.737000,0.000000,0.737000,0,3685,5000,0,3685,0.990407,0.000000,0.990407,3653
185,0.179574,59.760000,1.135558,0.000000,0.000000,0.729400,0.029800,0.759200,1,3647,5000,149,3796,0.984357,0.929501,0.982922,3733
186,0.094645,62.240000,1.085417,0.000000,0.000000,0.697400,0.000000,0.697400,0,3487,5000,0,3487,0.989773,0.000000,0.989773,3452
187,0.106126,57.870000,1.204683,0.000000,0.000000,0.824000,0.000000,0.824000,0,4120,5000,0,4120,0.997480,0.000000,0.997480,4110
188,0.181358,55.960000,1.323483,0.000000,0.000000,0.753400,0.000000,0.753400,0,3767,5000,0,3767,0.983498,0.000000,0.983498,3711
189,0.145615,56.480000,1.263338,0.000000,0.000000,0.751200,0.000000,0.751200,0,3756,5000,0,3756,0.990582,0.000000,0.990582,3725
190,0.191766,56.140000,1.296739,0.000000,0.000000,0.694200,0.039600,0.733800,1,3471,5000,198,3669,0.985022,0.885764,0.979896,3600
191,0.125105,56.760000,1.293460,0.000000,0.000000,0.746400,0.000000,0.746400,0,3732,5000,0,3732,0.988179,0.000000,0.988179,3694
192,0.182647,51.130000,1.468877,0.000000,0.000000,0.777600,0.000000,0.777600,0,3888,5000,0,3888,0.992632,0.000000,0.992632,3862
193,0.199032,58.110000,1.180908,0.000000,0.000000,0.721400,0.000000,0.721400,0,3607,5000,0,3607,0.978297,0.000000,0.978297,3537
194,0.104608,55.320000,1.314877,0.000000,0.000000,0.772000,0.000000,0.772000,0,3860,5000,0,3860,0.995619,0.000000,0.995619,3844
195,0.200068,57.360000,1.248747,0.000000,0.000000,0.768400,0.033000,0.801400,1,3842,5000,165,4007,0.988682,0.945268,0.987228,3960
196,0.135489,57.890000,1.251545,0.000000,0.000000,0.764400,0.000000,0.764400,0,3822,5000,0,3822,0.993340,0.000000,0.993340,3798
197,0.202495,59.460000,1.165385,0.000000,0.000000,0.741800,0.000000,0.741800,0,3709,5000,0,3709,0.985842,0.000000,0.985842,3660
198,0.194234,55.480000,1.249031,0.000000,0.000000,0.745600,0.000000,0.745600,0,3728,5000,0,3728,0.982940,0.000000,0.982940,3672
199,0.198479,55.120000,1.288549,0.000000,0.000000,0.735800,0.000000,0.735800,0,3679,5000,0,3679,0.985030,0.000000,0.985030,3626
200,0.126309,55.500000,1.307039,0.000000,0.000000,0.763600,0.036800,0.800400,1,3818,5000,184,4002,0.993539,0.979449,0.992736,3975
201,0.140206,60.440000,1.170178,0.000000,0.000000,0.754400,0.000000,0.754400,0,3772,5000,0,3772,0.990151,0.000000,0.990151,3737
202,0.131708,54.460000,1.309201,0.000000,0.000000,0.730200,0.000000,0.730200,0,3651,5000,0,3651,0.990094,0.000000,0.990094,3615
203,0.118727,56.790000,1.273604,0.000000,0.000000,0.749800,0.000000,0.749800,0,3749,5000,0,3749,0.992936,0.000000,0.992936,3727
204,0.137880,52.840000,1.340329,0.000000,0.000000,0.732000,0.000000,0.732000,0,3660,5000,0,3660,0.990117,0.000000,0.990117,3626
205,0.185873,51.310000,1.387762,0.000000,0.000000,0.732800,0.034800,0.767600,1,3664,5000,174,3838,0.983339,0.911453,0.981692,3775
206,0.145986,58.730000,1.201922,0.000000,0.000000,0.710600,0.000000,0.710600,0,3553,5000,0,3553,0.986404,0.000000,0.986404,3506
207,0.150517,45.400000,1.653305,0.000000,0.000000,0.764800,0.000000,0.764800,0,3824,5000,0,3824,0.986356,0.000000,0.986356,3776
208,0.204038,57.070000,1.187107,0.000000,0.000000,0.759000,0.000000,0.759000,0,3795,5000,0,3795,0.988395,0.000000,0.988395,3754
209,0.161282,57.990000,1.150525,0.000000,0.000000,0.783000,0.000000,0.783000,0,3915,5000,0,3915,0.989681,0.000000,0.989681,3877
210,0.220695,47.060000,1.538554,0.000000,0.000000,0.719600,0.026800,0.746400,1,3598,5000,134,3732,0.986807,0.925771,0.983797,3676
211,0.107632,54.440000,1.291889,0.000000,0.000000,0.783800,0.000000,0.783800,0,3919,5000,0,3919,0.989060,0.000000,0.989060,3882
212,0.123199,58.650000,1.195687,0.000000,0.000000,0.758000,0.000000,0.758000,0,3790,5000,0,3790,0.988255,0.000000,0.988255,3748
213,0.145918,61.020000,1.098169,0.000000,0.000000,0.763400,0.000000,0.763400,0,3817,5000,0,3817,0.988934,0.000000,0.988934,3776
214,0.125071,59.220000,1.158130,0.000000,0.000000,0.745400,0.000000,0.745400,0,3727,5000,0,3727,0.991188,0.000000,0.991188,3696
215,0.159634,61.080000,1.143546,0.000000,0.000000,0.728800,0.029600,0.758400,1,3644,5000,148,3792,0.982661,0.956881,0.981964,3730
216,0.132994,59.380000,1.158990,0.000000,0.000000,0.791400,0.000000,0.791400,0,3957,5000,0,3957,0.994617,0.000000,0.994617,3937
217,0.223891,59.330000,1.171396,0.000000,0.000000,0.789600,0.000000,0.789600,0,3948,5000,0,3948,0.987666,0.000000,0.987666,3904
218,0.178828,56.170000,1.223280,0.000000,0.000000,0.698400,0.000000,0.698400,0,3492,5000,0,3492,0.983985,0.000000,0.983985,3437
219,0.159014,56.970000,1.220682,0.000000,0.000000,0.780200,0.000000,0.780200,0,3901,5000,0,3901,0.988451,0.000000,0.988451,3861
220,0.124947,58.500000,1.205187,0.000000,0.000000,0.796000,0.032600,0.828600,1,3980,5000,163,4143,0.994624,0.954627,0.993739,4119
221,0.143588,53.960000,1.353232,0.000000,0.000000,0.780000,0.000000,0.780000,0,3900,5000,0,3900,0.994803,0.000000,0.994803,3881
222,0.138698,54.270000,1.302451,0.000000,0.000000,0.774200,0.000000,0.774200,0,3871,5000,0,3871,0.989699,0.000000,0.989699,3834
223,0.112429,49.510000,1.488547,0.000000,0.000000,0.831800,0.000000,0.831800,0,4159,5000,0,4159,0.992735,0.000000,0.992735,4132
224,0.165370,61.130000,1.115881,0.000000,0.000000,0.745600,0.000000,0.745600,0,3728,5000,0,3728,0.984636,0.000000,0.984636,3673
225,0.169031,61.350000,1.088622,0.000000,0.000000,0.745000,0.033200,0.778200,1,3725,5000,166,3891,0.990671,0.945817,0.989836,3854
226,0.174440,54.530000,1.304959,0.000000,0.000000,0.728800,0.000000,0.728800,0,3644,5000,0,3644,0.986645,0.000000,0.986645,3598
227,0.113455,59.720000,1.177211,0.000000,0.000000,0.776800,0.000000,0.776800,0,3884,5000,0,3884,0.993126,0.000000,0.993126,3859
228,0.184828,58.440000,1.214328,0.000000,0.000000,0.776600,0.000000,0.776600,0,3883,5000,0,3883,0.984091,0.000000,0.984091,3823
229,0.135334,57.910000,1.292369,0.000000,0.000000,0.770200,0.000000,0.770200,0,3851,5000,0,3851,0.994711,0.000000,0.994711,3830
230,0.163489,62.720000,1.060864,0.000000,0.000000,0.725000,0.032400,0.757400,1,3625,5000,162,3787,0.986877,0.977290,0.986149,3735
231,0.142789,63.690000,1.041883,0.000000,0.000000,0.764600,0.000000,0.764600,0,3823,5000,0,3823,0.989347,0.000000,0.989347,3785
232,0.100087,62.100000,1.084370,0.000000,0.000000,0.794600,0.000000,0.794600,0,3973,5000,0,3973,0.991494,0.000000,0.991494,3942
233,0.148514,58.460000,1.179847,0.000000,0.000000,0.703800,0.000000,0.703800,0,3519,5000,0,3519,0.985952,0.000000,0.985952,3474
234,0.135453,63.730000,1.041456,0.000000,0.000000,0.745400,0.000000,0.745400,0,3727,5000,0,3727,0.989125,0.000000,0.989125,3688
235,0.109295,60.130000,1.148912,0.000000,0.000000,0.756200,0.019000,0.775200,1,3781,5000,95,3876,0.991901,0.972222,0.991570,3846
236,0.084876,55.480000,1.355902,0.000000,0.000000,0.755000,0.000000,0.755000,0,3775,5000,0,3775,0.991698,0.000000,0.991698,3746
237,0.101938,55.090000,1.303942,0.000000,0.000000,0.733200,0.000000,0.733200,0,3666,5000,0,3666,0.990036,0.000000,0.990036,3632
238,0.125577,51.190000,1.435990,0.000000,0.000000,0.702800,0.000000,0.702800,0,3514,5000,0,3514,0.988198,0.000000,0.988198,3475
239,0.179492,61.970000,1.092539,0.000000,0.000000,0.774600,0.000000,0.774600,0,3873,5000,0,3873,0.984469,0.000000,0.984469,3822
240,0.164376,56.700000,1.243245,0.000000,0.000000,0.799600,0.040800,0.840400,1,3998,5000,204,4202,0.993698,0.987451,0.993493,4177
241,0.088654,59.480000,1.206446,0.000000,0.000000,0.763000,0.000000,0.763000,0,3815,5000,0,3815,0.995119,0.000000,0.995119,3798
242,0.149562,53.800000,1.310162,0.000000,0.000000,0.722000,0.000000,0.722000,0,3610,5000,0,3610,0.986066,0.000000,0.986066,3563
243,0.160406,61.960000,1.107980,0.000000,0.000000,0.723400,0.000000,0.723400,0,3617,5000,0,3617,0.983425,0.000000,0.983425,3562
244,0.115789,58.240000,1.221495,0.000000,0.000000,0.784600,0.000000,0.784600,0,3923,5000,0,3923,0.987567,0.000000,0.987567,3881
245,0.168880,60.490000,1.175318,0.000000,0.000000,0.764400,0.038800,0.803200,1,3822,5000,194,4016,0.987913,0.987500,0.987973,3972
246,0.185882,58.720000,1.181106,0.000000,0.000000,0.788200,0.000000,0.788200,0,3941,5000,0,3941,0.988285,0.000000,0.988285,3897
247,0.109624,53.950000,1.394777,0.000000,0.000000,0.770600,0.000000,0.770600,0,3853,5000,0,3853,0.993230,0.000000,0.993230,3828
248,0.149950,63.860000,1.050208,0.000000,0.000000,0.779000,0.000000,0.779000,0,3895,5000,0,3895,0.991012,0.000000,0.991012,3863
249,0.140434,61.980000,1.096946,0.000000,0.000000,0.762800,0.000000,0.762800,0,3814,5000,0,3814,0.990648,0.000000,0.990648,3782
250,0.195292,64.510000,1.018948,0.000000,0.000000,0.786400,0.029200,0.815600,1,3932,5000,146,4078,0.989763,0.954878,0.988539,4035
251,0.131802,59.930000,1.202284,0.000000,0.000000,0.726800,0.000000,0.726800,0,3634,5000,0,3634,0.989002,0.000000,0.989002,3599
252,0.121402,63.470000,1.086209,0.000000,0.000000,0.736600,0.000000,0.736600,0,3683,5000,0,3683,0.990093,0.000000,0.990093,3650
253,0.093563,58.020000,1.239380,0.000000,0.000000,0.811000,0.000000,0.811000,0,4055,5000,0,4055,0.993366,0.000000,0.993366,4031
254,0.190465,60.090000,1.168642,0.000000,0.000000,0.767400,0.000000,0.767400,0,3837,5000,0,3837,0.990812,0.000000,0.990812,3803
255,0.204622,59.090000,1.165026,0.000000,0.000000,0.760400,0.036800,0.797200,1,3802,5000,184,3986,0.988862,0.918931,0.986644,3938
256,0.153588,61.850000,1.105332,0.000000,0.000000,0.747400,0.000000,0.747400,0,3737,5000,0,3737,0.989412,0.000000,0.989412,3699
257,0.167422,60.300000,1.135674,0.000000,0.000000,0.705200,0.000000,0.705200,0,3526,5000,0,3526,0.988162,0.000000,0.988162,3488
258,0.099779,64.730000,1.023006,0.000000,0.000000,0.762600,0.000000,0.762600,0,3813,5000,0,3813,0.991562,0.000000,0.991562,3781
259,0.121373,56.470000,1.326020,0.000000,0.000000,0.791000,0.000000,0.791000,0,3955,5000,0,3955,0.993563,0.000000,0.993563,3931
260,0.187323,61.500000,1.127416,0.000000,0.000000,0.756600,0.035000,0.791600,1,3783,5000,175,3958,0.993274,0.987778,0.992965,3932
261,0.111438,61.540000,1.111665,0.000000,0.000000,0.747000,0.000000,0.747000,0,3735,5000,0,3735,0.990417,0.000000,0.990417,3701
262,0.173554,57.540000,1.209443,0.000000,0.000000,0.787000,0.000000,0.787000,0,3935,5000,0,3935,0.991019,0.000000,0.991019,3902
263,0.098874,53.460000,1.376972,0.000000,0.000000,0.788200,0.000000,0.788200,0,3941,5000,0,3941,0.991479,0.000000,0.991479,3910
264,0.132666,57.930000,1.218471,0.000000,0.000000,0.752200,0.000000,0.752200,0,3761,5000,0,3761,0.991931,0.000000,0.991931,3734
265,0.151860,54.790000,1.339275,0.000000,0.000000,0.738600,0.030400,0.769000,1,3693,5000,152,3845,0.988275,0.949811,0.986497,3798
266,0.156557,56.980000,1.226033,0.000000,0.000000,0.760000,0.000000,0.760000,0,3800,5000,0,3800,0.986931,0.000000,0.986931,3753
267,0.148288,56.490000,1.277846,0.000000,0.000000,0.739600,0.000000,0.739600,0,3698,5000,0,3698,0.985851,0.000000,0.985851,3648
268,0.173407,61.360000,1.084326,0.000000,0.000000,0.756400,0.000000,0.756400,0,3782,5000,0,3782,0.985205,0.000000,0.985205,3732
269,0.130843,55.540000,1.335284,0.000000,0.000000,0.775000,0.000000,0.775000,0,3875,5000,0,3875,0.987680,0.000000,0.987680,3834
270,0.189972,57.140000,1.225555,0.000000,0.000000,0.738200,0.027800,0.766000,1,3691,5000,139,3830,0.985006,0.917813,0.982231,3767
271,0.150812,59.080000,1.170527,0.000000,0.000000,0.803600,0.000000,0.803600,0,4018,5000,0,4018,0.990910,0.000000,0.990910,3986
272,0.111931,61.370000,1.149065,0.000000,0.000000,0.775400,0.000000,0.775400,0,3877,5000,0,3877,0.991410,0.000000,0.991410,3846
273,0.112792,62.170000,1.086848,0.000000,0.000000,0.758200,0.000000,0.758200,0,3791,5000,0,3791,0.987129,0.000000,0.987129,3748
274,0.128374,53.730000,1.363997,0.000000,0.000000,0.727400,0.000000,0.727400,0,3637,5000,0,3637,0.986115,0.000000,0.986115,3592
275,0.170515,59.180000,1.153723,0.000000,0.000000,0.800600,0.032400,0.833000,1,4003,5000,162,4165,0.992527,0.982821,0.992092,4133
276,0.114170,62.300000,1.095008,0.000000,0.000000,0.712200,0.000000,0.712200,0,3561,5000,0,3561,0.989400,0.000000,0.989400,3525
277,0.216231,59.470000,1.155813,0.000000,0.000000,0.756600,0.000000,0.756600,0,3783,5000,0,3783,0.982693,0.000000,0.982693,3723
278,0.147830,54.790000,1.349077,0.000000,0.000000,0.760000,0.000000,0.760000,0,3800,5000,0,3800,0.990142,0.000000,0.990142,3764
279,0.195046,58.320000,1.232662,0.000000,0.000000,0.706400,0.000000,0.706400,0,3532,5000,0,3532,0.980956,0.000000,0.980956,3470
280,0.118946,61.050000,1.153822,0.000000,0.000000,0.775800,0.027400,0.803200,1,3879,5000,137,4016,0.989257,0.973485,0.988943,3977
281,0.163302,64.860000,1.039524,0.000000,0.000000,0.717600,0.000000,0.717600,0,3588,5000,0,3588,0.978740,0.000000,0.978740,3516
282,0.143469,61.560000,1.103972,0.000000,0.000000,0.763800,0.000000,0.763800,0,3819,5000,0,3819,0.986464,0.000000,0.986464,3770
283,0.121932,59.540000,1.216525,0.000000,0.000000,0.753600,0.000000,0.753600,0,3768,5000,0,3768,0.993830,0.000000,0.993830,3747
284,0.115706,63.950000,1.061572,0.000000,0.000000,0.774400,0.000000,0.774400,0,3872,5000,0,3872,0.991193,0.000000,0.991193,3841
285,0.151529,61.600000,1.106276,0.000000,0.000000,0.765200,0.036400,0.801600,1,3826,5000,182,4008,0.990904,0.941540,0.989499,3968
286,0.141098,62.440000,1.091216,0.000000,0.000000,0.755000,0.000000,0.755000,0,3775,5000,0,3775,0.984673,0.000000,0.984673,3722
287,0.137118,58.020000,1.233953,0.000000,0.000000,0.743800,0.000000,0.743800,0,3719,5000,0,3719,0.985272,0.000000,0.985272,3670
288,0.185469,62.000000,1.107671,0.000000,0.000000,0.709200,0.000000,0.709200,0,3546,5000,0,3546,0.979565,0.000000,0.979565,3477
289,0.113696,62.410000,1.138866,0.000000,0.000000,0.772800,0.000000,0.772800,0,3864,5000,0,3864,0.988681,0.000000,0.988681,3823
290,0.130897,58.350000,1.214221,0.000000,0.000000,0.755200,0.028600,0.783800,1,3776,5000,143,3919,0.991626,0.945512,0.990166,3882
291,0.140772,60.910000,1.140770,0.000000,0.000000,0.741800,0.000000,0.741800,0,3709,5000,0,3709,0.988797,0.000000,0.988797,3672
292,0.143357,63.150000,1.091532,0.000000,0.000000,0.737600,0.000000,0.737600,0,3688,5000,0,3688,0.985527,0.000000,0.985527,3638
293,0.122969,61.020000,1.153387,0.000000,0.000000,0.721400,0.000000,0.721400,0,3607,5000,0,3607,0.983710,0.000000,0.983710,3552
294,0.105667,58.040000,1.280604,0.000000,0.000000,0.798400,0.000000,0.798400,0,3992,5000,0,3992,0.994194,0.000000,0.994194,3971
295,0.190826,61.600000,1.118175,0.000000,0.000000,0.758400,0.031800,0.790200,1,3792,5000,159,3951,0.991175,0.963152,0.990336,3915
296,0.166062,58.650000,1.193777,0.000000,0.000000,0.777200,0.000000,0.777200,0,3886,5000,0,3886,0.990089,0.000000,0.990089,3850
297,0.108984,59.080000,1.214229,0.000000,0.000000,0.775200,0.000000,0.775200,0,3876,5000,0,3876,0.991402,0.000000,0.991402,3847
298,0.254297,61.410000,1.132690,0.000000,0.000000,0.768400,0.000000,0.768400,0,3842,5000,0,3842,0.971117,0.000000,0.971117,3742
299,0.072493,60.880000,1.143897,0.000000,0.000000,0.778600,0.000000,0.778600,0,3893,5000,0,3893,0.995985,0.000000,0.995985,3879
300,0.124004,61.850000,1.136893,0.000000,0.000000,0.736200,0.028000,0.764200,1,3681,5000,140,3821,0.992902,0.979832,0.992197,3794
301,0.162166,58.230000,1.258117,0.000000,0.000000,0.763000,0.000000,0.763000,0,3815,5000,0,3815,0.989338,0.000000,0.989338,3779
302,0.144533,56.770000,1.351529,0.000000,0.000000,0.797200,0.000000,0.797200,0,3986,5000,0,3986,0.990867,0.000000,0.990867,3953
303,0.132252,52.600000,1.507580,0.000000,0.000000,0.770800,0.000000,0.770800,0,3854,5000,0,3854,0.992534,0.000000,0.992534,3827
304,0.153834,62.350000,1.107128,0.000000,0.000000,0.748000,0.000000,0.748000,0,3740,5000,0,3740,0.985579,0.000000,0.985579,3693
305,0.148278,62.500000,1.059980,0.000000,0.000000,0.834800,0.032600,0.867400,1,4174,5000,163,4337,0.996422,0.954689,0.995082,4317
306,0.110407,62.330000,1.091174,0.000000,0.000000,0.780200,0.000000,0.780200,0,3901,5000,0,3901,0.993514,0.000000,0.993514,3877
307,0.116628,60.920000,1.154272,0.000000,0.000000,0.804400,0.000000,0.804400,0,4022,5000,0,4022,0.993701,0.000000,0.993701,3999
308,0.144953,64.870000,1.036498,0.000000,0.000000,0.764000,0.000000,0.764000,0,3820,5000,0,3820,0.986737,0.000000,0.986737,3772
309,0.142566,59.230000,1.242081,0.000000,0.000000,0.784800,0.000000,0.784800,0,3924,5000,0,3924,0.991260,0.000000,0.991260,3893
310,0.121100,58.560000,1.252195,0.000000,0.000000,0.728200,0.023400,0.751600,1,3641,5000,117,3758,0.989026,0.864444,0.986178,3708
311,0.133542,64.670000,1.028558,0.000000,0.000000,0.753800,0.000000,0.753800,0,3769,5000,0,3769,0.985320,0.000000,0.985320,3719
312,0.118106,61.000000,1.157936,0.000000,0.000000,0.739400,0.000000,0.739400,0,3697,5000,0,3697,0.987427,0.000000,0.987427,3655
313,0.152608,65.210000,1.012012,0.000000,0.000000,0.741200,0.000000,0.741200,0,3706,5000,0,3706,0.990943,0.000000,0.990943,3675
314,0.127064,66.650000,0.987961,0.000000,0.000000,0.758600,0.000000,0.758600,0,3793,5000,0,3793,0.988061,0.000000,0.988061,3752
315,0.196969,62.580000,1.092226,0.000000,0.000000,0.756200,0.028400,0.784600,1,3781,5000,142,3923,0.986539,0.904248,0.983908,3866
316,0.110960,59.880000,1.205783,0.000000,0.000000,0.800400,0.000000,0.800400,0,4002,5000,0,4002,0.990823,0.000000,0.990823,3969
317,0.074472,63.230000,1.091667,0.000000,0.000000,0.740200,0.000000,0.740200,0,3701,5000,0,3701,0.993080,0.000000,0.993080,3677
318,0.095657,63.610000,1.070185,0.000000,0.000000,0.751400,0.000000,0.751400,0,3757,5000,0,3757,0.991820,0.000000,0.991820,3728
319,0.159968,61.860000,1.126014,0.000000,0.000000,0.773800,0.000000,0.773800,0,3869,5000,0,3869,0.983851,0.000000,0.983851,3813
320,0.120466,60.310000,1.199439,0.000000,0.000000,0.791000,0.026800,0.817800,1,3955,5000,134,4089,0.987239,0.956190,0.986316,4040
321,0.121912,66.530000,0.974582,0.000000,0.000000,0.778000,0.000000,0.778000,0,3890,5000,0,3890,0.988384,0.000000,0.988384,3846
322,0.090714,58.750000,1.182504,0.000000,0.000000,0.767000,0.000000,0.767000,0,3835,5000,0,3835,0.991547,0.000000,0.991547,3806
323,0.109554,60.290000,1.152010,0.000000,0.000000,0.731200,0.000000,0.731200,0,3656,5000,0,3656,0.987460,0.000000,0.987460,3613
324,0.097361,60.980000,1.146043,0.000000,0.000000,0.740000,0.000000,0.740000,0,3700,5000,0,3700,0.992475,0.000000,0.992475,3675
325,0.118990,62.720000,1.090046,0.000000,0.000000,0.759000,0.033000,0.792000,1,3795,5000,165,3960,0.988704,0.952262,0.987893,3915
326,0.107102,61.340000,1.169273,0.000000,0.000000,0.765000,0.000000,0.765000,0,3825,5000,0,3825,0.984131,0.000000,0.984131,3771
327,0.148303,61.560000,1.107149,0.000000,0.000000,0.763800,0.000000,0.763800,0,3819,5000,0,3819,0.985694,0.000000,0.985694,3765
328,0.142404,64.590000,1.045832,0.000000,0.000000,0.740800,0.000000,0.740800,0,3704,5000,0,3704,0.981920,0.000000,0.981920,3642
329,0.110967,61.720000,1.131468,0.000000,0.000000,0.787000,0.000000,0.787000,0,3935,5000,0,3935,0.992242,0.000000,0.992242,3908
330,0.166397,60.830000,1.137237,0.000000,0.000000,0.743600,0.022600,0.766200,1,3718,5000,113,3831,0.987010,0.923626,0.985411,3780
331,0.146703,62.340000,1.107843,0.000000,0.000000,0.759000,0.000000,0.759000,0,3795,5000,0,3795,0.985761,0.000000,0.985761,3745
332,0.076428,60.210000,1.180481,0.000000,0.000000,0.753400,0.000000,0.753400,0,3767,5000,0,3767,0.990768,0.000000,0.990768,3735
333,0.121789,62.970000,1.090830,0.000000,0.000000,0.768600,0.000000,0.768600,0,3843,5000,0,3843,0.989383,0.000000,0.989383,3805
334,0.161562,55.500000,1.302990,0.000000,0.000000,0.746400,0.000000,0.746400,0,3732,5000,0,3732,0.983349,0.000000,0.983349,3674
335,0.164961,61.630000,1.177550,0.000000,0.000000,0.787000,0.032600,0.819600,1,3935,5000,163,4098,0.986273,0.947457,0.984523,4042
336,0.115018,58.950000,1.274611,0.000000,0.000000,0.720400,0.000000,0.720400,0,3602,5000,0,3602,0.985164,0.000000,0.985164,3551
337,0.129447,61.000000,1.176055,0.000000,0.000000,0.763400,0.000000,0.763400,0,3817,5000,0,3817,0.990497,0.000000,0.990497,3784
338,0.143208,63.010000,1.084064,0.000000,0.000000,0.747800,0.000000,0.747800,0,3739,5000,0,3739,0.988221,0.000000,0.988221,3697
339,0.139631,61.230000,1.159069,0.000000,0.000000,0.746800,0.000000,0.746800,0,3734,5000,0,3734,0.990894,0.000000,0.990894,3700
340,0.100124,62.400000,1.113588,0.000000,0.000000,0.766800,0.027600,0.794400,1,3834,5000,138,3972,0.992159,0.936752,0.990751,3939
341,0.124858,60.110000,1.202824,0.000000,0.000000,0.716200,0.000000,0.716200,0,3581,5000,0,3581,0.982941,0.000000,0.982941,3524
342,0.100780,55.940000,1.361036,0.000000,0.000000,0.770600,0.000000,0.770600,0,3853,5000,0,3853,0.991344,0.000000,0.991344,3822
343,0.128070,59.890000,1.213678,0.000000,0.000000,0.763800,0.000000,0.763800,0,3819,5000,0,3819,0.988185,0.000000,0.988185,3778
344,0.107188,62.930000,1.092093,0.000000,0.000000,0.795800,0.000000,0.795800,0,3979,5000,0,3979,0.990134,0.000000,0.990134,3942
345,0.116220,61.820000,1.145487,0.000000,0.000000,0.745800,0.022000,0.767800,1,3729,5000,110,3839,0.992258,0.987500,0.992091,3811
346,0.152426,62.320000,1.104884,0.000000,0.000000,0.748000,0.000000,0.748000,0,3740,5000,0,3740,0.989376,0.000000,0.989376,3702
347,0.091581,64.430000,1.057628,0.000000,0.000000,0.801400,0.000000,0.801400,0,4007,5000,0,4007,0.994464,0.000000,0.994464,3986
348,0.123175,62.310000,1.179452,0.000000,0.000000,0.715800,0.000000,0.715800,0,3579,5000,0,3579,0.984808,0.000000,0.984808,3528
349,0.121368,61.970000,1.181892,0.000000,0.000000,0.724800,0.000000,0.724800,0,3624,5000,0,3624,0.986224,0.000000,0.986224,3578
350,0.146611,62.420000,1.172950,0.000000,0.000000,0.689600,0.031000,0.720600,1,3448,5000,155,3603,0.984487,0.930451,0.983460,3547
351,0.150534,66.560000,0.986831,0.000000,0.000000,0.746800,0.000000,0.746800,0,3734,5000,0,3734,0.986899,0.000000,0.986899,3688
352,0.109734,63.210000,1.078073,0.000000,0.000000,0.745600,0.000000,0.745600,0,3728,5000,0,3728,0.987028,0.000000,0.987028,3683
353,0.113341,59.130000,1.232461,0.000000,0.000000,0.714400,0.000000,0.714400,0,3572,5000,0,3572,0.984745,0.000000,0.984745,3520
354,0.193615,65.890000,1.012447,0.000000,0.000000,0.788800,0.000000,0.788800,0,3944,5000,0,3944,0.991854,0.000000,0.991854,3915
355,0.192774,63.860000,1.093716,0.000000,0.000000,0.740200,0.024800,0.765000,1,3701,5000,124,3825,0.974679,0.888846,0.972209,3723
356,0.121955,57.320000,1.329398,0.000000,0.000000,0.734800,0.000000,0.734800,0,3674,5000,0,3674,0.984497,0.000000,0.984497,3621
357,0.110418,63.190000,1.155604,0.000000,0.000000,0.755200,0.000000,0.755200,0,3776,5000,0,3776,0.984926,0.000000,0.984926,3723
358,0.098789,64.370000,1.088575,0.000000,0.000000,0.753600,0.000000,0.753600,0,3768,5000,0,3768,0.990527,0.000000,0.990527,3736
359,0.085200,62.770000,1.121871,0.000000,0.000000,0.749000,0.000000,0.749000,0,3745,5000,0,3745,0.990554,0.000000,0.990554,3714
360,0.192497,62.270000,1.161484,0.000000,0.000000,0.723000,0.020200,0.743200,1,3615,5000,101,3716,0.984445,0.895944,0.981525,3650
361,0.068384,55.190000,1.380502,0.000000,0.000000,0.815200,0.000000,0.815200,0,4076,5000,0,4076,0.996184,0.000000,0.996184,4061
362,0.104441,58.170000,1.325938,0.000000,0.000000,0.734600,0.000000,0.734600,0,3673,5000,0,3673,0.990650,0.000000,0.990650,3640
363,0.108515,64.600000,1.060511,0.000000,0.000000,0.760600,0.000000,0.760600,0,3803,5000,0,3803,0.988109,0.000000,0.988109,3764
364,0.152667,61.810000,1.138681,0.000000,0.000000,0.785000,0.000000,0.785000,0,3925,5000,0,3925,0.988803,0.000000,0.988803,3882
365,0.099688,59.400000,1.218264,0.000000,0.000000,0.824800,0.021200,0.846000,1,4124,5000,106,4230,0.991262,0.957576,0.990982,4196
366,0.105044,60.320000,1.192632,0.000000,0.000000,0.762000,0.000000,0.762000,0,3810,5000,0,3810,0.992215,0.000000,0.992215,3782
367,0.100807,59.170000,1.249298,0.000000,0.000000,0.777400,0.000000,0.777400,0,3887,5000,0,3887,0.987320,0.000000,0.987320,3843
368,0.112623,63.000000,1.147391,0.000000,0.000000,0.738800,0.000000,0.738800,0,3694,5000,0,3694,0.986873,0.000000,0.986873,3649
369,0.150260,60.030000,1.251318,0.000000,0.000000,0.811000,0.000000,0.811000,0,4055,5000,0,4055,0.993698,0.000000,0.993698,4031
370,0.105294,58.570000,1.287092,0.000000,0.000000,0.782400,0.028400,0.810800,1,3912,5000,142,4054,0.992950,0.969181,0.991819,4024
371,0.101449,59.100000,1.235231,0.000000,0.000000,0.833200,0.000000,0.833200,0,4166,5000,0,4166,0.994632,0.000000,0.994632,4144
372,0.117878,60.270000,1.228070,0.000000,0.000000,0.785800,0.000000,0.785800,0,3929,5000,0,3929,0.991265,0.000000,0.991265,3896
373,0.125248,67.010000,0.968949,0.000000,0.000000,0.785400,0.000000,0.785400,0,3927,5000,0,3927,0.986895,0.000000,0.986895,3879
374,0.156780,62.340000,1.119069,0.000000,0.000000,0.759200,0.000000,0.759200,0,3796,5000,0,3796,0.982719,0.000000,0.982719,3736
375,0.102446,65.530000,1.022820,0.000000,0.000000,0.793600,0.029400,0.823000,1,3968,5000,147,4115,0.989603,0.991667,0.990019,4078
376,0.085813,61.170000,1.162016,0.000000,0.000000,0.773600,0.000000,0.773600,0,3868,5000,0,3868,0.992896,0.000000,0.992896,3842
377,0.138701,60.830000,1.172080,0.000000,0.000000,0.765200,0.000000,0.765200,0,3826,5000,0,3826,0.989555,0.000000,0.989555,3791
378,0.140096,65.840000,1.006568,0.000000,0.000000,0.763000,0.000000,0.763000,0,3815,5000,0,3815,0.986882,0.000000,0.986882,3770
379,0.100248,63.040000,1.126591,0.000000,0.000000,0.749000,0.000000,0.749000,0,3745,5000,0,3745,0.990703,0.000000,0.990703,3713
380,0.140259,62.800000,1.183986,0.000000,0.000000,0.716600,0.020600,0.737200,1,3583,5000,103,3686,0.986094,0.935972,0.984152,3631
381,0.098003,59.350000,1.288627,0.000000,0.000000,0.772000,0.000000,0.772000,0,3860,5000,0,3860,0.990043,0.000000,0.990043,3824
382,0.092407,58.020000,1.335477,0.000000,0.000000,0.755200,0.000000,0.755200,0,3776,5000,0,3776,0.990227,0.000000,0.990227,3742
383,0.103909,60.400000,1.236964,0.000000,0.000000,0.771800,0.000000,0.771800,0,3859,5000,0,3859,0.990587,0.000000,0.990587,3824
384,0.116266,61.110000,1.139921,0.000000,0.000000,0.762600,0.000000,0.762600,0,3813,5000,0,3813,0.987198,0.000000,0.987198,3769
385,0.083397,59.790000,1.219109,0.000000,0.000000,0.817800,0.019600,0.837400,1,4089,5000,98,4187,0.992803,0.969048,0.992444,4157
386,0.070559,59.370000,1.207097,0.000000,0.000000,0.796400,0.000000,0.796400,0,3982,5000,0,3982,0.994492,0.000000,0.994492,3962
387,0.127465,65.760000,1.025828,0.000000,0.000000,0.797400,0.000000,0.797400,0,3987,5000,0,3987,0.985411,0.000000,0.985411,3935
388,0.110008,57.030000,1.267339,0.000000,0.000000,0.781800,0.000000,0.781800,0,3909,5000,0,3909,0.991818,0.000000,0.991818,3881
389,0.168582,63.280000,1.069503,0.000000,0.000000,0.748000,0.000000,0.748000,0,3740,5000,0,3740,0.984807,0.000000,0.984807,3688
390,0.194536,65.520000,0.998291,0.000000,0.000000,0.809200,0.025000,0.834200,1,4046,5000,125,4171,0.987085,0.933268,0.985701,4116
391,0.096798,61.320000,1.115134,0.000000,0.000000,0.784800,0.000000,0.784800,0,3924,5000,0,3924,0.990233,0.000000,0.990233,3888
392,0.084487,59.100000,1.226594,0.000000,0.000000,0.801400,0.000000,0.801400,0,4007,5000,0,4007,0.995533,0.000000,0.995533,3991
393,0.156217,61.020000,1.165804,0.000000,0.000000,0.721400,0.000000,0.721400,0,3607,5000,0,3607,0.981926,0.000000,0.981926,3545
394,0.118646,64.090000,1.060781,0.000000,0.000000,0.755200,0.000000,0.755200,0,3776,5000,0,3776,0.989141,0.000000,0.989141,3738
395,0.117625,60.770000,1.181262,0.000000,0.000000,0.785000,0.029000,0.814000,1,3925,5000,145,4070,0.991247,0.947759,0.990003,4032
396,0.085088,62.070000,1.121711,0.000000,0.000000,0.775400,0.000000,0.775400,0,3877,5000,0,3877,0.991089,0.000000,0.991089,3845
397,0.101446,62.860000,1.130204,0.000000,0.000000,0.763200,0.000000,0.763200,0,3816,5000,0,3816,0.990656,0.000000,0.990656,3784
398,0.076493,60.800000,1.206969,0.000000,0.000000,0.825800,0.000000,0.825800,0,4129,5000,0,4129,0.993514,0.000000,0.993514,4104
399,0.132022,59.370000,1.291729,0.000000,0.000000,0.777000,0.000000,0.777000,0,3885,5000,0,3885,0.991269,0.000000,0.991269,3854
400,0.140412,61.890000,1.153115,0.000000,0.000000,0.824000,0.027200,0.851200,1,4120,5000,136,4256,0.993415,1.000000,0.993560,4232
401,0.170405,61.050000,1.195823,0.000000,0.000000,0.751800,0.000000,0.751800,0,3759,5000,0,3759,0.986019,0.000000,0.986019,3711
402,0.114390,58.600000,1.270396,0.000000,0.000000,0.785000,0.000000,0.785000,0,3925,5000,0,3925,0.994191,0.000000,0.994191,3904
403,0.081038,65.990000,0.991114,0.000000,0.000000,0.783800,0.000000,0.783800,0,3919,5000,0,3919,0.992540,0.000000,0.992540,3891
404,0.117010,62.370000,1.096251,0.000000,0.000000,0.741800,0.000000,0.741800,0,3709,5000,0,3709,0.987470,0.000000,0.987470,3666
405,0.180434,64.100000,1.084179,0.000000,0.000000,0.760200,0.024400,0.784600,1,3801,5000,122,3923,0.988705,0.971905,0.988032,3878
406,0.110080,58.650000,1.245102,0.000000,0.000000,0.771200,0.000000,0.771200,0,3856,5000,0,3856,0.990543,0.000000,0.990543,3823
407,0.084225,58.820000,1.282563,0.000000,0.000000,0.801400,0.000000,0.801400,0,4007,5000,0,4007,0.993686,0.000000,0.993686,3983
408,0.125285,55.920000,1.394597,0.000000,0.000000,0.802400,0.000000,0.802400,0,4012,5000,0,4012,0.992166,0.000000,0.992166,3984
409,0.126099,63.310000,1.132384,0.000000,0.000000,0.792200,0.000000,0.792200,0,3961,5000,0,3961,0.992743,0.000000,0.992743,3935
410,0.116858,58.620000,1.218603,0.000000,0.000000,0.784800,0.015000,0.799800,1,3924,5000,75,3999,0.993909,0.942532,0.993015,3972
411,0.138462,54.710000,1.367033,0.000000,0.000000,0.752400,0.000000,0.752400,0,3762,5000,0,3762,0.983409,0.000000,0.983409,3705
412,0.104881,63.770000,1.091789,0.000000,0.000000,0.843400,0.000000,0.843400,0,4217,5000,0,4217,0.994508,0.000000,0.994508,4195
413,0.083032,59.790000,1.244110,0.000000,0.000000,0.750600,0.000000,0.750600,0,3753,5000,0,3753,0.991593,0.000000,0.991593,3724
414,0.127795,62.780000,1.110959,0.000000,0.000000,0.769000,0.000000,0.769000,0,3845,5000,0,3845,0.983102,0.000000,0.983102,3786
415,0.131550,61.460000,1.221095,0.000000,0.000000,0.797400,0.032600,0.830000,1,3987,5000,163,4150,0.989924,0.975877,0.989237,4109
416,0.110528,64.630000,1.093089,0.000000,0.000000,0.771800,0.000000,0.771800,0,3859,5000,0,3859,0.991275,0.000000,0.991275,3828
417,0.133294,61.630000,1.173763,0.000000,0.000000,0.740200,0.000000,0.740200,0,3701,5000,0,3701,0.990829,0.000000,0.990829,3669
418,0.126507,61.710000,1.216511,0.000000,0.000000,0.698800,0.000000,0.698800,0,3494,5000,0,3494,0.985860,0.000000,0.985860,3446
419,0.078805,63.300000,1.160334,0.000000,0.000000,0.739600,0.000000,0.739600,0,3698,5000,0,3698,0.987473,0.000000,0.987473,3656
420,0.139108,62.350000,1.162041,0.000000,0.000000,0.781400,0.026600,0.808000,1,3907,5000,133,4040,0.987090,0.961538,0.986168,3991
421,0.070809,60.560000,1.202280,0.000000,0.000000,0.804600,0.000000,0.804600,0,4023,5000,0,4023,0.994712,0.000000,0.994712,4004
422,0.124592,64.050000,1.051947,0.000000,0.000000,0.796800,0.000000,0.796800,0,3984,5000,0,3984,0.991602,0.000000,0.991602,3952
423,0.150526,65.990000,0.992930,0.000000,0.000000,0.763400,0.000000,0.763400,0,3817,5000,0,3817,0.984957,0.000000,0.984957,3762
424,0.095326,62.650000,1.101728,0.000000,0.000000,0.806600,0.000000,0.806600,0,4033,5000,0,4033,0.993715,0.000000,0.993715,4012
425,0.161408,54.420000,1.422084,0.000000,0.000000,0.790000,0.025400,0.815400,1,3950,5000,127,4077,0.991050,0.944603,0.990179,4040
426,0.103939,60.170000,1.284096,0.000000,0.000000,0.758400,0.000000,0.758400,0,3792,5000,0,3792,0.990387,0.000000,0.990387,3758
427,0.147134,58.450000,1.319213,0.000000,0.000000,0.777400,0.000000,0.777400,0,3887,5000,0,3887,0.991554,0.000000,0.991554,3856
428,0.121199,60.910000,1.207127,0.000000,0.000000,0.770200,0.000000,0.770200,0,3851,5000,0,3851,0.991111,0.000000,0.991111,3821
429,0.092925,61.930000,1.152625,0.000000,0.000000,0.768600,0.000000,0.768600,0,3843,5000,0,3843,0.988201,0.000000,0.988201,3803
430,0.088624,62.740000,1.128452,0.000000,0.000000,0.786400,0.019200,0.805600,1,3932,5000,96,4028,0.993052,0.991667,0.992942,4001
431,0.067371,59.010000,1.259122,0.000000,0.000000,0.772800,0.000000,0.772800,0,3864,5000,0,3864,0.994143,0.000000,0.994143,3843
432,0.103634,61.810000,1.207947,0.000000,0.000000,0.781000,0.000000,0.781000,0,3905,5000,0,3905,0.988342,0.000000,0.988342,3864
433,0.098139,55.350000,1.312154,0.000000,0.000000,0.771400,0.000000,0.771400,0,3857,5000,0,3857,0.988703,0.000000,0.988703,3818
434,0.160643,60.130000,1.193611,0.000000,0.000000,0.727800,0.000000,0.727800,0,3639,5000,0,3639,0.981691,0.000000,0.981691,3577
435,0.154439,65.770000,1.019791,0.000000,0.000000,0.716000,0.017800,0.733800,1,3580,5000,89,3669,0.980327,0.907262,0.978803,3595
436,0.102972,61.840000,1.142729,0.000000,0.000000,0.783800,0.000000,0.783800,0,3919,5000,0,3919,0.985382,0.000000,0.985382,3867
437,0.086102,66.170000,1.019311,0.000000,0.000000,0.789200,0.000000,0.789200,0,3946,5000,0,3946,0.991998,0.000000,0.991998,3915
438,0.103827,65.500000,1.031259,0.000000,0.000000,0.736000,0.000000,0.736000,0,3680,5000,0,3680,0.990411,0.000000,0.990411,3649
439,0.083754,64.300000,1.090985,0.000000,0.000000,0.760400,0.000000,0.760400,0,3802,5000,0,3802,0.992326,0.000000,0.992326,3776
440,0.127557,63.850000,1.121134,0.000000,0.000000,0.733000,0.025200,0.758200,1,3665,5000,126,3791,0.980779,0.888439,0.978539,3717
441,0.116631,66.000000,1.031059,0.000000,0.000000,0.786200,0.000000,0.786200,0,3931,5000,0,3931,0.991682,0.000000,0.991682,3901
442,0.076367,62.540000,1.125906,0.000000,0.000000,0.800200,0.000000,0.800200,0,4001,5000,0,4001,0.995775,0.000000,0.995775,3985
443,0.121841,67.640000,0.959646,0.000000,0.000000,0.778600,0.000000,0.778600,0,3893,5000,0,3893,0.989167,0.000000,0.989167,3854
444,0.083792,61.880000,1.198033,0.000000,0.000000,0.824400,0.000000,0.824400,0,4122,5000,0,4122,0.993717,0.000000,0.993717,4098
445,0.114884,57.330000,1.316441,0.000000,0.000000,0.732200,0.022800,0.755000,1,3661,5000,114,3775,0.989136,0.902784,0.986647,3730
446,0.140408,60.430000,1.217869,0.000000,0.000000,0.728600,0.000000,0.728600,0,3643,5000,0,3643,0.986673,0.000000,0.986673,3598
447,0.098829,63.840000,1.088419,0.000000,0.000000,0.772800,0.000000,0.772800,0,3864,5000,0,3864,0.991152,0.000000,0.991152,3833
448,0.090093,63.080000,1.135318,0.000000,0.000000,0.780600,0.000000,0.780600,0,3903,5000,0,3903,0.993293,0.000000,0.993293,3878
449,0.107649,61.830000,1.150145,0.000000,0.000000,0.772200,0.000000,0.772200,0,3861,5000,0,3861,0.989192,0.000000,0.989192,3821
450,0.104771,58.370000,1.299801,0.000000,0.000000,0.779600,0.022000,0.801600,1,3898,5000,110,4008,0.991300,0.953974,0.990183,3973
451,0.095719,55.340000,1.428121,0.000000,0.000000,0.792400,0.000000,0.792400,0,3962,5000,0,3962,0.988225,0.000000,0.988225,3920
452,0.121868,67.380000,0.977066,0.000000,0.000000,0.748400,0.000000,0.748400,0,3742,5000,0,3742,0.986774,0.000000,0.986774,3694
453,0.087006,61.660000,1.167961,0.000000,0.000000,0.761000,0.000000,0.761000,0,3805,5000,0,3805,0.988854,0.000000,0.988854,3767
454,0.097931,63.800000,1.121759,0.000000,0.000000,0.785200,0.000000,0.785200,0,3926,5000,0,3926,0.990188,0.000000,0.990188,3889
455,0.151319,63.550000,1.138433,0.000000,0.000000,0.739600,0.028000,0.767600,1,3698,5000,140,3838,0.981800,0.906250,0.979419,3764
456,0.091147,62.060000,1.180893,0.000000,0.000000,0.797400,0.000000,0.797400,0,3987,5000,0,3987,0.991079,0.000000,0.991079,3954
457,0.084341,58.860000,1.305178,0.000000,0.000000,0.814200,0.000000,0.814200,0,4071,5000,0,4071,0.992396,0.000000,0.992396,4042
458,0.110227,63.680000,1.109174,0.000000,0.000000,0.802400,0.000000,0.802400,0,4012,5000,0,4012,0.990140,0.000000,0.990140,3974
459,0.075928,63.970000,1.115577,0.000000,0.000000,0.792800,0.000000,0.792800,0,3964,5000,0,3964,0.992719,0.000000,0.992719,3939
460,0.154695,67.040000,0.992892,0.000000,0.000000,0.808200,0.022200,0.830400,1,4041,5000,111,4152,0.988818,0.969048,0.988066,4105
461,0.136200,65.900000,0.998930,0.000000,0.000000,0.774800,0.000000,0.774800,0,3874,5000,0,3874,0.988963,0.000000,0.988963,3832
462,0.089957,63.640000,1.116662,0.000000,0.000000,0.829400,0.000000,0.829400,0,4147,5000,0,4147,0.990646,0.000000,0.990646,4114
463,0.098738,63.410000,1.158852,0.000000,0.000000,0.760400,0.000000,0.760400,0,3802,5000,0,3802,0.989565,0.000000,0.989565,3765
464,0.106235,64.620000,1.072558,0.000000,0.000000,0.777400,0.000000,0.777400,0,3887,5000,0,3887,0.992407,0.000000,0.992407,3859
465,0.109451,65.720000,1.031807,0.000000,0.000000,0.772000,0.016800,0.788800,1,3860,5000,84,3944,0.989560,0.953571,0.988725,3903
466,0.089378,63.450000,1.100556,0.000000,0.000000,0.792000,0.000000,0.792000,0,3960,5000,0,3960,0.994311,0.000000,0.994311,3939
467,0.090552,57.620000,1.344514,0.000000,0.000000,0.783200,0.000000,0.783200,0,3916,5000,0,3916,0.990315,0.000000,0.990315,3881
468,0.114741,60.720000,1.246550,0.000000,0.000000,0.776000,0.000000,0.776000,0,3880,5000,0,3880,0.991652,0.000000,0.991652,3851
469,0.094099,64.620000,1.076401,0.000000,0.000000,0.704200,0.000000,0.704200,0,3521,5000,0,3521,0.981729,0.000000,0.981729,3457
470,0.108224,62.990000,1.118820,0.000000,0.000000,0.761400,0.024800,0.786200,1,3807,5000,124,3931,0.987874,0.948333,0.986718,3881
471,0.070597,63.410000,1.140662,0.000000,0.000000,0.809600,0.000000,0.809600,0,4048,5000,0,4048,0.993075,0.000000,0.993075,4025
472,0.100244,62.830000,1.129604,0.000000,0.000000,0.751600,0.000000,0.751600,0,3758,5000,0,3758,0.988080,0.000000,0.988080,3717
473,0.112286,62.150000,1.142956,0.000000,0.000000,0.797600,0.000000,0.797600,0,3988,5000,0,3988,0.991520,0.000000,0.991520,3956
474,0.111966,57.360000,1.329504,0.000000,0.000000,0.789200,0.000000,0.789200,0,3946,5000,0,3946,0.991267,0.000000,0.991267,3914
475,0.137598,60.850000,1.179555,0.000000,0.000000,0.793400,0.023600,0.817000,1,3967,5000,118,4085,0.988417,0.941618,0.986789,4036
476,0.100646,59.540000,1.223614,0.000000,0.000000,0.751200,0.000000,0.751200,0,3756,5000,0,3756,0.989282,0.000000,0.989282,3718
477,0.083592,64.480000,1.097862,0.000000,0.000000,0.801800,0.000000,0.801800,0,4009,5000,0,4009,0.993789,0.000000,0.993789,3985
478,0.097199,59.980000,1.287876,0.000000,0.000000,0.737600,0.000000,0.737600,0,3688,5000,0,3688,0.989482,0.000000,0.989482,3651
479,0.104800,63.310000,1.142967,0.000000,0.000000,0.747800,0.000000,0.747800,0,3739,5000,0,3739,0.980535,0.000000,0.980535,3673
480,0.117855,65.340000,1.070031,0.000000,0.000000,0.777000,0.033000,0.810000,1,3885,5000,165,4050,0.989985,0.970278,0.989023,4010
481,0.085440,64.770000,1.115594,0.000000,0.000000,0.817800,0.000000,0.817800,0,4089,5000,0,4089,0.991337,0.000000,0.991337,4058
482,0.094967,67.350000,0.995236,0.000000,0.000000,0.824400,0.000000,0.824400,0,4122,5000,0,4122,0.993035,0.000000,0.993035,4095
483,0.068622,63.860000,1.106398,0.000000,0.000000,0.754000,0.000000,0.754000,0,3770,5000,0,3770,0.990517,0.000000,0.990517,3738
484,0.097514,63.120000,1.125262,0.000000,0.000000,0.794200,0.000000,0.794200,0,3971,5000,0,3971,0.985096,0.000000,0.985096,3919
485,0.138949,62.230000,1.155909,0.000000,0.000000,0.767000,0.022000,0.789000,1,3835,5000,110,3945,0.989535,0.949206,0.988552,3904
486,0.083774,62.140000,1.150941,0.000000,0.000000,0.800200,0.000000,0.800200,0,4001,5000,0,4001,0.992047,0.000000,0.992047,3971
487,0.080676,62.880000,1.121131,0.000000,0.000000,0.837400,0.000000,0.837400,0,4187,5000,0,4187,0.996330,0.000000,0.996330,4173
488,0.117646,55.880000,1.407459,0.000000,0.000000,0.802800,0.000000,0.802800,0,4014,5000,0,4014,0.991240,0.000000,0.991240,3983
489,0.119197,62.300000,1.208043,0.000000,0.000000,0.777800,0.000000,0.777800,0,3889,5000,0,3889,0.989367,0.000000,0.989367,3850
490,0.200675,61.850000,1.245737,0.000000,0.000000,0.704600,0.022800,0.727400,1,3523,5000,114,3637,0.986247,0.877428,0.982980,3579
491,0.109122,63.150000,1.142847,0.000000,0.000000,0.741200,0.000000,0.741200,0,3706,5000,0,3706,0.987175,0.000000,0.987175,3662
492,0.115762,61.270000,1.220842,0.000000,0.000000,0.747000,0.000000,0.747000,0,3735,5000,0,3735,0.991341,0.000000,0.991341,3705
493,0.071126,54.840000,1.438200,0.000000,0.000000,0.797000,0.000000,0.797000,0,3985,5000,0,3985,0.992601,0.000000,0.992601,3957
494,0.139794,66.660000,1.013650,0.000000,0.000000,0.719400,0.000000,0.719400,0,3597,5000,0,3597,0.980019,0.000000,0.980019,3531
495,0.100794,59.170000,1.225060,0.000000,0.000000,0.781800,0.025000,0.806800,1,3909,5000,125,4034,0.989066,0.918360,0.987582,3991
496,0.063198,57.940000,1.285263,0.000000,0.000000,0.792800,0.000000,0.792800,0,3964,5000,0,3964,0.996525,0.000000,0.996525,3951
497,0.118988,63.940000,1.115681,0.000000,0.000000,0.785800,0.000000,0.785800,0,3929,5000,0,3929,0.988500,0.000000,0.988500,3888
498,0.133575,64.440000,1.091833,0.000000,0.000000,0.749400,0.000000,0.749400,0,3747,5000,0,3747,0.984648,0.000000,0.984648,3694
499,0.085293,59.480000,1.221749,0.000000,0.000000,0.815400,0.000000,0.815400,0,4077,5000,0,4077,0.994224,0.000000,0.994224,4055
