epoch,train_loss,global_test_acc,global_test_loss,aux_apa,aux_loss,core_clean_ratio,recover_ratio,train_ratio,recovery_trigger,core_count,recover_count,train_count,total_count,actual_train_clean_count,actual_round_clean_count,missed_clean_count,false_clean_count,total_wrong_count,actual_train_clean_ratio,clean_recall
0,1.583011,19.820000,2.260016,0.000000,0.000000,1.000000,0.000000,1.000000,0,5000,0,5000,5000,3216,3216,0,1784,1784,0.643200,1.000000
1,1.619783,20.510000,2.175785,0.000000,0.000000,1.000000,0.000000,1.000000,0,5000,0,5000,5000,2980,2980,0,2020,2020,0.596000,1.000000
2,1.442699,15.930000,2.222102,0.000000,0.000000,1.000000,0.000000,1.000000,0,5000,0,5000,5000,3112,3112,0,1888,1888,0.622400,1.000000
3,1.574752,23.540000,2.120756,0.000000,0.000000,1.000000,0.000000,1.000000,0,5000,0,5000,5000,3096,3096,0,1904,1904,0.619200,1.000000
4,1.659526,25.060000,2.145320,0.000000,0.000000,1.000000,0.000000,1.000000,0,5000,0,5000,5000,2924,2924,0,2076,2076,0.584800,1.000000
5,1.899394,26.050000,2.138001,0.000000,0.000000,1.000000,0.000000,1.000000,0,5000,0,5000,5000,2272,2272,0,2728,2728,0.454400,1.000000
6,1.578646,25.590000,2.095672,0.000000,0.000000,1.000000,0.000000,1.000000,0,5000,0,5000,5000,3012,3012,0,1988,1988,0.602400,1.000000
7,1.410942,25.210000,2.113632,0.000000,0.000000,1.000000,0.000000,1.000000,0,5000,0,5000,5000,3164,3164,0,1836,1836,0.632800,1.000000
8,1.133435,28.390000,2.075264,0.000000,0.000000,1.000000,0.000000,1.000000,0,5000,0,5000,5000,3772,3772,0,1228,1228,0.754400,1.000000
9,1.540937,20.030000,2.087721,0.000000,0.000000,1.000000,0.000000,1.000000,0,5000,0,5000,5000,2752,2752,0,2248,2248,0.550400,1.000000
10,1.589616,21.550000,2.139470,0.000000,0.000000,1.000000,0.000000,1.000000,0,5000,0,5000,5000,2888,2888,0,2112,2112,0.577600,1.000000
11,1.557228,24.470000,2.080880,0.000000,0.000000,1.000000,0.000000,1.000000,0,5000,0,5000,5000,2940,2940,0,2060,2060,0.588000,1.000000
12,1.686357,27.900000,2.053315,0.000000,0.000000,1.000000,0.000000,1.000000,0,5000,0,5000,5000,2736,2736,0,2264,2264,0.547200,1.000000
13,1.475788,27.910000,2.059042,0.000000,0.000000,1.000000,0.000000,1.000000,0,5000,0,5000,5000,3148,3148,0,1852,1852,0.629600,1.000000
14,1.307400,25.710000,2.071776,0.000000,0.000000,1.000000,0.000000,1.000000,0,5000,0,5000,5000,3492,3492,0,1508,1508,0.698400,1.000000
15,1.469989,20.160000,2.081734,0.000000,0.000000,1.000000,0.000000,1.000000,0,5000,0,5000,5000,3160,3160,0,1840,1840,0.632000,1.000000
16,1.291304,31.690000,2.023061,0.000000,0.000000,1.000000,0.000000,1.000000,0,5000,0,5000,5000,3508,3508,0,1492,1492,0.701600,1.000000
17,1.636943,32.010000,2.017431,0.000000,0.000000,1.000000,0.000000,1.000000,0,5000,0,5000,5000,2780,2780,0,2220,2220,0.556000,1.000000
18,1.664638,26.120000,2.053257,0.000000,0.000000,1.000000,0.000000,1.000000,0,5000,0,5000,5000,2632,2632,0,2368,2368,0.526400,1.000000
19,1.662213,30.690000,2.040661,0.000000,0.000000,1.000000,0.000000,1.000000,0,5000,0,5000,5000,2716,2716,0,2284,2284,0.543200,1.000000
20,1.383945,34.240000,1.997709,0.000000,0.000000,1.000000,0.000000,1.000000,0,5000,0,5000,5000,3272,3272,0,1728,1728,0.654400,1.000000
21,1.516185,32.070000,1.998621,0.000000,0.000000,1.000000,0.000000,1.000000,0,5000,0,5000,5000,3172,3172,0,1828,1828,0.634400,1.000000
22,1.478994,29.020000,2.011296,0.000000,0.000000,1.000000,0.000000,1.000000,0,5000,0,5000,5000,3028,3028,0,1972,1972,0.605600,1.000000
23,1.503402,26.940000,2.056885,0.000000,0.000000,1.000000,0.000000,1.000000,0,5000,0,5000,5000,3004,3004,0,1996,1996,0.600800,1.000000
24,1.501383,26.030000,2.033268,0.000000,0.000000,1.000000,0.000000,1.000000,0,5000,0,5000,5000,3028,3028,0,1972,1972,0.605600,1.000000
25,1.351599,31.610000,1.969358,0.000000,0.000000,1.000000,0.000000,1.000000,0,5000,0,5000,5000,3364,3364,0,1636,1636,0.672800,1.000000
26,1.493950,28.900000,2.026364,0.000000,0.000000,1.000000,0.000000,1.000000,0,5000,0,5000,5000,3208,3208,0,1792,1792,0.641600,1.000000
27,1.361971,30.110000,2.009594,0.000000,0.000000,1.000000,0.000000,1.000000,0,5000,0,5000,5000,3324,3324,0,1676,1676,0.664800,1.000000
28,1.526853,33.520000,1.981941,0.000000,0.000000,1.000000,0.000000,1.000000,0,5000,0,5000,5000,2968,2968,0,2032,2032,0.593600,1.000000
29,1.409579,29.610000,2.024172,0.000000,0.000000,1.000000,0.000000,1.000000,0,5000,0,5000,5000,3264,3264,0,1736,1736,0.652800,1.000000
30,1.256719,24.100000,2.031403,0.000000,0.000000,1.000000,0.000000,1.000000,0,5000,0,5000,5000,3504,3504,0,1496,1496,0.700800,1.000000
31,1.469245,29.680000,2.017573,0.000000,0.000000,1.000000,0.000000,1.000000,0,5000,0,5000,5000,3148,3148,0,1852,1852,0.629600,1.000000
32,1.658286,31.560000,2.005401,0.000000,0.000000,1.000000,0.000000,1.000000,0,5000,0,5000,5000,2788,2788,0,2212,2212,0.557600,1.000000
33,1.685156,29.870000,2.034427,0.000000,0.000000,1.000000,0.000000,1.000000,0,5000,0,5000,5000,2796,2796,0,2204,2204,0.559200,1.000000
34,1.262224,33.670000,1.986575,0.000000,0.000000,1.000000,0.000000,1.000000,0,5000,0,5000,5000,3496,3496,0,1504,1504,0.699200,1.000000
35,1.554824,30.340000,2.019659,0.000000,0.000000,1.000000,0.000000,1.000000,0,5000,0,5000,5000,2908,2908,0,2092,2092,0.581600,1.000000
36,1.290414,18.950000,2.109923,0.000000,0.000000,1.000000,0.000000,1.000000,0,5000,0,5000,5000,3428,3428,0,1572,1572,0.685600,1.000000
37,1.423823,30.560000,1.989980,0.000000,0.000000,1.000000,0.000000,1.000000,0,5000,0,5000,5000,3196,3196,0,1804,1804,0.639200,1.000000
38,1.866214,32.890000,2.018558,0.000000,0.000000,1.000000,0.000000,1.000000,0,5000,0,5000,5000,2148,2148,0,2852,2852,0.429600,1.000000
39,1.491747,29.100000,2.054769,0.000000,0.000000,1.000000,0.000000,1.000000,0,5000,0,5000,5000,3172,3172,0,1828,1828,0.634400,1.000000
40,1.381108,30.970000,1.988896,0.000000,0.000000,1.000000,0.000000,1.000000,0,5000,0,5000,5000,3196,3196,0,1804,1804,0.639200,1.000000
41,1.440356,27.280000,2.007168,0.000000,0.000000,1.000000,0.000000,1.000000,0,5000,0,5000,5000,3036,3036,0,1964,1964,0.607200,1.000000
42,1.465738,31.880000,2.005754,0.000000,0.000000,1.000000,0.000000,1.000000,0,5000,0,5000,5000,3112,3112,0,1888,1888,0.622400,1.000000
43,1.390235,31.630000,1.986329,0.000000,0.000000,1.000000,0.000000,1.000000,0,5000,0,5000,5000,3152,3152,0,1848,1848,0.630400,1.000000
44,1.533886,33.690000,1.971164,0.000000,0.000000,1.000000,0.000000,1.000000,0,5000,0,5000,5000,2976,2976,0,2024,2024,0.595200,1.000000
45,1.389195,32.640000,1.962346,0.000000,0.000000,1.000000,0.000000,1.000000,0,5000,0,5000,5000,3204,3204,0,1796,1796,0.640800,1.000000
46,1.470765,28.410000,1.991013,0.000000,0.000000,1.000000,0.000000,1.000000,0,5000,0,5000,5000,2872,2872,0,2128,2128,0.574400,1.000000
47,1.275557,30.430000,1.979308,0.000000,0.000000,1.000000,0.000000,1.000000,0,5000,0,5000,5000,3396,3396,0,1604,1604,0.679200,1.000000
48,1.510091,30.180000,1.989896,0.000000,0.000000,1.000000,0.000000,1.000000,0,5000,0,5000,5000,2756,2756,0,2244,2244,0.551200,1.000000
49,1.755136,28.730000,2.039395,0.000000,0.000000,1.000000,0.000000,1.000000,0,5000,0,5000,5000,2452,2452,0,2548,2548,0.490400,1.000000
50,1.461276,25.890000,2.049455,0.000000,0.000000,1.000000,0.000000,1.000000,0,5000,0,5000,5000,2912,2912,0,2088,2088,0.582400,1.000000
51,1.653501,28.840000,2.056950,0.000000,0.000000,1.000000,0.000000,1.000000,0,5000,0,5000,5000,2612,2612,0,2388,2388,0.522400,1.000000
52,1.365534,29.240000,2.037596,0.000000,0.000000,1.000000,0.000000,1.000000,0,5000,0,5000,5000,3136,3136,0,1864,1864,0.627200,1.000000
53,1.424014,31.840000,2.001852,0.000000,0.000000,1.000000,0.000000,1.000000,0,5000,0,5000,5000,2952,2952,0,2048,2048,0.590400,1.000000
54,1.649215,29.130000,2.020718,0.000000,0.000000,1.000000,0.000000,1.000000,0,5000,0,5000,5000,2556,2556,0,2444,2444,0.511200,1.000000
55,1.152048,27.870000,1.992725,0.000000,0.000000,1.000000,0.000000,1.000000,0,5000,0,5000,5000,3536,3536,0,1464,1464,0.707200,1.000000
56,1.413228,31.640000,1.975094,0.000000,0.000000,1.000000,0.000000,1.000000,0,5000,0,5000,5000,3120,3120,0,1880,1880,0.624000,1.000000
57,1.354887,30.870000,2.002820,0.000000,0.000000,1.000000,0.000000,1.000000,0,5000,0,5000,5000,3276,3276,0,1724,1724,0.655200,1.000000
58,1.472663,31.680000,1.967399,0.000000,0.000000,1.000000,0.000000,1.000000,0,5000,0,5000,5000,3048,3048,0,1952,1952,0.609600,1.000000
59,1.204936,28.620000,1.993882,0.000000,0.000000,1.000000,0.000000,1.000000,0,5000,0,5000,5000,3620,3620,0,1380,1380,0.724000,1.000000
60,1.553880,32.890000,1.981353,0.000000,0.000000,1.000000,0.000000,1.000000,0,5000,0,5000,5000,2920,2920,0,2080,2080,0.584000,1.000000
61,1.236057,31.220000,1.985015,0.000000,0.000000,1.000000,0.000000,1.000000,0,5000,0,5000,5000,3400,3400,0,1600,1600,0.680000,1.000000
62,1.524906,30.670000,1.995112,0.000000,0.000000,1.000000,0.000000,1.000000,0,5000,0,5000,5000,2884,2884,0,2116,2116,0.576800,1.000000
63,1.426758,31.640000,1.969934,0.000000,0.000000,1.000000,0.000000,1.000000,0,5000,0,5000,5000,3140,3140,0,1860,1860,0.628000,1.000000
64,1.171537,31.390000,1.941307,0.000000,0.000000,1.000000,0.000000,1.000000,0,5000,0,5000,5000,3464,3464,0,1536,1536,0.692800,1.000000
65,1.620261,29.980000,2.024941,0.000000,0.000000,1.000000,0.000000,1.000000,0,5000,0,5000,5000,2692,2692,0,2308,2308,0.538400,1.000000
66,1.624239,32.610000,1.974553,0.000000,0.000000,1.000000,0.000000,1.000000,0,5000,0,5000,5000,2648,2648,0,2352,2352,0.529600,1.000000
67,1.457262,32.560000,1.972804,0.000000,0.000000,1.000000,0.000000,1.000000,0,5000,0,5000,5000,3004,3004,0,1996,1996,0.600800,1.000000
68,1.312826,32.700000,1.973034,0.000000,0.000000,1.000000,0.000000,1.000000,0,5000,0,5000,5000,3332,3332,0,1668,1668,0.666400,1.000000
69,1.611848,28.740000,2.021846,0.000000,0.000000,1.000000,0.000000,1.000000,0,5000,0,5000,5000,2700,2700,0,2300,2300,0.540000,1.000000
70,1.335673,34.970000,1.931589,0.000000,0.000000,1.000000,0.000000,1.000000,0,5000,0,5000,5000,3208,3208,0,1792,1792,0.641600,1.000000
71,1.547878,27.320000,1.997041,0.000000,0.000000,1.000000,0.000000,1.000000,0,5000,0,5000,5000,2824,2824,0,2176,2176,0.564800,1.000000
72,1.618251,26.960000,2.028502,0.000000,0.000000,1.000000,0.000000,1.000000,0,5000,0,5000,5000,2612,2612,0,2388,2388,0.522400,1.000000
73,1.450220,32.800000,1.972234,0.000000,0.000000,1.000000,0.000000,1.000000,0,5000,0,5000,5000,3000,3000,0,2000,2000,0.600000,1.000000
74,1.445668,26.370000,2.023461,0.000000,0.000000,1.000000,0.000000,1.000000,0,5000,0,5000,5000,2980,2980,0,2020,2020,0.596000,1.000000
75,1.182683,34.970000,1.922802,0.000000,0.000000,1.000000,0.000000,1.000000,0,5000,0,5000,5000,3596,3596,0,1404,1404,0.719200,1.000000
76,1.716577,28.860000,2.017064,0.000000,0.000000,1.000000,0.000000,1.000000,0,5000,0,5000,5000,2544,2544,0,2456,2456,0.508800,1.000000
77,1.111886,27.860000,2.011887,0.000000,0.000000,1.000000,0.000000,1.000000,0,5000,0,5000,5000,3592,3592,0,1408,1408,0.718400,1.000000
78,1.718424,30.430000,2.002027,0.000000,0.000000,1.000000,0.000000,1.000000,0,5000,0,5000,5000,2380,2380,0,2620,2620,0.476000,1.000000
79,1.238533,35.860000,1.922438,0.000000,0.000000,1.000000,0.000000,1.000000,0,5000,0,5000,5000,3336,3336,0,1664,1664,0.667200,1.000000
80,1.931858,27.540000,2.054655,0.000000,0.000000,1.000000,0.000000,1.000000,0,5000,0,5000,5000,1824,1824,0,3176,3176,0.364800,1.000000
81,1.593386,29.830000,2.042585,0.000000,0.000000,1.000000,0.000000,1.000000,0,5000,0,5000,5000,2576,2576,0,2424,2424,0.515200,1.000000
82,1.330446,32.290000,1.966282,0.000000,0.000000,1.000000,0.000000,1.000000,0,5000,0,5000,5000,3364,3364,0,1636,1636,0.672800,1.000000
83,1.636260,28.440000,2.051507,0.000000,0.000000,1.000000,0.000000,1.000000,0,5000,0,5000,5000,2552,2552,0,2448,2448,0.510400,1.000000
84,1.328204,27.170000,2.051357,0.000000,0.000000,1.000000,0.000000,1.000000,0,5000,0,5000,5000,3192,3192,0,1808,1808,0.638400,1.000000
85,1.339233,27.660000,2.020464,0.000000,0.000000,1.000000,0.000000,1.000000,0,5000,0,5000,5000,3024,3024,0,1976,1976,0.604800,1.000000
86,1.671382,28.160000,2.044539,0.000000,0.000000,1.000000,0.000000,1.000000,0,5000,0,5000,5000,2456,2456,0,2544,2544,0.491200,1.000000
87,1.340634,26.050000,2.051349,0.000000,0.000000,1.000000,0.000000,1.000000,0,5000,0,5000,5000,3204,3204,0,1796,1796,0.640800,1.000000
88,1.361677,28.050000,2.001714,0.000000,0.000000,1.000000,0.000000,1.000000,0,5000,0,5000,5000,3096,3096,0,1904,1904,0.619200,1.000000
89,1.548829,30.230000,2.003660,0.000000,0.000000,1.000000,0.000000,1.000000,0,5000,0,5000,5000,2840,2840,0,2160,2160,0.568000,1.000000
90,1.098103,32.180000,2.004067,0.000000,0.000000,1.000000,0.000000,1.000000,0,5000,0,5000,5000,3548,3548,0,1452,1452,0.709600,1.000000
91,1.399470,29.910000,2.005102,0.000000,0.000000,1.000000,0.000000,1.000000,0,5000,0,5000,5000,2784,2784,0,2216,2216,0.556800,1.000000
92,1.466232,25.110000,2.100200,0.000000,0.000000,1.000000,0.000000,1.000000,0,5000,0,5000,5000,2812,2812,0,2188,2188,0.562400,1.000000
93,1.103666,29.940000,2.023932,0.000000,0.000000,1.000000,0.000000,1.000000,0,5000,0,5000,5000,3648,3648,0,1352,1352,0.729600,1.000000
94,1.561433,28.690000,2.035194,0.000000,0.000000,1.000000,0.000000,1.000000,0,5000,0,5000,5000,2692,2692,0,2308,2308,0.538400,1.000000
95,0.848690,29.630000,1.971311,0.000000,0.000000,1.000000,0.000000,1.000000,0,5000,0,5000,5000,4060,4060,0,940,940,0.812000,1.000000
96,1.036005,31.570000,1.963304,0.000000,0.000000,1.000000,0.000000,1.000000,0,5000,0,5000,5000,3888,3888,0,1112,1112,0.777600,1.000000
97,1.805362,32.350000,1.974882,0.000000,0.000000,1.000000,0.000000,1.000000,0,5000,0,5000,5000,2108,2108,0,2892,2892,0.421600,1.000000
98,1.254314,28.430000,2.005745,0.000000,0.000000,1.000000,0.000000,1.000000,0,5000,0,5000,5000,3424,3424,0,1576,1576,0.684800,1.000000
99,1.073666,30.810000,1.941009,0.000000,0.000000,1.000000,0.000000,1.000000,0,5000,0,5000,5000,3648,3648,0,1352,1352,0.729600,1.000000
100,0.592205,35.300000,1.892071,0.000000,0.000000,0.571600,0.074800,0.646400,1,2858,374,3232,5000,2807,3124,317,425,742,0.868502,0.898528
101,0.662195,36.430000,2.019041,0.000000,0.000000,0.530800,0.000000,0.530800,0,2654,0,2654,5000,2091,2816,725,563,1288,0.787867,0.742543
102,0.764143,29.660000,2.103893,0.000000,0.000000,0.487200,0.111600,0.598800,1,2436,558,2994,5000,2294,2524,230,700,930,0.766199,0.908875
103,0.593880,32.020000,2.124660,0.000000,0.000000,0.591000,0.000000,0.591000,0,2955,0,2955,5000,2519,3044,525,436,961,0.852453,0.827530
104,0.508163,35.060000,1.931228,0.000000,0.000000,0.634400,0.081600,0.716000,1,3172,408,3580,5000,3152,3328,176,428,604,0.880447,0.947115
105,0.315234,39.660000,1.950564,0.000000,0.000000,0.647000,0.000000,0.647000,0,3235,0,3235,5000,3040,3408,368,195,563,0.939722,0.892019
106,0.832635,26.090000,2.101504,0.000000,0.000000,0.590000,0.100600,0.690600,1,2950,503,3453,5000,2685,2824,139,768,907,0.777585,0.950779
107,0.632749,22.130000,2.148415,0.000000,0.000000,0.600800,0.000000,0.600800,0,3004,0,3004,5000,2446,2752,306,558,864,0.814248,0.888808
108,0.771644,29.960000,1.942750,0.000000,0.000000,0.601200,0.061800,0.663000,1,3006,309,3315,5000,2628,2780,152,687,839,0.792760,0.945324
109,0.594624,42.350000,1.607883,0.000000,0.000000,0.663800,0.000000,0.663800,0,3319,0,3319,5000,2888,3136,248,431,679,0.870142,0.920918
110,0.493469,37.710000,1.688677,0.000000,0.000000,0.698800,0.029600,0.728400,1,3494,148,3642,5000,3257,3356,99,385,484,0.894289,0.970501
111,0.291146,39.870000,1.618424,0.000000,0.000000,0.615800,0.000000,0.615800,0,3079,0,3079,5000,2970,3296,326,109,435,0.964599,0.901092
112,0.944792,42.660000,1.634379,0.000000,0.000000,0.658200,0.032800,0.691000,1,3291,164,3455,5000,2584,2652,68,871,939,0.747902,0.974359
113,0.540751,36.280000,1.778480,0.000000,0.000000,0.611600,0.000000,0.611600,0,3058,0,3058,5000,2634,2888,254,424,678,0.861347,0.912050
114,0.760288,39.780000,1.672884,0.000000,0.000000,0.575000,0.082800,0.657800,1,2875,414,3289,5000,2555,2716,161,734,895,0.776832,0.940722
115,0.845086,44.490000,1.569474,0.000000,0.000000,0.614800,0.000000,0.614800,0,3074,0,3074,5000,2339,2540,201,735,936,0.760898,0.920866
116,0.711390,45.640000,1.521393,0.000000,0.000000,0.668200,0.039800,0.708000,1,3341,199,3540,5000,2902,2992,90,638,728,0.819774,0.969920
117,0.567616,45.070000,1.544548,0.000000,0.000000,0.652800,0.000000,0.652800,0,3264,0,3264,5000,2737,3028,291,527,818,0.838542,0.903897
118,0.668494,39.690000,1.608077,0.000000,0.000000,0.713800,0.040200,0.754000,1,3569,201,3770,5000,3095,3260,165,675,840,0.820955,0.949387
119,0.478825,41.990000,1.639606,0.000000,0.000000,0.707000,0.000000,0.707000,0,3535,0,3535,5000,3165,3460,295,370,665,0.895332,0.914740
120,0.901574,37.780000,1.714435,0.000000,0.000000,0.648000,0.049200,0.697200,1,3240,246,3486,5000,2652,2740,88,834,922,0.760757,0.967883
121,0.679562,43.810000,1.596266,0.000000,0.000000,0.576000,0.000000,0.576000,0,2880,0,2880,5000,2242,2440,198,638,836,0.778472,0.918852
122,0.447546,43.680000,1.618542,0.000000,0.000000,0.557200,0.039200,0.596400,1,2786,196,2982,5000,2657,2712,55,325,380,0.891013,0.979720
123,0.510819,37.780000,1.798847,0.000000,0.000000,0.638600,0.000000,0.638600,0,3193,0,3193,5000,2807,3080,273,386,659,0.879111,0.911364
124,0.603117,47.080000,1.452328,0.000000,0.000000,0.636400,0.054600,0.691000,1,3182,273,3455,5000,3044,3124,80,411,491,0.881042,0.974392
125,0.483523,42.880000,1.551730,0.000000,0.000000,0.635800,0.000000,0.635800,0,3179,0,3179,5000,2793,3040,247,386,633,0.878578,0.918750
126,0.713561,47.310000,1.465020,0.000000,0.000000,0.652600,0.043000,0.695600,1,3263,215,3478,5000,2787,2840,53,691,744,0.801323,0.981338
127,0.836309,43.180000,1.512841,0.000000,0.000000,0.602400,0.000000,0.602400,0,3012,0,3012,5000,2157,2272,115,855,970,0.716135,0.949384
128,0.761906,44.410000,1.530585,0.000000,0.000000,0.668200,0.033000,0.701200,1,3341,165,3506,5000,2769,2824,55,737,792,0.789789,0.980524
129,0.322575,45.810000,1.524839,0.000000,0.000000,0.709000,0.000000,0.709000,0,3545,0,3545,5000,3357,3644,287,188,475,0.946968,0.921240
130,0.424905,42.680000,1.560547,0.000000,0.000000,0.707200,0.047200,0.754400,1,3536,236,3772,5000,3575,3696,121,197,318,0.947773,0.967262
131,0.399248,46.810000,1.487396,0.000000,0.000000,0.635400,0.000000,0.635400,0,3177,0,3177,5000,2803,3220,417,374,791,0.882279,0.870497
132,0.695175,45.390000,1.560934,0.000000,0.000000,0.627400,0.040400,0.667800,1,3137,202,3339,5000,2668,2772,104,671,775,0.799042,0.962482
133,0.554278,37.520000,1.669281,0.000000,0.000000,0.626000,0.000000,0.626000,0,3130,0,3130,5000,2591,2784,193,539,732,0.827796,0.930675
134,0.748511,45.010000,1.549392,0.000000,0.000000,0.593600,0.042000,0.635600,1,2968,210,3178,5000,2462,2540,78,716,794,0.774701,0.969291
135,0.650974,46.650000,1.480595,0.000000,0.000000,0.614800,0.000000,0.614800,0,3074,0,3074,5000,2539,2788,249,535,784,0.825960,0.910689
136,0.519316,40.230000,1.597567,0.000000,0.000000,0.620600,0.034200,0.654800,1,3103,171,3274,5000,2893,2964,71,381,452,0.883629,0.976046
137,0.529360,47.650000,1.431293,0.000000,0.000000,0.663600,0.000000,0.663600,0,3318,0,3318,5000,2907,3472,565,411,976,0.876130,0.837270
138,0.467541,45.080000,1.530269,0.000000,0.000000,0.735200,0.049200,0.784400,1,3676,246,3922,5000,3497,3652,155,425,580,0.891637,0.957558
139,0.533050,46.450000,1.520858,0.000000,0.000000,0.620000,0.000000,0.620000,0,3100,0,3100,5000,2610,2800,190,490,680,0.841935,0.932143
140,0.541169,38.390000,1.664945,0.000000,0.000000,0.655000,0.031600,0.686600,1,3275,158,3433,5000,3005,3060,55,428,483,0.875328,0.982026
141,0.700137,40.210000,1.665773,0.000000,0.000000,0.713200,0.000000,0.713200,0,3566,0,3566,5000,2914,3092,178,652,830,0.817162,0.942432
142,0.790825,42.940000,1.536668,0.000000,0.000000,0.631600,0.034600,0.666200,1,3158,173,3331,5000,2627,2696,69,704,773,0.788652,0.974407
143,0.476033,47.090000,1.457697,0.000000,0.000000,0.692800,0.000000,0.692800,0,3464,0,3464,5000,2965,3252,287,499,786,0.855947,0.911747
144,0.898351,43.020000,1.547039,0.000000,0.000000,0.706800,0.041200,0.748000,1,3534,206,3740,5000,2717,2740,23,1023,1046,0.726471,0.991606
145,0.863844,44.440000,1.520772,0.000000,0.000000,0.638400,0.000000,0.638400,0,3192,0,3192,5000,2322,2512,190,870,1060,0.727444,0.924363
146,0.473303,37.410000,1.716080,0.000000,0.000000,0.677000,0.046000,0.723000,1,3385,230,3615,5000,3250,3336,86,365,451,0.899032,0.974221
147,1.163827,41.060000,1.599599,0.000000,0.000000,0.669600,0.000000,0.669600,0,3348,0,3348,5000,1920,2092,172,1428,1600,0.573477,0.917782
148,0.933160,39.470000,1.615868,0.000000,0.000000,0.586800,0.031400,0.618200,1,2934,157,3091,5000,2191,2224,33,900,933,0.708832,0.985162
149,0.950016,42.350000,1.564759,0.000000,0.000000,0.678000,0.000000,0.678000,0,3390,0,3390,5000,2380,2516,136,1010,1146,0.702065,0.945946
150,0.658940,44.140000,1.522265,0.000000,0.000000,0.771400,0.039200,0.810600,1,3857,196,4053,5000,3321,3476,155,732,887,0.819393,0.955409
151,0.739024,44.520000,1.555235,0.000000,0.000000,0.662000,0.000000,0.662000,0,3310,0,3310,5000,2597,2756,159,713,872,0.784592,0.942308
152,0.478306,37.670000,1.659807,0.000000,0.000000,0.666800,0.040400,0.707200,1,3334,202,3536,5000,3178,3264,86,358,444,0.898756,0.973652
153,0.573203,36.090000,1.715161,0.000000,0.000000,0.629000,0.000000,0.629000,0,3145,0,3145,5000,2627,2920,293,518,811,0.835294,0.899658
154,0.852314,42.760000,1.536967,0.000000,0.000000,0.677000,0.034800,0.711800,1,3385,174,3559,5000,2636,2684,48,923,971,0.740657,0.982116
155,0.675764,46.340000,1.460974,0.000000,0.000000,0.658200,0.000000,0.658200,0,3291,0,3291,5000,2696,2868,172,595,767,0.819204,0.940028
156,0.636714,36.640000,1.692537,0.000000,0.000000,0.691200,0.037800,0.729000,1,3456,189,3645,5000,3038,3084,46,607,653,0.833471,0.985084
157,0.646116,47.690000,1.447056,0.000000,0.000000,0.702200,0.000000,0.702200,0,3511,0,3511,5000,2851,3016,165,660,825,0.812019,0.945292
158,0.553193,46.110000,1.499059,0.000000,0.000000,0.754400,0.052400,0.806800,1,3772,262,4034,5000,3443,3556,113,591,704,0.853495,0.968223
159,0.525241,42.260000,1.552093,0.000000,0.000000,0.661400,0.000000,0.661400,0,3307,0,3307,5000,2901,3060,159,406,565,0.877230,0.948039
160,1.022378,44.980000,1.491998,0.000000,0.000000,0.640400,0.033200,0.673600,1,3202,166,3368,5000,2228,2344,116,1140,1256,0.661520,0.950512
161,0.553950,44.440000,1.478291,0.000000,0.000000,0.689600,0.000000,0.689600,0,3448,0,3448,5000,2897,3124,227,551,778,0.840197,0.927337
162,0.782472,40.730000,1.570844,0.000000,0.000000,0.577000,0.023000,0.600000,1,2885,115,3000,5000,2163,2204,41,837,878,0.721000,0.981397
163,0.613745,46.110000,1.452260,0.000000,0.000000,0.677600,0.000000,0.677600,0,3388,0,3388,5000,2836,3040,204,552,756,0.837072,0.932895
164,0.505698,40.930000,1.591279,0.000000,0.000000,0.617600,0.042200,0.659800,1,3088,211,3299,5000,2885,2932,47,414,461,0.874507,0.983970
165,0.521617,38.010000,1.686885,0.000000,0.000000,0.599200,0.000000,0.599200,0,2996,0,2996,5000,2452,2628,176,544,720,0.818425,0.933029
166,0.317418,43.910000,1.517280,0.000000,0.000000,0.630200,0.090400,0.720600,1,3151,452,3603,5000,3329,3672,343,274,617,0.923952,0.906590
167,0.766912,47.580000,1.420763,0.000000,0.000000,0.626800,0.000000,0.626800,0,3134,0,3134,5000,2301,2488,187,833,1020,0.734205,0.924839
168,0.492128,42.910000,1.563142,0.000000,0.000000,0.697800,0.027000,0.724800,1,3489,135,3624,5000,3280,3336,56,344,400,0.905077,0.983213
169,0.662986,46.070000,1.469723,0.000000,0.000000,0.641000,0.000000,0.641000,0,3205,0,3205,5000,2558,2756,198,647,845,0.798128,0.928157
170,0.596569,46.950000,1.470375,0.000000,0.000000,0.642000,0.042400,0.684400,1,3210,212,3422,5000,2950,3044,94,472,566,0.862069,0.969120
171,0.484207,44.780000,1.500477,0.000000,0.000000,0.710000,0.000000,0.710000,0,3550,0,3550,5000,3115,3368,253,435,688,0.877465,0.924881
172,0.672587,45.100000,1.495686,0.000000,0.000000,0.614400,0.042400,0.656800,1,3072,212,3284,5000,2613,2700,87,671,758,0.795676,0.967778
173,0.533159,46.600000,1.462681,0.000000,0.000000,0.679800,0.000000,0.679800,0,3399,0,3399,5000,2958,3168,210,441,651,0.870256,0.933712
174,0.801361,41.430000,1.561358,0.000000,0.000000,0.616000,0.033800,0.649800,1,3080,169,3249,5000,2371,2408,37,878,915,0.729763,0.984635
175,0.440753,44.860000,1.487212,0.000000,0.000000,0.666600,0.000000,0.666600,0,3333,0,3333,5000,2974,3120,146,359,505,0.892289,0.953205
176,0.639403,47.990000,1.453927,0.000000,0.000000,0.658200,0.037400,0.695600,1,3291,187,3478,5000,2949,3028,79,529,608,0.847901,0.973910
177,0.473950,43.380000,1.563251,0.000000,0.000000,0.660400,0.000000,0.660400,0,3302,0,3302,5000,2895,3084,189,407,596,0.876741,0.938716
178,0.817113,48.500000,1.422444,0.000000,0.000000,0.669000,0.027200,0.696200,1,3345,136,3481,5000,2636,2676,40,845,885,0.757254,0.985052
179,0.486987,47.730000,1.463707,0.000000,0.000000,0.646800,0.000000,0.646800,0,3234,0,3234,5000,2812,3008,196,422,618,0.869511,0.934840
180,0.616848,46.220000,1.471171,0.000000,0.000000,0.677000,0.053200,0.730200,1,3385,266,3651,5000,3053,3128,75,598,673,0.836209,0.976023
181,0.395241,44.900000,1.502155,0.000000,0.000000,0.653200,0.000000,0.653200,0,3266,0,3266,5000,2967,3184,217,299,516,0.908451,0.931847
182,0.647000,40.950000,1.599858,0.000000,0.000000,0.685000,0.039000,0.724000,1,3425,195,3620,5000,2978,3028,50,642,692,0.822652,0.983487
183,0.736839,44.770000,1.501838,0.000000,0.000000,0.685600,0.000000,0.685600,0,3428,0,3428,5000,2627,2780,153,801,954,0.766336,0.944964
184,0.439463,44.360000,1.518564,0.000000,0.000000,0.611800,0.030200,0.642000,1,3059,151,3210,5000,2821,2860,39,389,428,0.878816,0.986364
185,0.742795,43.330000,1.540813,0.000000,0.000000,0.698400,0.000000,0.698400,0,3492,0,3492,5000,2700,2872,172,792,964,0.773196,0.940111
186,0.657577,45.020000,1.520081,0.000000,0.000000,0.668600,0.037800,0.706400,1,3343,189,3532,5000,2863,2924,61,669,730,0.810589,0.979138
187,0.241379,47.490000,1.437516,0.000000,0.000000,0.685200,0.000000,0.685200,0,3426,0,3426,5000,3340,3568,228,86,314,0.974898,0.936099
188,0.590641,45.520000,1.493109,0.000000,0.000000,0.682200,0.042200,0.724400,1,3411,211,3622,5000,3084,3164,80,538,618,0.851463,0.974716
189,0.336046,46.710000,1.508799,0.000000,0.000000,0.713800,0.000000,0.713800,0,3569,0,3569,5000,3317,3584,267,252,519,0.929392,0.925502
190,0.622775,44.880000,1.553185,0.000000,0.000000,0.642200,0.040800,0.683000,1,3211,204,3415,5000,2805,2848,43,610,653,0.821376,0.984902
191,0.634028,40.920000,1.613525,0.000000,0.000000,0.652000,0.000000,0.652000,0,3260,0,3260,5000,2706,2860,154,554,708,0.830061,0.946154
192,0.451581,47.130000,1.439363,0.000000,0.000000,0.635800,0.039000,0.674800,1,3179,195,3374,5000,3029,3080,51,345,396,0.897747,0.983442
193,0.299297,37.680000,1.702253,0.000000,0.000000,0.718800,0.000000,0.718800,0,3594,0,3594,5000,3323,3628,305,271,576,0.924597,0.915932
194,0.829621,41.610000,1.615453,0.000000,0.000000,0.693400,0.024800,0.718200,1,3467,124,3591,5000,2750,2780,30,841,871,0.765803,0.989209
195,0.329994,45.010000,1.478241,0.000000,0.000000,0.623200,0.000000,0.623200,0,3116,0,3116,5000,2890,3092,202,226,428,0.927471,0.934670
196,0.745957,42.210000,1.584855,0.000000,0.000000,0.611800,0.040000,0.651800,1,3059,200,3259,5000,2489,2520,31,770,801,0.763731,0.987698
197,0.739961,47.980000,1.418551,0.000000,0.000000,0.658600,0.000000,0.658600,0,3293,0,3293,5000,2517,2744,227,776,1003,0.764349,0.917274
198,0.536476,45.230000,1.498583,0.000000,0.000000,0.660000,0.037400,0.697400,1,3300,187,3487,5000,3025,3076,51,462,513,0.867508,0.983420
199,0.804664,47.560000,1.440533,0.000000,0.000000,0.714800,0.000000,0.714800,0,3574,0,3574,5000,2640,2800,160,934,1094,0.738668,0.942857
200,0.601840,44.640000,1.497820,0.000000,0.000000,0.599800,0.032800,0.632600,1,2999,164,3163,5000,2590,2668,78,573,651,0.818843,0.970765
201,0.406312,42.910000,1.563404,0.000000,0.000000,0.732200,0.000000,0.732200,0,3661,0,3661,5000,3327,3508,181,334,515,0.908768,0.948404
202,0.459137,43.190000,1.622541,0.000000,0.000000,0.658400,0.046000,0.704400,1,3292,230,3522,5000,3173,3232,59,349,408,0.900909,0.981745
203,0.780276,44.150000,1.543447,0.000000,0.000000,0.587200,0.000000,0.587200,0,2936,0,2936,5000,2089,2424,335,847,1182,0.711512,0.861799
204,0.652905,44.940000,1.492968,0.000000,0.000000,0.656800,0.022600,0.679400,1,3284,113,3397,5000,2803,2840,37,594,631,0.825140,0.986972
205,0.881950,45.880000,1.479744,0.000000,0.000000,0.651200,0.000000,0.651200,0,3256,0,3256,5000,2288,2392,104,968,1072,0.702703,0.956522
206,0.471021,45.810000,1.476492,0.000000,0.000000,0.654800,0.035800,0.690600,1,3274,179,3453,5000,2992,3028,36,461,497,0.866493,0.988111
207,0.452447,39.420000,1.648370,0.000000,0.000000,0.615400,0.000000,0.615400,0,3077,0,3077,5000,2732,2952,220,345,565,0.887878,0.925474
208,0.749172,39.460000,1.639805,0.000000,0.000000,0.671400,0.034000,0.705400,1,3357,170,3527,5000,2694,2752,58,833,891,0.763822,0.978924
209,0.548227,39.010000,1.696739,0.000000,0.000000,0.660000,0.000000,0.660000,0,3300,0,3300,5000,2769,3004,235,531,766,0.839091,0.921771
210,0.706547,43.020000,1.586076,0.000000,0.000000,0.637800,0.034600,0.672400,1,3189,173,3362,5000,2643,2688,45,719,764,0.786139,0.983259
211,0.568504,42.000000,1.589804,0.000000,0.000000,0.629600,0.000000,0.629600,0,3148,0,3148,5000,2681,3028,347,467,814,0.851652,0.885403
212,0.382554,46.690000,1.465655,0.000000,0.000000,0.723000,0.042600,0.765600,1,3615,213,3828,5000,3521,3620,99,307,406,0.919801,0.972652
213,0.693442,47.880000,1.419942,0.000000,0.000000,0.684000,0.000000,0.684000,0,3420,0,3420,5000,2748,2916,168,672,840,0.803509,0.942387
214,0.248428,51.320000,1.363376,0.000000,0.000000,0.735400,0.037200,0.772600,1,3677,186,3863,5000,3729,3824,95,134,229,0.965312,0.975157
215,0.580117,49.800000,1.416425,0.000000,0.000000,0.641200,0.000000,0.641200,0,3206,0,3206,5000,2538,2740,202,668,870,0.791641,0.926277
216,0.707353,49.260000,1.415272,0.000000,0.000000,0.639800,0.032000,0.671800,1,3199,160,3359,5000,2716,2756,40,643,683,0.808574,0.985486
217,0.289762,46.800000,1.451379,0.000000,0.000000,0.670800,0.000000,0.670800,0,3354,0,3354,5000,3162,3408,246,192,438,0.942755,0.927817
218,0.644148,43.140000,1.577936,0.000000,0.000000,0.600000,0.034600,0.634600,1,3000,173,3173,5000,2530,2572,42,643,685,0.797353,0.983670
219,0.760254,46.420000,1.495331,0.000000,0.000000,0.718400,0.000000,0.718400,0,3592,0,3592,5000,2648,2828,180,944,1124,0.737194,0.936351
220,0.532866,48.910000,1.422651,0.000000,0.000000,0.677200,0.033000,0.710200,1,3386,165,3551,5000,3053,3108,55,498,553,0.859758,0.982304
221,0.670247,43.160000,1.555722,0.000000,0.000000,0.718000,0.000000,0.718000,0,3590,0,3590,5000,2999,3236,237,591,828,0.835376,0.926761
222,0.559563,46.120000,1.482340,0.000000,0.000000,0.639600,0.042000,0.681600,1,3198,210,3408,5000,2809,2904,95,599,694,0.824237,0.967287
223,0.732449,48.920000,1.412831,0.000000,0.000000,0.683600,0.000000,0.683600,0,3418,0,3418,5000,2599,2748,149,819,968,0.760386,0.945779
224,0.500545,41.660000,1.574557,0.000000,0.000000,0.743400,0.036800,0.780200,1,3717,184,3901,5000,3530,3660,130,371,501,0.904896,0.964481
225,0.570588,45.030000,1.505018,0.000000,0.000000,0.576400,0.000000,0.576400,0,2882,0,2882,5000,2432,2560,128,450,578,0.843858,0.950000
226,0.428434,43.700000,1.609073,0.000000,0.000000,0.703000,0.039400,0.742400,1,3515,197,3712,5000,3314,3408,94,398,492,0.892780,0.972418
227,0.618037,44.030000,1.582344,0.000000,0.000000,0.655400,0.000000,0.655400,0,3277,0,3277,5000,2551,2704,153,726,879,0.778456,0.943417
228,0.550461,48.700000,1.416607,0.000000,0.000000,0.686800,0.025000,0.711800,1,3434,125,3559,5000,3048,3076,28,511,539,0.856420,0.990897
229,0.545495,45.630000,1.515314,0.000000,0.000000,0.636200,0.000000,0.636200,0,3181,0,3181,5000,2614,2748,134,567,701,0.821754,0.951237
230,0.657092,44.260000,1.529011,0.000000,0.000000,0.616600,0.033600,0.650200,1,3083,168,3251,5000,2658,2700,42,593,635,0.817595,0.984444
231,0.449262,41.810000,1.597629,0.000000,0.000000,0.624800,0.000000,0.624800,0,3124,0,3124,5000,2786,2988,202,338,540,0.891805,0.932396
232,0.643194,43.670000,1.576455,0.000000,0.000000,0.658800,0.033400,0.692200,1,3294,167,3461,5000,2952,2980,28,509,537,0.852933,0.990604
233,0.444859,45.470000,1.523117,0.000000,0.000000,0.582600,0.000000,0.582600,0,2913,0,2913,5000,2625,2964,339,288,627,0.901133,0.885628
234,0.584109,44.760000,1.473482,0.000000,0.000000,0.701200,0.037800,0.739000,1,3506,189,3695,5000,3144,3220,76,551,627,0.850880,0.976398
235,0.449788,44.740000,1.505924,0.000000,0.000000,0.633200,0.000000,0.633200,0,3166,0,3166,5000,2782,2972,190,384,574,0.878711,0.936070
236,0.732832,46.210000,1.455631,0.000000,0.000000,0.652200,0.049600,0.701800,1,3261,248,3509,5000,2576,2708,132,933,1065,0.734112,0.951256
237,0.398204,49.320000,1.374629,0.000000,0.000000,0.672600,0.000000,0.672600,0,3363,0,3363,5000,3043,3216,173,320,493,0.904847,0.946206
238,0.421751,48.250000,1.433995,0.000000,0.000000,0.668400,0.025200,0.693600,1,3342,126,3468,5000,3138,3196,58,330,388,0.904844,0.981852
239,0.340767,47.400000,1.412021,0.000000,0.000000,0.660800,0.000000,0.660800,0,3304,0,3304,5000,3081,3260,179,223,402,0.932506,0.945092
240,0.533855,50.980000,1.398642,0.000000,0.000000,0.664200,0.038600,0.702800,1,3321,193,3514,5000,2992,3112,120,522,642,0.851451,0.961440
241,0.332701,39.380000,1.728994,0.000000,0.000000,0.691600,0.000000,0.691600,0,3458,0,3458,5000,3169,3460,291,289,580,0.916426,0.915896
242,0.555240,48.330000,1.437357,0.000000,0.000000,0.646000,0.028600,0.674600,1,3230,143,3373,5000,2871,2948,77,502,579,0.851171,0.973881
243,0.513622,48.020000,1.442525,0.000000,0.000000,0.671600,0.000000,0.671600,0,3358,0,3358,5000,2878,3084,206,480,686,0.857058,0.933204
244,0.458644,49.040000,1.390474,0.000000,0.000000,0.665000,0.023200,0.688200,1,3325,116,3441,5000,3160,3248,88,281,369,0.918338,0.972906
245,0.309535,49.920000,1.355320,0.000000,0.000000,0.687000,0.000000,0.687000,0,3435,0,3435,5000,3185,3580,395,250,645,0.927220,0.889665
246,0.412119,51.220000,1.344237,0.000000,0.000000,0.608600,0.038200,0.646800,1,3043,191,3234,5000,2853,2920,67,381,448,0.882189,0.977055
247,0.784523,47.870000,1.424285,0.000000,0.000000,0.658600,0.000000,0.658600,0,3293,0,3293,5000,2360,2520,160,933,1093,0.716672,0.936508
248,0.639132,46.100000,1.492710,0.000000,0.000000,0.687000,0.039600,0.726600,1,3435,198,3633,5000,2979,3052,73,654,727,0.819983,0.976081
249,0.594051,46.190000,1.500230,0.000000,0.000000,0.672000,0.000000,0.672000,0,3360,0,3360,5000,2701,2828,127,659,786,0.803869,0.955092
250,0.642916,48.840000,1.401270,0.000000,0.000000,0.678600,0.023400,0.702000,1,3393,117,3510,5000,2854,2896,42,656,698,0.813105,0.985497
251,0.938364,46.040000,1.471117,0.000000,0.000000,0.665400,0.000000,0.665400,0,3327,0,3327,5000,2182,2300,118,1145,1263,0.655846,0.948696
252,0.617426,44.760000,1.479460,0.000000,0.000000,0.620000,0.032200,0.652200,1,3100,161,3261,5000,2546,2584,38,715,753,0.780742,0.985294
253,0.544404,49.640000,1.376926,0.000000,0.000000,0.612000,0.000000,0.612000,0,3060,0,3060,5000,2566,2716,150,494,644,0.838562,0.944772
254,0.413228,46.710000,1.465148,0.000000,0.000000,0.712600,0.032400,0.745000,1,3563,162,3725,5000,3437,3532,95,288,383,0.922685,0.973103
255,0.556996,44.070000,1.539575,0.000000,0.000000,0.697800,0.000000,0.697800,0,3489,0,3489,5000,2947,3164,217,542,759,0.844655,0.931416
256,0.469775,46.920000,1.479903,0.000000,0.000000,0.669200,0.034200,0.703400,1,3346,171,3517,5000,3038,3136,98,479,577,0.863804,0.968750
257,0.572385,49.470000,1.389650,0.000000,0.000000,0.682000,0.000000,0.682000,0,3410,0,3410,5000,2820,3004,184,590,774,0.826979,0.938748
258,0.914067,48.500000,1.393965,0.000000,0.000000,0.726800,0.033200,0.760000,1,3634,166,3800,5000,2611,2628,17,1189,1206,0.687105,0.993531
259,0.573619,49.220000,1.391775,0.000000,0.000000,0.718800,0.000000,0.718800,0,3594,0,3594,5000,2997,3284,287,597,884,0.833890,0.912607
260,0.483828,50.340000,1.386304,0.000000,0.000000,0.671800,0.033200,0.705000,1,3359,166,3525,5000,3034,3104,70,491,561,0.860709,0.977448
261,0.456072,45.140000,1.507790,0.000000,0.000000,0.647600,0.000000,0.647600,0,3238,0,3238,5000,2774,3016,242,464,706,0.856702,0.919761
262,0.568575,37.220000,1.879512,0.000000,0.000000,0.684000,0.025200,0.709200,1,3420,126,3546,5000,3069,3124,55,477,532,0.865482,0.982394
263,0.477826,42.070000,1.632945,0.000000,0.000000,0.711600,0.000000,0.711600,0,3558,0,3558,5000,3193,3496,303,365,668,0.897414,0.913330
264,0.766151,51.550000,1.342793,0.000000,0.000000,0.634000,0.042000,0.676000,1,3170,210,3380,5000,2542,2592,50,838,888,0.752071,0.980710
265,0.338301,48.830000,1.429260,0.000000,0.000000,0.693600,0.000000,0.693600,0,3468,0,3468,5000,3203,3520,317,265,582,0.923587,0.909943
266,0.496143,42.320000,1.594266,0.000000,0.000000,0.643000,0.033400,0.676400,1,3215,167,3382,5000,2849,2896,47,533,580,0.842401,0.983771
267,0.483754,49.460000,1.402032,0.000000,0.000000,0.696400,0.000000,0.696400,0,3482,0,3482,5000,2984,3168,184,498,682,0.856979,0.941919
268,0.488970,42.100000,1.562229,0.000000,0.000000,0.731800,0.039600,0.771400,1,3659,198,3857,5000,3377,3456,79,480,559,0.875551,0.977141
269,0.355913,45.470000,1.492934,0.000000,0.000000,0.687400,0.000000,0.687400,0,3437,0,3437,5000,3070,3372,302,367,669,0.893221,0.910439
270,0.374070,41.720000,1.652464,0.000000,0.000000,0.718600,0.048200,0.766800,1,3593,241,3834,5000,3481,3588,107,353,460,0.907929,0.970178
271,0.221146,46.000000,1.493731,0.000000,0.000000,0.607200,0.000000,0.607200,0,3036,0,3036,5000,2911,3100,189,125,314,0.958827,0.939032
272,0.341389,48.560000,1.412989,0.000000,0.000000,0.719200,0.033000,0.752200,1,3596,165,3761,5000,3440,3492,52,321,373,0.914650,0.985109
273,0.516995,46.120000,1.475610,0.000000,0.000000,0.708000,0.000000,0.708000,0,3540,0,3540,5000,2957,3164,207,583,790,0.835311,0.934576
274,0.548685,45.320000,1.489808,0.000000,0.000000,0.681200,0.032000,0.713200,1,3406,160,3566,5000,3103,3168,65,463,528,0.870163,0.979482
275,0.325194,41.160000,1.721357,0.000000,0.000000,0.650400,0.000000,0.650400,0,3252,0,3252,5000,3026,3192,166,226,392,0.930504,0.947995
276,0.557219,48.750000,1.422083,0.000000,0.000000,0.669800,0.043800,0.713600,1,3349,219,3568,5000,3016,3088,72,552,624,0.845291,0.976684
277,0.270121,49.830000,1.392860,0.000000,0.000000,0.666600,0.000000,0.666600,0,3333,0,3333,5000,3136,3364,228,197,425,0.940894,0.932224
278,0.633009,50.390000,1.398470,0.000000,0.000000,0.661000,0.030200,0.691200,1,3305,151,3456,5000,2788,2824,36,668,704,0.806713,0.987252
279,0.260731,52.840000,1.319753,0.000000,0.000000,0.702200,0.000000,0.702200,0,3511,0,3511,5000,3329,3624,295,182,477,0.948163,0.918598
280,0.364426,51.350000,1.386256,0.000000,0.000000,0.765000,0.027800,0.792800,1,3825,139,3964,5000,3615,3676,61,349,410,0.911958,0.983406
281,0.382885,47.170000,1.455093,0.000000,0.000000,0.734800,0.000000,0.734800,0,3674,0,3674,5000,3335,3540,205,339,544,0.907730,0.942090
282,0.431072,52.290000,1.330740,0.000000,0.000000,0.596600,0.032200,0.628800,1,2983,161,3144,5000,2710,2752,42,434,476,0.861959,0.984738
283,0.426390,49.220000,1.406190,0.000000,0.000000,0.690800,0.000000,0.690800,0,3454,0,3454,5000,3042,3264,222,412,634,0.880718,0.931985
284,0.464595,48.410000,1.446819,0.000000,0.000000,0.721000,0.034600,0.755600,1,3605,173,3778,5000,3275,3328,53,503,556,0.866861,0.984075
285,0.554505,49.780000,1.384846,0.000000,0.000000,0.670000,0.000000,0.670000,0,3350,0,3350,5000,2714,2896,182,636,818,0.810149,0.937155
286,0.546111,50.100000,1.358839,0.000000,0.000000,0.669800,0.047000,0.716800,1,3349,235,3584,5000,3052,3140,88,532,620,0.851562,0.971975
287,0.413257,52.500000,1.309951,0.000000,0.000000,0.657800,0.000000,0.657800,0,3289,0,3289,5000,2921,3184,263,368,631,0.888112,0.917399
288,0.588765,50.500000,1.413751,0.000000,0.000000,0.677800,0.043000,0.720800,1,3389,215,3604,5000,2889,2948,59,715,774,0.801609,0.979986
289,0.398569,49.190000,1.409045,0.000000,0.000000,0.649600,0.000000,0.649600,0,3248,0,3248,5000,2942,3088,146,306,452,0.905788,0.952720
290,0.307836,48.340000,1.461010,0.000000,0.000000,0.690600,0.039600,0.730200,1,3453,198,3651,5000,3470,3568,98,181,279,0.950425,0.972534
291,0.405447,46.940000,1.524140,0.000000,0.000000,0.635200,0.000000,0.635200,0,3176,0,3176,5000,2834,3056,222,342,564,0.892317,0.927356
292,0.412402,51.490000,1.346261,0.000000,0.000000,0.688000,0.042000,0.730000,1,3440,210,3650,5000,3273,3420,147,377,524,0.896712,0.957018
293,0.487790,46.260000,1.477734,0.000000,0.000000,0.720400,0.000000,0.720400,0,3602,0,3602,5000,3002,3220,218,600,818,0.833426,0.932298
294,0.697894,49.700000,1.445448,0.000000,0.000000,0.671800,0.051200,0.723000,1,3359,256,3615,5000,2743,2780,37,872,909,0.758783,0.986691
295,0.447903,49.040000,1.456795,0.000000,0.000000,0.655800,0.000000,0.655800,0,3279,0,3279,5000,2837,2976,139,442,581,0.865203,0.953293
296,0.526364,51.320000,1.388534,0.000000,0.000000,0.655800,0.025600,0.681400,1,3279,128,3407,5000,2812,2840,28,595,623,0.825360,0.990141
297,0.659772,48.040000,1.466098,0.000000,0.000000,0.699800,0.000000,0.699800,0,3499,0,3499,5000,2759,2924,165,740,905,0.788511,0.943570
298,0.471894,48.690000,1.454403,0.000000,0.000000,0.688200,0.039400,0.727600,1,3441,197,3638,5000,3162,3244,82,476,558,0.869159,0.974723
299,0.469969,50.620000,1.395953,0.000000,0.000000,0.691400,0.000000,0.691400,0,3457,0,3457,5000,3041,3212,171,416,587,0.879664,0.946762
300,0.538523,50.860000,1.408511,0.000000,0.000000,0.611000,0.025600,0.636600,1,3055,128,3183,5000,2718,2772,54,465,519,0.853911,0.980519
301,0.456218,49.850000,1.386367,0.000000,0.000000,0.685800,0.000000,0.685800,0,3429,0,3429,5000,3008,3284,276,421,697,0.877224,0.915956
302,0.848951,49.080000,1.375768,0.000000,0.000000,0.713200,0.031200,0.744400,1,3566,156,3722,5000,2674,2716,42,1048,1090,0.718431,0.984536
303,0.487593,47.140000,1.473790,0.000000,0.000000,0.721200,0.000000,0.721200,0,3606,0,3606,5000,3133,3340,207,473,680,0.868830,0.938024
304,0.607143,48.270000,1.415495,0.000000,0.000000,0.596400,0.024400,0.620800,1,2982,122,3104,5000,2471,2496,25,633,658,0.796070,0.989984
305,0.500391,46.790000,1.460806,0.000000,0.000000,0.701000,0.000000,0.701000,0,3505,0,3505,5000,2911,3120,209,594,803,0.830528,0.933013
306,0.479954,43.510000,1.589150,0.000000,0.000000,0.687800,0.037200,0.725000,1,3439,186,3625,5000,3101,3212,111,524,635,0.855448,0.965442
307,0.704108,42.650000,1.606018,0.000000,0.000000,0.673200,0.000000,0.673200,0,3366,0,3366,5000,2584,2732,148,782,930,0.767677,0.945827
308,0.554157,46.070000,1.436484,0.000000,0.000000,0.695800,0.040600,0.736400,1,3479,203,3682,5000,3082,3164,82,600,682,0.837045,0.974083
309,0.422730,47.630000,1.422287,0.000000,0.000000,0.688200,0.000000,0.688200,0,3441,0,3441,5000,3065,3328,263,376,639,0.890729,0.920974
310,0.652130,43.300000,1.581549,0.000000,0.000000,0.636200,0.023800,0.660000,1,3181,119,3300,5000,2640,2676,36,660,696,0.800000,0.986547
311,0.485981,46.370000,1.484012,0.000000,0.000000,0.673000,0.000000,0.673000,0,3365,0,3365,5000,2885,3028,143,480,623,0.857355,0.952774
312,0.584666,44.680000,1.530911,0.000000,0.000000,0.627200,0.037600,0.664800,1,3136,188,3324,5000,2684,2804,120,640,760,0.807461,0.957204
313,0.459350,46.450000,1.477930,0.000000,0.000000,0.677200,0.000000,0.677200,0,3386,0,3386,5000,3062,3252,190,324,514,0.904312,0.941574
314,0.730715,48.060000,1.446375,0.000000,0.000000,0.659000,0.028600,0.687600,1,3295,143,3438,5000,2600,2628,28,838,866,0.756254,0.989346
315,0.331008,46.710000,1.511046,0.000000,0.000000,0.716000,0.000000,0.716000,0,3580,0,3580,5000,3239,3416,177,341,518,0.904749,0.948185
316,0.404914,48.600000,1.524200,0.000000,0.000000,0.645400,0.031200,0.676600,1,3227,156,3383,5000,2970,3072,102,413,515,0.877919,0.966797
317,0.891305,48.570000,1.438677,0.000000,0.000000,0.678600,0.000000,0.678600,0,3393,0,3393,5000,2293,2388,95,1100,1195,0.675803,0.960218
318,0.501913,46.420000,1.515846,0.000000,0.000000,0.664600,0.037400,0.702000,1,3323,187,3510,5000,2997,3036,39,513,552,0.853846,0.987154
319,0.392904,42.240000,1.697368,0.000000,0.000000,0.701800,0.000000,0.701800,0,3509,0,3509,5000,3085,3288,203,424,627,0.879168,0.938260
320,0.554967,48.360000,1.425056,0.000000,0.000000,0.600400,0.060400,0.660800,1,3002,302,3304,5000,2791,2996,205,513,718,0.844734,0.931575
321,0.911829,44.520000,1.514180,0.000000,0.000000,0.662800,0.000000,0.662800,0,3314,0,3314,5000,2251,2324,73,1063,1136,0.679240,0.968589
322,0.530583,48.050000,1.431682,0.000000,0.000000,0.673400,0.030000,0.703400,1,3367,150,3517,5000,2974,3004,30,543,573,0.845607,0.990013
323,0.510089,38.940000,1.656166,0.000000,0.000000,0.703200,0.000000,0.703200,0,3516,0,3516,5000,2983,3136,153,533,686,0.848407,0.951212
324,0.725445,43.900000,1.522446,0.000000,0.000000,0.654800,0.032000,0.686800,1,3274,160,3434,5000,2607,2684,77,827,904,0.759173,0.971311
325,0.497010,46.470000,1.500901,0.000000,0.000000,0.748400,0.000000,0.748400,0,3742,0,3742,5000,3239,3376,137,503,640,0.865580,0.959419
326,0.657860,45.620000,1.493011,0.000000,0.000000,0.656000,0.020800,0.676800,1,3280,104,3384,5000,2698,2736,38,686,724,0.797281,0.986111
327,0.604852,46.930000,1.466325,0.000000,0.000000,0.724000,0.000000,0.724000,0,3620,0,3620,5000,2984,3136,152,636,788,0.824309,0.951531
328,0.787604,48.700000,1.444749,0.000000,0.000000,0.634000,0.035800,0.669800,1,3170,179,3349,5000,2396,2412,16,953,969,0.715437,0.993367
329,0.511675,49.320000,1.392747,0.000000,0.000000,0.707400,0.000000,0.707400,0,3537,0,3537,5000,2997,3172,175,540,715,0.847328,0.944830
330,0.669718,47.060000,1.457421,0.000000,0.000000,0.711800,0.028600,0.740400,1,3559,143,3702,5000,2912,2972,60,790,850,0.786602,0.979812
331,0.410491,46.720000,1.470483,0.000000,0.000000,0.668600,0.000000,0.668600,0,3343,0,3343,5000,2856,3012,156,487,643,0.854322,0.948207
332,0.210122,47.200000,1.479002,0.000000,0.000000,0.660000,0.033400,0.693400,1,3300,167,3467,5000,3361,3404,43,106,149,0.969426,0.987368
333,0.229038,48.280000,1.400702,0.000000,0.000000,0.668400,0.000000,0.668400,0,3342,0,3342,5000,3206,3388,182,136,318,0.959306,0.946281
334,0.706742,50.630000,1.357997,0.000000,0.000000,0.690400,0.063200,0.753600,1,3452,316,3768,5000,2913,3068,155,855,1010,0.773089,0.949478
335,0.478256,47.120000,1.465976,0.000000,0.000000,0.630600,0.000000,0.630600,0,3153,0,3153,5000,2669,2816,147,484,631,0.846495,0.947798
336,0.726299,48.940000,1.384937,0.000000,0.000000,0.680200,0.032600,0.712800,1,3401,163,3564,5000,2771,2832,61,793,854,0.777497,0.978460
337,0.484484,47.440000,1.421678,0.000000,0.000000,0.704200,0.000000,0.704200,0,3521,0,3521,5000,2992,3136,144,529,673,0.849759,0.954082
338,0.892937,47.300000,1.430347,0.000000,0.000000,0.625800,0.038000,0.663800,1,3129,190,3319,5000,2173,2200,27,1146,1173,0.654715,0.987727
339,0.726866,41.380000,1.592061,0.000000,0.000000,0.708200,0.000000,0.708200,0,3541,0,3541,5000,2644,2732,88,897,985,0.746682,0.967789
340,0.647314,42.890000,1.563801,0.000000,0.000000,0.673600,0.038800,0.712400,1,3368,194,3562,5000,2711,2768,57,851,908,0.761089,0.979408
341,0.529316,47.660000,1.446737,0.000000,0.000000,0.704000,0.000000,0.704000,0,3520,0,3520,5000,2969,3108,139,551,690,0.843466,0.955277
342,0.704043,48.680000,1.416382,0.000000,0.000000,0.652600,0.034800,0.687400,1,3263,174,3437,5000,2525,2568,43,912,955,0.734652,0.983255
343,0.448830,46.360000,1.487635,0.000000,0.000000,0.704800,0.000000,0.704800,0,3524,0,3524,5000,2978,3100,122,546,668,0.845062,0.960645
344,0.479622,40.980000,1.645805,0.000000,0.000000,0.751800,0.039600,0.791400,1,3759,198,3957,5000,3302,3416,114,655,769,0.834471,0.966628
345,0.665916,44.550000,1.541205,0.000000,0.000000,0.713000,0.000000,0.713000,0,3565,0,3565,5000,2785,2904,119,780,899,0.781206,0.959022
346,0.913088,46.950000,1.447375,0.000000,0.000000,0.648600,0.034000,0.682600,1,3243,170,3413,5000,2274,2292,18,1139,1157,0.666276,0.992147
347,0.429132,48.280000,1.458477,0.000000,0.000000,0.767600,0.000000,0.767600,0,3838,0,3838,5000,3371,3644,273,467,740,0.878322,0.925082
348,0.264441,43.280000,1.648999,0.000000,0.000000,0.704600,0.035000,0.739600,1,3523,175,3698,5000,3424,3568,144,274,418,0.925906,0.959641
349,0.548401,48.230000,1.407687,0.000000,0.000000,0.627400,0.000000,0.627400,0,3137,0,3137,5000,2585,2768,183,552,735,0.824036,0.933887
350,0.558930,46.790000,1.445679,0.000000,0.000000,0.742000,0.034600,0.776600,1,3710,173,3883,5000,3286,3412,126,597,723,0.846253,0.963072
351,0.559109,46.330000,1.489489,0.000000,0.000000,0.677000,0.000000,0.677000,0,3385,0,3385,5000,2791,2928,137,594,731,0.824520,0.953210
352,0.370854,45.880000,1.533670,0.000000,0.000000,0.687600,0.038200,0.725800,1,3438,191,3629,5000,3287,3384,97,342,439,0.905759,0.971336
353,0.520466,48.870000,1.431147,0.000000,0.000000,0.669400,0.000000,0.669400,0,3347,0,3347,5000,2811,2904,93,536,629,0.839857,0.967975
354,0.686642,45.130000,1.512448,0.000000,0.000000,0.701200,0.029200,0.730400,1,3506,146,3652,5000,2860,2896,36,792,828,0.783133,0.987569
355,0.545803,44.720000,1.570111,0.000000,0.000000,0.738800,0.000000,0.738800,0,3694,0,3694,5000,3084,3284,200,610,810,0.834867,0.939099
356,0.816503,48.610000,1.406683,0.000000,0.000000,0.648400,0.035000,0.683400,1,3242,175,3417,5000,2488,2552,64,929,993,0.728124,0.974922
357,0.249689,46.740000,1.574073,0.000000,0.000000,0.735600,0.000000,0.735600,0,3678,0,3678,5000,3526,3760,234,152,386,0.958673,0.937766
358,0.632622,50.190000,1.381542,0.000000,0.000000,0.634000,0.034600,0.668600,1,3170,173,3343,5000,2597,2644,47,746,793,0.776847,0.982224
359,0.717456,47.390000,1.438984,0.000000,0.000000,0.649800,0.000000,0.649800,0,3249,0,3249,5000,2395,2496,101,854,955,0.737150,0.959535
360,0.745029,45.890000,1.510991,0.000000,0.000000,0.711600,0.038400,0.750000,1,3558,192,3750,5000,2824,2876,52,926,978,0.753067,0.981919
361,0.717408,47.580000,1.446277,0.000000,0.000000,0.640600,0.000000,0.640600,0,3203,0,3203,5000,2393,2524,131,810,941,0.747112,0.948098
362,0.483126,46.440000,1.493582,0.000000,0.000000,0.647600,0.021800,0.669400,1,3238,109,3347,5000,2800,2836,36,547,583,0.836570,0.987306
363,0.555576,45.900000,1.498627,0.000000,0.000000,0.635200,0.000000,0.635200,0,3176,0,3176,5000,2576,2672,96,600,696,0.811083,0.964072
364,0.712564,47.650000,1.439437,0.000000,0.000000,0.655600,0.031600,0.687200,1,3278,158,3436,5000,2532,2560,28,904,932,0.736903,0.989062
365,0.625829,46.890000,1.453338,0.000000,0.000000,0.646600,0.000000,0.646600,0,3233,0,3233,5000,2538,2616,78,695,773,0.785029,0.970183
366,0.515468,43.110000,1.562277,0.000000,0.000000,0.778000,0.026600,0.804600,1,3890,133,4023,5000,3398,3460,62,625,687,0.844643,0.982081
367,0.580439,45.360000,1.524873,0.000000,0.000000,0.723200,0.000000,0.723200,0,3616,0,3616,5000,2856,3004,148,760,908,0.789823,0.950732
368,0.673423,44.410000,1.554427,0.000000,0.000000,0.664800,0.026200,0.691000,1,3324,131,3455,5000,2778,2804,26,677,703,0.804052,0.990728
369,0.501832,43.460000,1.648869,0.000000,0.000000,0.663000,0.000000,0.663000,0,3315,0,3315,5000,2680,2764,84,635,719,0.808446,0.969609
370,0.468590,43.730000,1.561981,0.000000,0.000000,0.666800,0.055000,0.721800,1,3334,275,3609,5000,3130,3296,166,479,645,0.867276,0.949636
371,0.289368,48.270000,1.414243,0.000000,0.000000,0.679800,0.000000,0.679800,0,3399,0,3399,5000,3162,3320,158,237,395,0.930274,0.952410
372,0.699448,50.570000,1.353051,0.000000,0.000000,0.686400,0.032600,0.719000,1,3432,163,3595,5000,2703,2752,49,892,941,0.751878,0.982195
373,0.540400,46.190000,1.519013,0.000000,0.000000,0.685800,0.000000,0.685800,0,3429,0,3429,5000,2712,2884,172,717,889,0.790901,0.940361
374,0.364013,46.450000,1.481792,0.000000,0.000000,0.660000,0.019400,0.679400,1,3300,97,3397,5000,3016,3036,20,381,401,0.887842,0.993412
375,0.629246,46.440000,1.481092,0.000000,0.000000,0.704600,0.000000,0.704600,0,3523,0,3523,5000,2740,2984,244,783,1027,0.777746,0.918231
376,0.817349,44.220000,1.548160,0.000000,0.000000,0.769800,0.027200,0.797000,1,3849,136,3985,5000,3021,3040,19,964,983,0.758093,0.993750
377,0.592414,47.050000,1.487543,0.000000,0.000000,0.769400,0.000000,0.769400,0,3847,0,3847,5000,3063,3408,345,784,1129,0.796205,0.898768
378,0.681746,45.890000,1.495275,0.000000,0.000000,0.683200,0.036600,0.719800,1,3416,183,3599,5000,2737,2788,51,862,913,0.760489,0.981707
379,0.746130,47.680000,1.460450,0.000000,0.000000,0.720200,0.000000,0.720200,0,3601,0,3601,5000,2663,2800,137,938,1075,0.739517,0.951071
380,0.445904,44.680000,1.532422,0.000000,0.000000,0.707800,0.029000,0.736800,1,3539,145,3684,5000,3182,3204,22,502,524,0.863735,0.993134
381,0.436660,41.420000,1.644169,0.000000,0.000000,0.656800,0.000000,0.656800,0,3284,0,3284,5000,2873,3000,127,411,538,0.874848,0.957667
382,0.402431,44.620000,1.546856,0.000000,0.000000,0.674400,0.037400,0.711800,1,3372,187,3559,5000,3136,3172,36,423,459,0.881146,0.988651
383,0.517344,47.400000,1.446883,0.000000,0.000000,0.726800,0.000000,0.726800,0,3634,0,3634,5000,3038,3204,166,596,762,0.835993,0.948190
384,0.268489,45.540000,1.515205,0.000000,0.000000,0.710200,0.027800,0.738000,1,3551,139,3690,5000,3474,3556,82,216,298,0.941463,0.976940
385,0.484423,44.760000,1.532257,0.000000,0.000000,0.707800,0.000000,0.707800,0,3539,0,3539,5000,2924,3072,148,615,763,0.826222,0.951823
386,0.628756,45.720000,1.496670,0.000000,0.000000,0.689400,0.031000,0.720400,1,3447,155,3602,5000,2751,2776,25,851,876,0.763742,0.990994
387,0.508739,52.510000,1.341576,0.000000,0.000000,0.705400,0.000000,0.705400,0,3527,0,3527,5000,3013,3208,195,514,709,0.854267,0.939214
388,0.579422,48.520000,1.455211,0.000000,0.000000,0.689000,0.032800,0.721800,1,3445,164,3609,5000,2835,2892,57,774,831,0.785536,0.980290
389,0.283630,41.110000,1.634024,0.000000,0.000000,0.667600,0.000000,0.667600,0,3338,0,3338,5000,3145,3312,167,193,360,0.942181,0.949577
390,0.312749,46.560000,1.484669,0.000000,0.000000,0.720600,0.027000,0.747600,1,3603,135,3738,5000,3455,3548,93,283,376,0.924291,0.973788
391,0.569575,47.410000,1.433855,0.000000,0.000000,0.710400,0.000000,0.710400,0,3552,0,3552,5000,2836,3084,248,716,964,0.798423,0.919585
392,0.524288,48.540000,1.426324,0.000000,0.000000,0.715600,0.044000,0.759600,1,3578,220,3798,5000,3098,3160,62,700,762,0.815692,0.980380
393,0.461198,50.750000,1.365655,0.000000,0.000000,0.763400,0.000000,0.763400,0,3817,0,3817,5000,3359,3516,157,458,615,0.880010,0.955347
394,0.505888,48.190000,1.462566,0.000000,0.000000,0.672600,0.028800,0.701400,1,3363,144,3507,5000,2926,2960,34,581,615,0.834331,0.988514
395,0.430496,53.120000,1.295638,0.000000,0.000000,0.637000,0.000000,0.637000,0,3185,0,3185,5000,2741,2944,203,444,647,0.860597,0.931046
396,0.486349,49.550000,1.376779,0.000000,0.000000,0.716200,0.029800,0.746000,1,3581,149,3730,5000,3152,3208,56,578,634,0.845040,0.982544
397,0.309168,48.990000,1.417035,0.000000,0.000000,0.650200,0.000000,0.650200,0,3251,0,3251,5000,2960,3128,168,291,459,0.910489,0.946292
398,0.704243,47.270000,1.469274,0.000000,0.000000,0.639600,0.030400,0.670000,1,3198,152,3350,5000,2481,2508,27,869,896,0.740597,0.989234
399,0.635623,47.390000,1.460455,0.000000,0.000000,0.650600,0.000000,0.650600,0,3253,0,3253,5000,2573,2716,143,680,823,0.790962,0.947349
400,0.646562,44.760000,1.509944,0.000000,0.000000,0.705200,0.048200,0.753400,1,3526,241,3767,5000,3085,3144,59,682,741,0.818954,0.981234
401,0.614124,44.890000,1.506668,0.000000,0.000000,0.692600,0.000000,0.692600,0,3463,0,3463,5000,2742,2912,170,721,891,0.791799,0.941621
402,0.404189,45.320000,1.483541,0.000000,0.000000,0.715800,0.038800,0.754600,1,3579,194,3773,5000,3399,3468,69,374,443,0.900875,0.980104
403,0.588183,51.240000,1.369878,0.000000,0.000000,0.696200,0.000000,0.696200,0,3481,0,3481,5000,2825,3008,183,656,839,0.811548,0.939162
404,0.599370,50.020000,1.414317,0.000000,0.000000,0.740000,0.032400,0.772400,1,3700,162,3862,5000,2958,3032,74,904,978,0.765924,0.975594
405,0.287466,50.710000,1.421909,0.000000,0.000000,0.713800,0.000000,0.713800,0,3569,0,3569,5000,3334,3556,222,235,457,0.934155,0.937570
406,0.366365,40.980000,1.688665,0.000000,0.000000,0.714200,0.032600,0.746800,1,3571,163,3734,5000,3392,3460,68,342,410,0.908409,0.980347
407,0.433236,47.860000,1.424933,0.000000,0.000000,0.663000,0.000000,0.663000,0,3315,0,3315,5000,2907,3072,165,408,573,0.876923,0.946289
408,0.435962,48.060000,1.460491,0.000000,0.000000,0.691000,0.030800,0.721800,1,3455,154,3609,5000,3094,3160,66,515,581,0.857301,0.979114
409,0.494500,46.840000,1.435026,0.000000,0.000000,0.692400,0.000000,0.692400,0,3462,0,3462,5000,2844,2948,104,618,722,0.821490,0.964722
410,0.835631,48.820000,1.424839,0.000000,0.000000,0.647200,0.037200,0.684400,1,3236,186,3422,5000,2396,2440,44,1026,1070,0.700175,0.981967
411,0.400074,44.250000,1.539582,0.000000,0.000000,0.725200,0.000000,0.725200,0,3626,0,3626,5000,3171,3332,161,455,616,0.874517,0.951681
412,0.449614,47.860000,1.478085,0.000000,0.000000,0.716400,0.035600,0.752000,1,3582,178,3760,5000,3346,3376,30,414,444,0.889894,0.991114
413,0.579279,48.000000,1.406161,0.000000,0.000000,0.666600,0.000000,0.666600,0,3333,0,3333,5000,2710,2848,138,623,761,0.813081,0.951545
414,0.454007,48.680000,1.456613,0.000000,0.000000,0.681400,0.038600,0.720000,1,3407,193,3600,5000,3171,3252,81,429,510,0.880833,0.975092
415,0.354422,46.760000,1.537624,0.000000,0.000000,0.703000,0.000000,0.703000,0,3515,0,3515,5000,3142,3396,254,373,627,0.893883,0.925206
416,0.788891,45.160000,1.534908,0.000000,0.000000,0.643600,0.041200,0.684800,1,3218,206,3424,5000,2412,2448,36,1012,1048,0.704439,0.985294
417,0.770843,43.440000,1.542664,0.000000,0.000000,0.685200,0.000000,0.685200,0,3426,0,3426,5000,2562,2656,94,864,958,0.747811,0.964608
418,0.653008,45.270000,1.535021,0.000000,0.000000,0.684000,0.036200,0.720200,1,3420,181,3601,5000,2806,2832,26,795,821,0.779228,0.990819
419,0.476361,42.920000,1.653348,0.000000,0.000000,0.698000,0.000000,0.698000,0,3490,0,3490,5000,2975,3140,165,515,680,0.852436,0.947452
420,0.308046,42.730000,1.623350,0.000000,0.000000,0.785400,0.039600,0.825000,1,3927,198,4125,5000,3890,4016,126,235,361,0.943030,0.968625
421,0.711220,47.570000,1.470287,0.000000,0.000000,0.612400,0.000000,0.612400,0,3062,0,3062,5000,2157,2256,99,905,1004,0.704442,0.956117
422,0.405088,41.960000,1.660668,0.000000,0.000000,0.668200,0.024600,0.692800,1,3341,123,3464,5000,3019,3072,53,445,498,0.871536,0.982747
423,0.799727,49.070000,1.406191,0.000000,0.000000,0.643600,0.000000,0.643600,0,3218,0,3218,5000,2311,2660,349,907,1256,0.718148,0.868797
424,0.699775,47.900000,1.449531,0.000000,0.000000,0.679600,0.029800,0.709400,1,3398,149,3547,5000,2635,2728,93,912,1005,0.742881,0.965909
425,0.298952,46.050000,1.480832,0.000000,0.000000,0.747200,0.000000,0.747200,0,3736,0,3736,5000,3418,3564,146,318,464,0.914882,0.959035
426,0.604281,45.270000,1.482017,0.000000,0.000000,0.636000,0.018200,0.654200,1,3180,91,3271,5000,2582,2600,18,689,707,0.789361,0.993077
427,0.246562,49.780000,1.353312,0.000000,0.000000,0.697200,0.000000,0.697200,0,3486,0,3486,5000,3343,3532,189,143,332,0.958979,0.946489
428,0.467165,50.840000,1.337532,0.000000,0.000000,0.765800,0.045800,0.811600,1,3829,229,4058,5000,3508,3556,48,550,598,0.864465,0.986502
429,0.452656,51.920000,1.320309,0.000000,0.000000,0.656800,0.000000,0.656800,0,3284,0,3284,5000,2717,2848,131,567,698,0.827345,0.954003
430,0.450827,49.990000,1.379688,0.000000,0.000000,0.640400,0.023000,0.663400,1,3202,115,3317,5000,2814,2856,42,503,545,0.848357,0.985294
431,0.434611,47.050000,1.486600,0.000000,0.000000,0.726200,0.000000,0.726200,0,3631,0,3631,5000,3175,3380,205,456,661,0.874415,0.939349
432,0.425841,47.690000,1.445945,0.000000,0.000000,0.700000,0.038000,0.738000,1,3500,190,3690,5000,3267,3344,77,423,500,0.885366,0.976974
433,0.455373,49.690000,1.384792,0.000000,0.000000,0.709400,0.000000,0.709400,0,3547,0,3547,5000,2968,3128,160,579,739,0.836763,0.948849
434,0.410087,50.580000,1.394941,0.000000,0.000000,0.653000,0.029600,0.682600,1,3265,148,3413,5000,3012,3048,36,401,437,0.882508,0.988189
435,0.554693,49.700000,1.471217,0.000000,0.000000,0.716800,0.000000,0.716800,0,3584,0,3584,5000,2938,3084,146,646,792,0.819754,0.952659
436,0.666309,48.750000,1.438577,0.000000,0.000000,0.691800,0.031200,0.723000,1,3459,156,3615,5000,2730,2756,26,885,911,0.755187,0.990566
437,0.280639,49.870000,1.412033,0.000000,0.000000,0.652400,0.000000,0.652400,0,3262,0,3262,5000,2995,3160,165,267,432,0.918148,0.947785
438,0.486975,46.010000,1.534687,0.000000,0.000000,0.712800,0.045000,0.757800,1,3564,225,3789,5000,3060,3152,92,729,821,0.807601,0.970812
439,0.357560,49.920000,1.437983,0.000000,0.000000,0.677000,0.000000,0.677000,0,3385,0,3385,5000,3049,3224,175,336,511,0.900739,0.945720
440,0.678447,49.700000,1.416558,0.000000,0.000000,0.703000,0.049600,0.752600,1,3515,248,3763,5000,2786,2860,74,977,1051,0.740367,0.974126
441,0.113320,43.860000,1.640841,0.000000,0.000000,0.702200,0.000000,0.702200,0,3511,0,3511,5000,3453,3668,215,58,273,0.983480,0.941385
442,0.382184,49.110000,1.462499,0.000000,0.000000,0.667200,0.029600,0.696800,1,3336,148,3484,5000,3140,3240,100,344,444,0.901263,0.969136
443,0.676882,50.280000,1.405936,0.000000,0.000000,0.681000,0.000000,0.681000,0,3405,0,3405,5000,2554,2736,182,851,1033,0.750073,0.933480
444,0.321911,48.070000,1.438991,0.000000,0.000000,0.720400,0.037000,0.757400,1,3602,185,3787,5000,3489,3600,111,298,409,0.921310,0.969167
445,0.313464,45.440000,1.562015,0.000000,0.000000,0.635400,0.000000,0.635400,0,3177,0,3177,5000,2927,3072,145,250,395,0.921309,0.952799
446,0.500587,46.950000,1.522419,0.000000,0.000000,0.618600,0.025000,0.643600,1,3093,125,3218,5000,2635,2672,37,583,620,0.818832,0.986153
447,0.304149,46.320000,1.533665,0.000000,0.000000,0.663600,0.000000,0.663600,0,3318,0,3318,5000,3014,3208,194,304,498,0.908379,0.939526
448,0.629772,49.240000,1.412327,0.000000,0.000000,0.640800,0.048600,0.689400,1,3204,243,3447,5000,2658,2728,70,789,859,0.771105,0.974340
449,0.271544,41.850000,1.670758,0.000000,0.000000,0.704600,0.000000,0.704600,0,3523,0,3523,5000,3276,3396,120,247,367,0.929889,0.964664
450,0.534153,44.210000,1.584441,0.000000,0.000000,0.692000,0.030000,0.722000,1,3460,150,3610,5000,2939,2952,13,671,684,0.814127,0.995596
451,0.605768,47.930000,1.447721,0.000000,0.000000,0.642000,0.000000,0.642000,0,3210,0,3210,5000,2532,2668,136,678,814,0.788785,0.949025
452,0.378261,43.700000,1.588578,0.000000,0.000000,0.714800,0.041400,0.756200,1,3574,207,3781,5000,3394,3496,102,387,489,0.897646,0.970824
453,0.622995,48.160000,1.451509,0.000000,0.000000,0.661000,0.000000,0.661000,0,3305,0,3305,5000,2504,2696,192,801,993,0.757640,0.928783
454,0.528480,45.550000,1.516180,0.000000,0.000000,0.662000,0.040800,0.702800,1,3310,204,3514,5000,2736,2784,48,778,826,0.778600,0.982759
455,0.591606,47.190000,1.452937,0.000000,0.000000,0.618400,0.000000,0.618400,0,3092,0,3092,5000,2349,2468,119,743,862,0.759702,0.951783
456,0.394438,44.790000,1.522794,0.000000,0.000000,0.698800,0.030400,0.729200,1,3494,152,3646,5000,3194,3240,46,452,498,0.876029,0.985802
457,0.340500,45.120000,1.521536,0.000000,0.000000,0.696000,0.000000,0.696000,0,3480,0,3480,5000,3174,3332,158,306,464,0.912069,0.952581
458,0.586514,48.550000,1.436843,0.000000,0.000000,0.690200,0.032600,0.722800,1,3451,163,3614,5000,2873,2908,35,741,776,0.794964,0.987964
459,0.429611,46.490000,1.493229,0.000000,0.000000,0.625000,0.000000,0.625000,0,3125,0,3125,5000,2645,2808,163,480,643,0.846400,0.941952
460,0.654015,45.010000,1.547170,0.000000,0.000000,0.630400,0.032400,0.662800,1,3152,162,3314,5000,2442,2476,34,872,906,0.736874,0.986268
461,0.259972,43.930000,1.575160,0.000000,0.000000,0.648600,0.000000,0.648600,0,3243,0,3243,5000,2989,3136,147,254,401,0.921677,0.953125
462,0.527486,46.970000,1.504538,0.000000,0.000000,0.684200,0.064000,0.748200,1,3421,320,3741,5000,3000,3040,40,741,781,0.801925,0.986842
463,0.373082,48.390000,1.457981,0.000000,0.000000,0.693200,0.000000,0.693200,0,3466,0,3466,5000,3013,3172,159,453,612,0.869302,0.949874
464,0.619921,45.760000,1.572237,0.000000,0.000000,0.695400,0.038200,0.733600,1,3477,191,3668,5000,2851,2912,61,817,878,0.777263,0.979052
465,0.452524,48.030000,1.448527,0.000000,0.000000,0.661000,0.000000,0.661000,0,3305,0,3305,5000,2832,3000,168,473,641,0.856884,0.944000
466,0.741472,47.270000,1.449559,0.000000,0.000000,0.669200,0.039800,0.709000,1,3346,199,3545,5000,2476,2520,44,1069,1113,0.698449,0.982540
467,0.246097,44.410000,1.569121,0.000000,0.000000,0.696600,0.000000,0.696600,0,3483,0,3483,5000,3277,3472,195,206,401,0.940856,0.943836
468,0.416704,47.160000,1.460307,0.000000,0.000000,0.740400,0.033800,0.774200,1,3702,169,3871,5000,3488,3536,48,383,431,0.901059,0.986425
469,0.467845,50.190000,1.379038,0.000000,0.000000,0.644800,0.000000,0.644800,0,3224,0,3224,5000,2642,2760,118,582,700,0.819479,0.957246
470,0.760079,44.710000,1.524766,0.000000,0.000000,0.721200,0.039400,0.760600,1,3606,197,3803,5000,2962,3012,50,841,891,0.778859,0.983400
471,0.688336,46.490000,1.442505,0.000000,0.000000,0.697800,0.000000,0.697800,0,3489,0,3489,5000,2612,2724,112,877,989,0.748639,0.958884
472,0.622175,45.830000,1.474565,0.000000,0.000000,0.657800,0.026600,0.684400,1,3289,133,3422,5000,2666,2704,38,756,794,0.779077,0.985947
473,0.653098,47.250000,1.452566,0.000000,0.000000,0.690200,0.000000,0.690200,0,3451,0,3451,5000,2648,2880,232,803,1035,0.767314,0.919444
474,0.394804,45.490000,1.482321,0.000000,0.000000,0.722200,0.036000,0.758200,1,3611,180,3791,5000,3306,3368,62,485,547,0.872065,0.981591
475,0.703935,45.210000,1.546916,0.000000,0.000000,0.709600,0.000000,0.709600,0,3548,0,3548,5000,2607,2732,125,941,1066,0.734780,0.954246
476,0.377559,47.880000,1.416777,0.000000,0.000000,0.708800,0.031400,0.740200,1,3544,157,3701,5000,3371,3440,69,330,399,0.910835,0.979942
477,0.453117,47.850000,1.445064,0.000000,0.000000,0.685000,0.000000,0.685000,0,3425,0,3425,5000,2847,2976,129,578,707,0.831241,0.956653
478,0.544826,44.130000,1.600429,0.000000,0.000000,0.686600,0.025800,0.712400,1,3433,129,3562,5000,2892,2964,72,670,742,0.811903,0.975709
479,0.363725,45.020000,1.664619,0.000000,0.000000,0.703400,0.000000,0.703400,0,3517,0,3517,5000,3219,3388,169,298,467,0.915269,0.950118
480,0.844253,46.450000,1.503019,0.000000,0.000000,0.646200,0.052200,0.698400,1,3231,261,3492,5000,2208,2232,24,1284,1308,0.632302,0.989247
481,0.568436,48.000000,1.478209,0.000000,0.000000,0.770000,0.000000,0.770000,0,3850,0,3850,5000,3058,3304,246,792,1038,0.794286,0.925545
482,0.964392,44.700000,1.558911,0.000000,0.000000,0.699600,0.041600,0.741200,1,3498,208,3706,5000,2365,2376,11,1341,1352,0.638154,0.995370
483,0.671909,45.900000,1.536929,0.000000,0.000000,0.708000,0.000000,0.708000,0,3540,0,3540,5000,2573,2696,123,967,1090,0.726836,0.954377
484,0.411200,45.880000,1.497205,0.000000,0.000000,0.661400,0.026400,0.687800,1,3307,132,3439,5000,3037,3072,35,402,437,0.883106,0.988607
485,0.403580,46.610000,1.505987,0.000000,0.000000,0.711000,0.000000,0.711000,0,3555,0,3555,5000,3130,3308,178,425,603,0.880450,0.946191
486,0.545377,45.380000,1.496907,0.000000,0.000000,0.721200,0.032600,0.753800,1,3606,163,3769,5000,3136,3172,36,633,669,0.832051,0.988651
487,0.296645,47.550000,1.520827,0.000000,0.000000,0.721800,0.000000,0.721800,0,3609,0,3609,5000,3303,3536,233,306,539,0.915212,0.934106
488,0.452669,44.350000,1.548061,0.000000,0.000000,0.662600,0.047000,0.709600,1,3313,235,3548,5000,2995,3028,33,553,586,0.844138,0.989102
489,0.360502,44.820000,1.554110,0.000000,0.000000,0.720600,0.000000,0.720600,0,3603,0,3603,5000,3168,3428,260,435,695,0.879267,0.924154
490,0.366463,46.520000,1.513898,0.000000,0.000000,0.722200,0.027400,0.749600,1,3611,137,3748,5000,3279,3364,85,469,554,0.874867,0.974732
491,0.610916,47.680000,1.446162,0.000000,0.000000,0.723000,0.000000,0.723000,0,3615,0,3615,5000,2883,3064,181,732,913,0.797510,0.940927
492,0.505215,49.240000,1.430126,0.000000,0.000000,0.773400,0.038800,0.812200,1,3867,194,4061,5000,3375,3432,57,686,743,0.831076,0.983392
493,0.231857,41.820000,1.706637,0.000000,0.000000,0.740600,0.000000,0.740600,0,3703,0,3703,5000,3458,3664,206,245,451,0.933837,0.943777
494,0.703909,47.830000,1.487701,0.000000,0.000000,0.653400,0.063800,0.717200,1,3267,319,3586,5000,2620,2648,28,966,994,0.730619,0.989426
495,0.276942,44.970000,1.558240,0.000000,0.000000,0.678400,0.000000,0.678400,0,3392,0,3392,5000,3048,3404,356,344,700,0.898585,0.895417
496,0.646247,44.660000,1.563291,0.000000,0.000000,0.667600,0.039200,0.706800,1,3338,196,3534,5000,2791,2832,41,743,784,0.789757,0.985523
497,0.655446,47.170000,1.476157,0.000000,0.000000,0.645200,0.000000,0.645200,0,3226,0,3226,5000,2579,2692,113,647,760,0.799442,0.958024
498,0.303954,47.740000,1.473143,0.000000,0.000000,0.669600,0.023600,0.693200,1,3348,118,3466,5000,3201,3252,51,265,316,0.923543,0.984317
499,0.221828,45.880000,1.537302,0.000000,0.000000,0.606600,0.000000,0.606600,0,3033,0,3033,5000,2853,2988,135,180,315,0.940653,0.954819
