epoch,train_loss,selected_clients,selected_train_label_correct,local_train_acc_noisy,local_train_acc_true,local_train_loss_noisy,hc_cov_0.80,hc_acc_true_0.80,disagree_count_0.80,disagree_corr_acc_0.80,agree_count_0.80,agree_label_precision_0.80,local_holdout_acc,local_holdout_loss
0,1.568262,50,0.615750,32.577500,45.485000,1.940636,0.092125,98.507463,343,83.965015,3342,1.000000,44.760000,1.681229
1,1.582331,50,0.582350,-1.000000,-1.000000,-1.000000,-1.000000,-1.000000,0,-1.000000,0,-1.000000,-1.000000,-1.000000
2,1.530813,50,0.574450,-1.000000,-1.000000,-1.000000,-1.000000,-1.000000,0,-1.000000,0,-1.000000,-1.000000,-1.000000
3,1.484241,50,0.566400,-1.000000,-1.000000,-1.000000,-1.000000,-1.000000,0,-1.000000,0,-1.000000,-1.000000,-1.000000
4,1.307837,50,0.628450,-1.000000,-1.000000,-1.000000,-1.000000,-1.000000,0,-1.000000,0,-1.000000,-1.000000,-1.000000
5,1.291921,50,0.611550,58.590000,77.497500,1.268146,0.218100,98.555708,610,83.770492,8114,0.996672,74.910000,0.949110
6,1.277201,50,0.604300,-1.000000,-1.000000,-1.000000,-1.000000,-1.000000,0,-1.000000,0,-1.000000,-1.000000,-1.000000
7,1.248894,50,0.592050,-1.000000,-1.000000,-1.000000,-1.000000,-1.000000,0,-1.000000,0,-1.000000,-1.000000,-1.000000
8,1.123005,50,0.646000,-1.000000,-1.000000,-1.000000,-1.000000,-1.000000,0,-1.000000,0,-1.000000,-1.000000,-1.000000
9,1.187889,50,0.592500,-1.000000,-1.000000,-1.000000,-1.000000,-1.000000,0,-1.000000,0,-1.000000,-1.000000,-1.000000
10,1.108110,50,0.606750,65.085000,76.837500,1.066382,0.273200,98.618228,578,89.792388,10350,0.991111,73.950000,0.932265
11,1.072972,50,0.603750,-1.000000,-1.000000,-1.000000,-1.000000,-1.000000,0,-1.000000,0,-1.000000,-1.000000,-1.000000
12,0.999602,50,0.638850,-1.000000,-1.000000,-1.000000,-1.000000,-1.000000,0,-1.000000,0,-1.000000,-1.000000,-1.000000
13,0.910791,50,0.640450,-1.000000,-1.000000,-1.000000,-1.000000,-1.000000,0,-1.000000,0,-1.000000,-1.000000,-1.000000
14,0.995127,50,0.591100,-1.000000,-1.000000,-1.000000,-1.000000,-1.000000,0,-1.000000,0,-1.000000,-1.000000,-1.000000
15,0.992289,50,0.599950,71.435000,72.575000,0.888978,0.326425,97.227541,452,86.946903,12605,0.975962,70.130000,0.986023
16,0.958960,50,0.581300,-1.000000,-1.000000,-1.000000,-1.000000,-1.000000,0,-1.000000,0,-1.000000,-1.000000,-1.000000
17,0.886058,50,0.591850,-1.000000,-1.000000,-1.000000,-1.000000,-1.000000,0,-1.000000,0,-1.000000,-1.000000,-1.000000
18,0.877202,50,0.586700,-1.000000,-1.000000,-1.000000,-1.000000,-1.000000,0,-1.000000,0,-1.000000,-1.000000,-1.000000
19,0.796657,50,0.616000,-1.000000,-1.000000,-1.000000,-1.000000,-1.000000,0,-1.000000,0,-1.000000,-1.000000,-1.000000
20,0.815475,50,0.560150,78.020000,68.667500,0.710069,0.392225,93.403021,348,87.643678,15341,0.935337,67.180000,1.060688
21,0.707334,50,0.634450,-1.000000,-1.000000,-1.000000,-1.000000,-1.000000,0,-1.000000,0,-1.000000,-1.000000,-1.000000
22,0.705547,50,0.603650,-1.000000,-1.000000,-1.000000,-1.000000,-1.000000,0,-1.000000,0,-1.000000,-1.000000,-1.000000
23,0.620400,50,0.615150,-1.000000,-1.000000,-1.000000,-1.000000,-1.000000,0,-1.000000,0,-1.000000,-1.000000,-1.000000
24,0.637351,50,0.598000,-1.000000,-1.000000,-1.000000,-1.000000,-1.000000,0,-1.000000,0,-1.000000,-1.000000,-1.000000
25,0.633819,50,0.610450,83.527500,66.720000,0.564552,0.463175,88.611216,279,88.530466,18248,0.886125,66.080000,1.082427
26,0.585306,50,0.588350,-1.000000,-1.000000,-1.000000,-1.000000,-1.000000,0,-1.000000,0,-1.000000,-1.000000,-1.000000
27,0.532979,50,0.630250,-1.000000,-1.000000,-1.000000,-1.000000,-1.000000,0,-1.000000,0,-1.000000,-1.000000,-1.000000
28,0.531047,50,0.613200,-1.000000,-1.000000,-1.000000,-1.000000,-1.000000,0,-1.000000,0,-1.000000,-1.000000,-1.000000
29,0.529517,50,0.589000,-1.000000,-1.000000,-1.000000,-1.000000,-1.000000,0,-1.000000,0,-1.000000,-1.000000,-1.000000
30,0.523141,50,0.580200,87.940000,64.150000,0.439623,0.546000,82.765568,263,76.045627,21577,0.828475,63.470000,1.165972
31,0.412324,50,0.633650,-1.000000,-1.000000,-1.000000,-1.000000,-1.000000,0,-1.000000,0,-1.000000,-1.000000,-1.000000
32,0.483124,50,0.547700,-1.000000,-1.000000,-1.000000,-1.000000,-1.000000,0,-1.000000,0,-1.000000,-1.000000,-1.000000
33,0.451180,50,0.556050,-1.000000,-1.000000,-1.000000,-1.000000,-1.000000,0,-1.000000,0,-1.000000,-1.000000,-1.000000
34,0.379414,50,0.611750,-1.000000,-1.000000,-1.000000,-1.000000,-1.000000,0,-1.000000,0,-1.000000,-1.000000,-1.000000
35,0.407839,50,0.580050,91.585000,62.785000,0.332054,0.627625,77.410874,165,78.787879,24940,0.774018,63.240000,1.217094
36,0.341837,50,0.616650,-1.000000,-1.000000,-1.000000,-1.000000,-1.000000,0,-1.000000,0,-1.000000,-1.000000,-1.000000
37,0.319020,50,0.630250,-1.000000,-1.000000,-1.000000,-1.000000,-1.000000,0,-1.000000,0,-1.000000,-1.000000,-1.000000
38,0.317316,50,0.615200,-1.000000,-1.000000,-1.000000,-1.000000,-1.000000,0,-1.000000,0,-1.000000,-1.000000,-1.000000
39,0.324362,50,0.562250,-1.000000,-1.000000,-1.000000,-1.000000,-1.000000,0,-1.000000,0,-1.000000,-1.000000,-1.000000
40,0.258179,50,0.630800,93.897500,62.167500,0.254815,0.706100,73.371336,164,71.951220,28080,0.733796,62.780000,1.247212
41,0.269208,50,0.592800,-1.000000,-1.000000,-1.000000,-1.000000,-1.000000,0,-1.000000,0,-1.000000,-1.000000,-1.000000
42,0.294336,50,0.557850,-1.000000,-1.000000,-1.000000,-1.000000,-1.000000,0,-1.000000,0,-1.000000,-1.000000,-1.000000
43,0.240214,50,0.590100,-1.000000,-1.000000,-1.000000,-1.000000,-1.000000,0,-1.000000,0,-1.000000,-1.000000,-1.000000
44,0.230194,50,0.598450,-1.000000,-1.000000,-1.000000,-1.000000,-1.000000,0,-1.000000,0,-1.000000,-1.000000,-1.000000
45,0.220069,50,0.614100,95.987500,61.460000,0.189491,0.773600,69.725957,90,66.666667,30854,0.697349,62.290000,1.302085
46,0.214115,50,0.580650,-1.000000,-1.000000,-1.000000,-1.000000,-1.000000,0,-1.000000,0,-1.000000,-1.000000,-1.000000
47,0.176001,50,0.568750,-1.000000,-1.000000,-1.000000,-1.000000,-1.000000,0,-1.000000,0,-1.000000,-1.000000,-1.000000
48,0.185967,50,0.613850,-1.000000,-1.000000,-1.000000,-1.000000,-1.000000,0,-1.000000,0,-1.000000,-1.000000,-1.000000
49,0.179091,50,0.569400,-1.000000,-1.000000,-1.000000,-1.000000,-1.000000,0,-1.000000,0,-1.000000,-1.000000,-1.000000
50,0.130334,50,0.620700,97.127500,61.115000,0.145776,0.825025,67.276749,72,70.833333,32929,0.672690,61.980000,1.352735
51,0.146643,50,0.614350,-1.000000,-1.000000,-1.000000,-1.000000,-1.000000,0,-1.000000,0,-1.000000,-1.000000,-1.000000
52,0.159315,50,0.576700,-1.000000,-1.000000,-1.000000,-1.000000,-1.000000,0,-1.000000,0,-1.000000,-1.000000,-1.000000
53,0.146464,50,0.599100,-1.000000,-1.000000,-1.000000,-1.000000,-1.000000,0,-1.000000,0,-1.000000,-1.000000,-1.000000
54,0.127854,50,0.620850,-1.000000,-1.000000,-1.000000,-1.000000,-1.000000,0,-1.000000,0,-1.000000,-1.000000,-1.000000
55,0.125968,50,0.611600,97.960000,60.922500,0.116723,0.862975,65.691358,67,55.223881,34452,0.657117,62.730000,1.385844
56,0.128881,50,0.556050,-1.000000,-1.000000,-1.000000,-1.000000,-1.000000,0,-1.000000,0,-1.000000,-1.000000,-1.000000
57,0.113840,50,0.590900,-1.000000,-1.000000,-1.000000,-1.000000,-1.000000,0,-1.000000,0,-1.000000,-1.000000,-1.000000
58,0.104286,50,0.607350,-1.000000,-1.000000,-1.000000,-1.000000,-1.000000,0,-1.000000,0,-1.000000,-1.000000,-1.000000
59,0.106451,50,0.603050,-1.000000,-1.000000,-1.000000,-1.000000,-1.000000,0,-1.000000,0,-1.000000,-1.000000,-1.000000
60,0.096574,50,0.585700,98.770000,60.687500,0.085273,0.904700,64.015696,44,50.000000,36144,0.640328,62.500000,1.408785
61,0.084897,50,0.638550,-1.000000,-1.000000,-1.000000,-1.000000,-1.000000,0,-1.000000,0,-1.000000,-1.000000,-1.000000
62,0.078311,50,0.612200,-1.000000,-1.000000,-1.000000,-1.000000,-1.000000,0,-1.000000,0,-1.000000,-1.000000,-1.000000
63,0.084572,50,0.622650,-1.000000,-1.000000,-1.000000,-1.000000,-1.000000,0,-1.000000,0,-1.000000,-1.000000,-1.000000
64,0.081566,50,0.629000,-1.000000,-1.000000,-1.000000,-1.000000,-1.000000,0,-1.000000,0,-1.000000,-1.000000,-1.000000
65,0.077593,50,0.593800,98.965000,60.662500,0.071081,0.923700,63.153621,32,62.500000,36916,0.631542,62.460000,1.441060
66,0.077219,50,0.587400,-1.000000,-1.000000,-1.000000,-1.000000,-1.000000,0,-1.000000,0,-1.000000,-1.000000,-1.000000
67,0.071743,50,0.580200,-1.000000,-1.000000,-1.000000,-1.000000,-1.000000,0,-1.000000,0,-1.000000,-1.000000,-1.000000
68,0.059983,50,0.613650,-1.000000,-1.000000,-1.000000,-1.000000,-1.000000,0,-1.000000,0,-1.000000,-1.000000,-1.000000
69,0.068563,50,0.562150,-1.000000,-1.000000,-1.000000,-1.000000,-1.000000,0,-1.000000,0,-1.000000,-1.000000,-1.000000
70,0.065114,50,0.583200,99.267500,60.625000,0.057065,0.942950,62.444986,32,62.500000,37686,0.624449,62.460000,1.476445
71,0.064195,50,0.592850,-1.000000,-1.000000,-1.000000,-1.000000,-1.000000,0,-1.000000,0,-1.000000,-1.000000,-1.000000
72,0.050641,50,0.618900,-1.000000,-1.000000,-1.000000,-1.000000,-1.000000,0,-1.000000,0,-1.000000,-1.000000,-1.000000
73,0.050428,50,0.646250,-1.000000,-1.000000,-1.000000,-1.000000,-1.000000,0,-1.000000,0,-1.000000,-1.000000,-1.000000
74,0.057576,50,0.601400,-1.000000,-1.000000,-1.000000,-1.000000,-1.000000,0,-1.000000,0,-1.000000,-1.000000,-1.000000
75,0.050205,50,0.624700,99.415000,60.587500,0.048166,0.953925,62.093456,27,44.444444,38130,0.621060,62.640000,1.492289
76,0.050225,50,0.591850,-1.000000,-1.000000,-1.000000,-1.000000,-1.000000,0,-1.000000,0,-1.000000,-1.000000,-1.000000
77,0.043029,50,0.638050,-1.000000,-1.000000,-1.000000,-1.000000,-1.000000,0,-1.000000,0,-1.000000,-1.000000,-1.000000
78,0.043735,50,0.603700,-1.000000,-1.000000,-1.000000,-1.000000,-1.000000,0,-1.000000,0,-1.000000,-1.000000,-1.000000
79,0.044885,50,0.626700,-1.000000,-1.000000,-1.000000,-1.000000,-1.000000,0,-1.000000,0,-1.000000,-1.000000,-1.000000
80,0.040368,50,0.583400,99.620000,60.545000,0.038968,0.965650,61.593227,21,66.666667,38605,0.615905,62.430000,1.521334
81,0.040940,50,0.615900,-1.000000,-1.000000,-1.000000,-1.000000,-1.000000,0,-1.000000,0,-1.000000,-1.000000,-1.000000
82,0.037618,50,0.609900,-1.000000,-1.000000,-1.000000,-1.000000,-1.000000,0,-1.000000,0,-1.000000,-1.000000,-1.000000
83,0.037708,50,0.583400,-1.000000,-1.000000,-1.000000,-1.000000,-1.000000,0,-1.000000,0,-1.000000,-1.000000,-1.000000
84,0.034389,50,0.587750,-1.000000,-1.000000,-1.000000,-1.000000,-1.000000,0,-1.000000,0,-1.000000,-1.000000,-1.000000
85,0.034698,50,0.612200,99.677500,60.517500,0.033492,0.972075,61.402155,16,43.750000,38867,0.614094,62.630000,1.551455
86,0.035730,50,0.582450,-1.000000,-1.000000,-1.000000,-1.000000,-1.000000,0,-1.000000,0,-1.000000,-1.000000,-1.000000
87,0.033912,50,0.637350,-1.000000,-1.000000,-1.000000,-1.000000,-1.000000,0,-1.000000,0,-1.000000,-1.000000,-1.000000
88,0.033942,50,0.588300,-1.000000,-1.000000,-1.000000,-1.000000,-1.000000,0,-1.000000,0,-1.000000,-1.000000,-1.000000
89,0.032278,50,0.608600,-1.000000,-1.000000,-1.000000,-1.000000,-1.000000,0,-1.000000,0,-1.000000,-1.000000,-1.000000
90,0.028815,50,0.627600,99.737500,60.470000,0.028356,0.977600,61.221358,12,33.333333,39092,0.612299,62.390000,1.564398
91,0.030120,50,0.606700,-1.000000,-1.000000,-1.000000,-1.000000,-1.000000,0,-1.000000,0,-1.000000,-1.000000,-1.000000
92,0.031801,50,0.560700,-1.000000,-1.000000,-1.000000,-1.000000,-1.000000,0,-1.000000,0,-1.000000,-1.000000,-1.000000
93,0.026480,50,0.637550,-1.000000,-1.000000,-1.000000,-1.000000,-1.000000,0,-1.000000,0,-1.000000,-1.000000,-1.000000
94,0.029349,50,0.565400,-1.000000,-1.000000,-1.000000,-1.000000,-1.000000,0,-1.000000,0,-1.000000,-1.000000,-1.000000
95,0.024124,50,0.650000,99.825000,60.490000,0.023681,0.983025,61.000483,9,44.444444,39312,0.610043,62.270000,1.586815
96,0.025478,50,0.581750,-1.000000,-1.000000,-1.000000,-1.000000,-1.000000,0,-1.000000,0,-1.000000,-1.000000,-1.000000
97,0.026440,50,0.559000,-1.000000,-1.000000,-1.000000,-1.000000,-1.000000,0,-1.000000,0,-1.000000,-1.000000,-1.000000
98,0.023219,50,0.611750,-1.000000,-1.000000,-1.000000,-1.000000,-1.000000,0,-1.000000,0,-1.000000,-1.000000,-1.000000
99,0.022122,50,0.593700,-1.000000,-1.000000,-1.000000,-1.000000,-1.000000,0,-1.000000,0,-1.000000,-1.000000,-1.000000
100,0.021409,50,0.621600,99.862500,60.492500,0.020072,0.986850,60.893246,8,25.000000,39466,0.609005,62.740000,1.589167
101,0.021286,50,0.619050,-1.000000,-1.000000,-1.000000,-1.000000,-1.000000,0,-1.000000,0,-1.000000,-1.000000,-1.000000
102,0.021422,50,0.605500,-1.000000,-1.000000,-1.000000,-1.000000,-1.000000,0,-1.000000,0,-1.000000,-1.000000,-1.000000
103,0.021165,50,0.601800,-1.000000,-1.000000,-1.000000,-1.000000,-1.000000,0,-1.000000,0,-1.000000,-1.000000,-1.000000
104,0.019864,50,0.586700,-1.000000,-1.000000,-1.000000,-1.000000,-1.000000,0,-1.000000,0,-1.000000,-1.000000,-1.000000
105,0.019585,50,0.623800,99.867500,60.490000,0.018243,0.988975,60.823074,7,28.571429,39552,0.608288,62.730000,1.605153
106,0.017918,50,0.621000,-1.000000,-1.000000,-1.000000,-1.000000,-1.000000,0,-1.000000,0,-1.000000,-1.000000,-1.000000
107,0.022177,50,0.585200,-1.000000,-1.000000,-1.000000,-1.000000,-1.000000,0,-1.000000,0,-1.000000,-1.000000,-1.000000
108,0.017776,50,0.599100,-1.000000,-1.000000,-1.000000,-1.000000,-1.000000,0,-1.000000,0,-1.000000,-1.000000,-1.000000
109,0.019112,50,0.604100,-1.000000,-1.000000,-1.000000,-1.000000,-1.000000,0,-1.000000,0,-1.000000,-1.000000,-1.000000
110,0.018409,50,0.589150,99.902500,60.477500,0.016260,0.990075,60.752973,3,0.000000,39600,0.607576,63.260000,1.591555
111,0.016391,50,0.581400,-1.000000,-1.000000,-1.000000,-1.000000,-1.000000,0,-1.000000,0,-1.000000,-1.000000,-1.000000
112,0.015792,50,0.615400,-1.000000,-1.000000,-1.000000,-1.000000,-1.000000,0,-1.000000,0,-1.000000,-1.000000,-1.000000
113,0.018324,50,0.557150,-1.000000,-1.000000,-1.000000,-1.000000,-1.000000,0,-1.000000,0,-1.000000,-1.000000,-1.000000
114,0.017935,50,0.604250,-1.000000,-1.000000,-1.000000,-1.000000,-1.000000,0,-1.000000,0,-1.000000,-1.000000,-1.000000
115,0.016245,50,0.623250,99.895000,60.475000,0.016073,0.990875,60.756907,12,16.666667,39623,0.607703,63.290000,1.615211
116,0.018359,50,0.548000,-1.000000,-1.000000,-1.000000,-1.000000,-1.000000,0,-1.000000,0,-1.000000,-1.000000,-1.000000
117,0.015562,50,0.602250,-1.000000,-1.000000,-1.000000,-1.000000,-1.000000,0,-1.000000,0,-1.000000,-1.000000,-1.000000
118,0.015932,50,0.581200,-1.000000,-1.000000,-1.000000,-1.000000,-1.000000,0,-1.000000,0,-1.000000,-1.000000,-1.000000
119,0.013488,50,0.619500,-1.000000,-1.000000,-1.000000,-1.000000,-1.000000,0,-1.000000,0,-1.000000,-1.000000,-1.000000
120,0.013416,50,0.585300,99.910000,60.475000,0.014465,0.992375,60.687744,7,0.000000,39688,0.606984,62.920000,1.648196
121,0.016201,50,0.615400,-1.000000,-1.000000,-1.000000,-1.000000,-1.000000,0,-1.000000,0,-1.000000,-1.000000,-1.000000
122,0.013931,50,0.630250,-1.000000,-1.000000,-1.000000,-1.000000,-1.000000,0,-1.000000,0,-1.000000,-1.000000,-1.000000
123,0.014686,50,0.615850,-1.000000,-1.000000,-1.000000,-1.000000,-1.000000,0,-1.000000,0,-1.000000,-1.000000,-1.000000
124,0.014311,50,0.560650,-1.000000,-1.000000,-1.000000,-1.000000,-1.000000,0,-1.000000,0,-1.000000,-1.000000,-1.000000
125,0.013142,50,0.583100,99.952500,60.512500,0.011706,0.994425,60.668225,2,0.000000,39775,0.606713,62.500000,1.655816
126,0.011790,50,0.590450,-1.000000,-1.000000,-1.000000,-1.000000,-1.000000,0,-1.000000,0,-1.000000,-1.000000,-1.000000
127,0.012339,50,0.580800,-1.000000,-1.000000,-1.000000,-1.000000,-1.000000,0,-1.000000,0,-1.000000,-1.000000,-1.000000
128,0.012148,50,0.610350,-1.000000,-1.000000,-1.000000,-1.000000,-1.000000,0,-1.000000,0,-1.000000,-1.000000,-1.000000
129,0.013195,50,0.589900,-1.000000,-1.000000,-1.000000,-1.000000,-1.000000,0,-1.000000,0,-1.000000,-1.000000,-1.000000
130,0.012129,50,0.576750,99.940000,60.492500,0.011461,0.994725,60.609716,7,42.857143,39782,0.606128,63.220000,1.661819
131,0.011254,50,0.580200,-1.000000,-1.000000,-1.000000,-1.000000,-1.000000,0,-1.000000,0,-1.000000,-1.000000,-1.000000
132,0.012089,50,0.608950,-1.000000,-1.000000,-1.000000,-1.000000,-1.000000,0,-1.000000,0,-1.000000,-1.000000,-1.000000
133,0.012059,50,0.590200,-1.000000,-1.000000,-1.000000,-1.000000,-1.000000,0,-1.000000,0,-1.000000,-1.000000,-1.000000
134,0.011978,50,0.589550,-1.000000,-1.000000,-1.000000,-1.000000,-1.000000,0,-1.000000,0,-1.000000,-1.000000,-1.000000
135,0.011246,50,0.595500,99.897500,60.445000,0.011196,0.995025,60.573855,8,12.500000,39793,0.605835,63.050000,1.672679
136,0.011927,50,0.598900,-1.000000,-1.000000,-1.000000,-1.000000,-1.000000,0,-1.000000,0,-1.000000,-1.000000,-1.000000
137,0.010440,50,0.613500,-1.000000,-1.000000,-1.000000,-1.000000,-1.000000,0,-1.000000,0,-1.000000,-1.000000,-1.000000
138,0.010481,50,0.593950,-1.000000,-1.000000,-1.000000,-1.000000,-1.000000,0,-1.000000,0,-1.000000,-1.000000,-1.000000
139,0.010052,50,0.599250,-1.000000,-1.000000,-1.000000,-1.000000,-1.000000,0,-1.000000,0,-1.000000,-1.000000,-1.000000
140,0.009057,50,0.596000,99.940000,60.482500,0.009903,0.995975,60.568789,7,14.285714,39832,0.605769,62.330000,1.698066
141,0.009060,50,0.616750,-1.000000,-1.000000,-1.000000,-1.000000,-1.000000,0,-1.000000,0,-1.000000,-1.000000,-1.000000
142,0.009427,50,0.566100,-1.000000,-1.000000,-1.000000,-1.000000,-1.000000,0,-1.000000,0,-1.000000,-1.000000,-1.000000
143,0.010282,50,0.584200,-1.000000,-1.000000,-1.000000,-1.000000,-1.000000,0,-1.000000,0,-1.000000,-1.000000,-1.000000
144,0.009762,50,0.618100,-1.000000,-1.000000,-1.000000,-1.000000,-1.000000,0,-1.000000,0,-1.000000,-1.000000,-1.000000
145,0.009189,50,0.619450,99.957500,60.507500,0.008763,0.996375,60.614728,3,33.333333,39852,0.606168,62.960000,1.652876
146,0.009588,50,0.621900,-1.000000,-1.000000,-1.000000,-1.000000,-1.000000,0,-1.000000,0,-1.000000,-1.000000,-1.000000
147,0.010076,50,0.571450,-1.000000,-1.000000,-1.000000,-1.000000,-1.000000,0,-1.000000,0,-1.000000,-1.000000,-1.000000
148,0.009365,50,0.601750,-1.000000,-1.000000,-1.000000,-1.000000,-1.000000,0,-1.000000,0,-1.000000,-1.000000,-1.000000
149,0.009173,50,0.625400,-1.000000,-1.000000,-1.000000,-1.000000,-1.000000,0,-1.000000,0,-1.000000,-1.000000,-1.000000
150,0.008744,50,0.603250,99.945000,60.507500,0.008510,0.996900,60.605377,6,50.000000,39870,0.606070,63.120000,1.676533
151,0.008081,50,0.591550,-1.000000,-1.000000,-1.000000,-1.000000,-1.000000,0,-1.000000,0,-1.000000,-1.000000,-1.000000
152,0.008568,50,0.623750,-1.000000,-1.000000,-1.000000,-1.000000,-1.000000,0,-1.000000,0,-1.000000,-1.000000,-1.000000
153,0.007875,50,0.637300,-1.000000,-1.000000,-1.000000,-1.000000,-1.000000,0,-1.000000,0,-1.000000,-1.000000,-1.000000
154,0.008867,50,0.604000,-1.000000,-1.000000,-1.000000,-1.000000,-1.000000,0,-1.000000,0,-1.000000,-1.000000,-1.000000
155,0.010551,50,0.638450,99.920000,60.502500,0.009063,0.996700,60.599980,12,33.333333,39856,0.606082,63.000000,1.700600
156,0.008615,50,0.559000,-1.000000,-1.000000,-1.000000,-1.000000,-1.000000,0,-1.000000,0,-1.000000,-1.000000,-1.000000
157,0.008265,50,0.608700,-1.000000,-1.000000,-1.000000,-1.000000,-1.000000,0,-1.000000,0,-1.000000,-1.000000,-1.000000
158,0.007784,50,0.601150,-1.000000,-1.000000,-1.000000,-1.000000,-1.000000,0,-1.000000,0,-1.000000,-1.000000,-1.000000
159,0.007673,50,0.615050,-1.000000,-1.000000,-1.000000,-1.000000,-1.000000,0,-1.000000,0,-1.000000,-1.000000,-1.000000
160,0.007183,50,0.617800,99.977500,60.495000,0.007297,0.997175,60.551057,1,0.000000,39886,0.605526,63.300000,1.698729
161,0.007463,50,0.568700,-1.000000,-1.000000,-1.000000,-1.000000,-1.000000,0,-1.000000,0,-1.000000,-1.000000,-1.000000
162,0.007245,50,0.595850,-1.000000,-1.000000,-1.000000,-1.000000,-1.000000,0,-1.000000,0,-1.000000,-1.000000,-1.000000
163,0.006810,50,0.597200,-1.000000,-1.000000,-1.000000,-1.000000,-1.000000,0,-1.000000,0,-1.000000,-1.000000,-1.000000
164,0.006849,50,0.597400,-1.000000,-1.000000,-1.000000,-1.000000,-1.000000,0,-1.000000,0,-1.000000,-1.000000,-1.000000
165,0.008447,50,0.595300,99.967500,60.505000,0.006750,0.997975,60.552619,3,0.000000,39916,0.605572,63.120000,1.722197
166,0.007316,50,0.570500,-1.000000,-1.000000,-1.000000,-1.000000,-1.000000,0,-1.000000,0,-1.000000,-1.000000,-1.000000
167,0.006931,50,0.597500,-1.000000,-1.000000,-1.000000,-1.000000,-1.000000,0,-1.000000,0,-1.000000,-1.000000,-1.000000
168,0.006063,50,0.636900,-1.000000,-1.000000,-1.000000,-1.000000,-1.000000,0,-1.000000,0,-1.000000,-1.000000,-1.000000
169,0.006390,50,0.604100,-1.000000,-1.000000,-1.000000,-1.000000,-1.000000,0,-1.000000,0,-1.000000,-1.000000,-1.000000
170,0.006316,50,0.632900,99.947500,60.465000,0.006985,0.997700,60.531723,4,0.000000,39904,0.605378,62.990000,1.714568
171,0.006250,50,0.585150,-1.000000,-1.000000,-1.000000,-1.000000,-1.000000,0,-1.000000,0,-1.000000,-1.000000,-1.000000
172,0.006125,50,0.596100,-1.000000,-1.000000,-1.000000,-1.000000,-1.000000,0,-1.000000,0,-1.000000,-1.000000,-1.000000
173,0.006559,50,0.592200,-1.000000,-1.000000,-1.000000,-1.000000,-1.000000,0,-1.000000,0,-1.000000,-1.000000,-1.000000
174,0.005261,50,0.646850,-1.000000,-1.000000,-1.000000,-1.000000,-1.000000,0,-1.000000,0,-1.000000,-1.000000,-1.000000
175,0.005669,50,0.644400,99.980000,60.497500,0.005845,0.998275,60.536926,1,100.000000,39930,0.605359,63.060000,1.730036
176,0.006145,50,0.617850,-1.000000,-1.000000,-1.000000,-1.000000,-1.000000,0,-1.000000,0,-1.000000,-1.000000,-1.000000
177,0.006358,50,0.650150,-1.000000,-1.000000,-1.000000,-1.000000,-1.000000,0,-1.000000,0,-1.000000,-1.000000,-1.000000
178,0.005965,50,0.623750,-1.000000,-1.000000,-1.000000,-1.000000,-1.000000,0,-1.000000,0,-1.000000,-1.000000,-1.000000
179,0.005710,50,0.585400,-1.000000,-1.000000,-1.000000,-1.000000,-1.000000,0,-1.000000,0,-1.000000,-1.000000,-1.000000
180,0.006037,50,0.618700,99.937500,60.482500,0.006651,0.997750,60.548735,4,50.000000,39906,0.605498,63.080000,1.738229
181,0.007997,50,0.601800,-1.000000,-1.000000,-1.000000,-1.000000,-1.000000,0,-1.000000,0,-1.000000,-1.000000,-1.000000
182,0.007513,50,0.608400,-1.000000,-1.000000,-1.000000,-1.000000,-1.000000,0,-1.000000,0,-1.000000,-1.000000,-1.000000
183,0.006286,50,0.608000,-1.000000,-1.000000,-1.000000,-1.000000,-1.000000,0,-1.000000,0,-1.000000,-1.000000,-1.000000
184,0.006448,50,0.600800,-1.000000,-1.000000,-1.000000,-1.000000,-1.000000,0,-1.000000,0,-1.000000,-1.000000,-1.000000
185,0.005914,50,0.600400,99.990000,60.497500,0.005416,0.998300,60.545427,1,0.000000,39931,0.605469,62.770000,1.725175
186,0.005955,50,0.622200,-1.000000,-1.000000,-1.000000,-1.000000,-1.000000,0,-1.000000,0,-1.000000,-1.000000,-1.000000
187,0.005344,50,0.603000,-1.000000,-1.000000,-1.000000,-1.000000,-1.000000,0,-1.000000,0,-1.000000,-1.000000,-1.000000
188,0.005158,50,0.586150,-1.000000,-1.000000,-1.000000,-1.000000,-1.000000,0,-1.000000,0,-1.000000,-1.000000,-1.000000
189,0.005072,50,0.645200,-1.000000,-1.000000,-1.000000,-1.000000,-1.000000,0,-1.000000,0,-1.000000,-1.000000,-1.000000
190,0.005028,50,0.620950,99.992500,60.497500,0.004880,0.998925,60.525064,1,0.000000,39956,0.605266,63.530000,1.758759
191,0.005337,50,0.587900,-1.000000,-1.000000,-1.000000,-1.000000,-1.000000,0,-1.000000,0,-1.000000,-1.000000,-1.000000
192,0.004804,50,0.629200,-1.000000,-1.000000,-1.000000,-1.000000,-1.000000,0,-1.000000,0,-1.000000,-1.000000,-1.000000
193,0.005486,50,0.595300,-1.000000,-1.000000,-1.000000,-1.000000,-1.000000,0,-1.000000,0,-1.000000,-1.000000,-1.000000
194,0.005766,50,0.572500,-1.000000,-1.000000,-1.000000,-1.000000,-1.000000,0,-1.000000,0,-1.000000,-1.000000,-1.000000
195,0.004879,50,0.618800,99.975000,60.497500,0.005002,0.998875,60.513077,3,33.333333,39952,0.605151,62.610000,1.770823
196,0.004600,50,0.625700,-1.000000,-1.000000,-1.000000,-1.000000,-1.000000,0,-1.000000,0,-1.000000,-1.000000,-1.000000
197,0.004973,50,0.603600,-1.000000,-1.000000,-1.000000,-1.000000,-1.000000,0,-1.000000,0,-1.000000,-1.000000,-1.000000
198,0.005368,50,0.629200,-1.000000,-1.000000,-1.000000,-1.000000,-1.000000,0,-1.000000,0,-1.000000,-1.000000,-1.000000
199,0.005302,50,0.602050,99.957500,60.482500,0.005514,0.998675,60.502666,8,12.500000,39939,0.605123,63.340000,1.753631
