Experiment Start: 20260616-230210
Args: Namespace(method='default', epochs=500, num_users=100, frac=0.1, local_ep=5, local_bs=50, bs=128, lr=0.01, momentum=0.5, split='user', schedule=[], lr_decay=0.1, weight_decay=0, partition='shard', dd_alpha=0.5, num_shards=200, fed_method='fedavg', model='cnn4conv', dataset='cifar10', iid=False, num_classes=10, num_channels=3, gpu=0, verbose=False, seed=1, all_clients=False, num_workers=4, noise_type_lst=['symmetric'], noise_group_num=[100], group_noise_rate=[0.4], warmup_epochs=100, queue_size=15, forget_rate=0.2, uncertainty_threshold=0.05, alpha=1.2, beta=0.8, labeling='soft', mm_alpha=4, lambda_u=25, T=0.5, p_threshold=0.5, num_neighbors=2, w_alpha=0.5, device=device(type='cuda', index=0), send_2_models=False)
================================================================================

round,train_acc,train_loss,test_acc,test_loss,local_update_loss,time_sec
0,13.050000,2.330672,15.440000,2.291738,1.720317,6.74
1,13.546000,2.301554,17.410000,2.241925,1.716604,12.63
2,14.834000,2.298867,16.620000,2.244728,1.706598,18.73
3,16.722000,2.271833,21.680000,2.189633,1.674723,26.61
4,17.690000,2.289713,24.100000,2.217128,1.701951,33.30
5,16.690000,2.269282,22.740000,2.176764,1.693121,39.94
6,17.804000,2.246268,25.130000,2.134592,1.667784,46.96
7,18.412000,2.250033,24.720000,2.125491,1.650354,53.54
8,18.974000,2.227200,26.800000,2.104967,1.676399,60.61
9,17.236000,2.224363,20.680000,2.118910,1.647260,67.13
10,16.302000,2.273456,21.570000,2.147796,1.664912,74.17
11,17.488000,2.232085,23.990000,2.104736,1.668906,80.72
12,18.522000,2.212459,24.580000,2.087589,1.670125,87.83
13,18.004000,2.219325,21.890000,2.099820,1.646349,94.39
14,19.224000,2.215173,26.290000,2.078103,1.653122,101.10
15,16.228000,2.235573,21.190000,2.114249,1.667564,108.15
16,19.466000,2.213395,26.730000,2.098135,1.640782,115.29
17,19.688000,2.198903,26.050000,2.052816,1.646129,122.42
18,20.036000,2.213397,28.320000,2.067757,1.637504,129.05
19,17.928000,2.206699,23.530000,2.086596,1.650850,136.18
20,19.398000,2.213745,26.840000,2.101296,1.653856,142.80
21,20.638000,2.209734,27.220000,2.088573,1.629248,149.85
22,18.738000,2.220082,23.750000,2.089133,1.625280,156.44
23,19.054000,2.213413,24.780000,2.095530,1.624587,163.51
24,20.310000,2.187182,27.850000,2.038648,1.616893,170.10
25,18.614000,2.218583,24.460000,2.097112,1.622365,177.35
26,20.512000,2.213242,28.270000,2.077172,1.656457,184.02
27,18.614000,2.207603,25.510000,2.070094,1.630125,190.64
28,22.000000,2.185533,29.970000,2.025681,1.616394,197.81
29,21.888000,2.192411,30.270000,2.046973,1.604450,204.47
30,20.016000,2.202078,24.600000,2.077315,1.622996,211.63
31,20.714000,2.189144,26.320000,2.052654,1.627975,218.27
32,20.652000,2.189523,27.900000,2.059393,1.635682,225.32
33,18.316000,2.225900,24.080000,2.113969,1.645931,231.90
34,20.354000,2.193560,26.900000,2.054431,1.593640,238.89
35,20.222000,2.215359,26.670000,2.077202,1.613369,245.42
36,20.684000,2.208452,28.350000,2.074311,1.596394,252.68
37,21.292000,2.182308,28.660000,2.026485,1.610004,259.32
38,22.044000,2.175050,29.100000,2.026042,1.603712,266.26
39,20.668000,2.192620,27.320000,2.057062,1.621235,273.23
40,21.292000,2.175440,27.950000,2.030535,1.609573,279.83
41,22.020000,2.172139,30.360000,2.007449,1.613076,286.77
42,22.028000,2.182604,30.690000,2.033308,1.580279,293.36
43,20.834000,2.191075,29.060000,2.038146,1.603055,300.47
44,22.502000,2.162018,30.630000,1.998121,1.599671,307.24
45,20.308000,2.184281,26.820000,2.038234,1.585719,314.29
46,20.142000,2.203700,23.830000,2.075960,1.578032,320.79
47,20.830000,2.187408,26.940000,2.048992,1.608888,327.90
48,20.996000,2.191522,26.160000,2.069513,1.578996,334.49
49,19.612000,2.225148,26.030000,2.098475,1.619169,341.17
50,20.104000,2.201766,26.410000,2.074920,1.588826,348.19
51,21.310000,2.196727,25.960000,2.092134,1.605141,354.76
52,22.060000,2.175421,29.160000,2.050763,1.580699,361.83
53,23.838000,2.152827,31.930000,2.006784,1.562606,368.41
54,19.328000,2.201494,24.930000,2.056491,1.538949,375.58
55,22.798000,2.159697,31.050000,2.002050,1.554432,382.21
56,21.194000,2.172348,24.330000,2.042716,1.569279,389.31
57,21.752000,2.177006,27.740000,2.045583,1.552953,395.91
58,21.488000,2.185619,27.580000,2.054700,1.588809,402.89
59,21.980000,2.178852,28.970000,2.017237,1.602016,409.44
60,22.248000,2.175890,28.330000,2.037928,1.567438,416.07
61,22.562000,2.177582,30.320000,2.039360,1.551664,423.09
62,21.294000,2.183651,25.300000,2.077792,1.538315,429.62
63,21.950000,2.162775,28.120000,2.011346,1.561710,436.76
64,21.840000,2.163710,25.610000,2.019495,1.577681,443.41
65,22.258000,2.174169,28.890000,2.026417,1.579921,450.43
66,22.966000,2.165088,30.620000,2.010859,1.552073,457.09
67,23.114000,2.150179,27.960000,2.010405,1.539268,464.15
68,23.078000,2.155896,28.340000,2.022793,1.557276,470.79
69,21.068000,2.195263,27.550000,2.057589,1.560742,477.93
70,21.880000,2.164326,29.620000,2.020958,1.557983,484.56
71,21.736000,2.173470,27.750000,2.034343,1.566787,490.97
72,19.862000,2.198381,26.330000,2.066110,1.556858,498.05
73,23.026000,2.168349,28.580000,2.052034,1.531053,504.58
74,21.530000,2.160083,25.860000,2.042808,1.516492,511.56
75,23.182000,2.158733,29.440000,2.038993,1.546869,518.27
76,24.088000,2.143919,31.410000,2.007080,1.569491,525.34
77,21.992000,2.192636,27.830000,2.065554,1.535883,531.93
78,21.610000,2.173224,27.860000,2.034215,1.541872,538.96
79,23.158000,2.173037,28.770000,2.051002,1.521871,545.57
80,23.528000,2.166117,30.130000,2.031589,1.542231,552.74
81,23.726000,2.163960,31.160000,2.021901,1.537905,559.41
82,23.110000,2.154432,29.450000,2.024910,1.539571,566.09
83,21.968000,2.187951,27.480000,2.077497,1.533225,573.17
84,22.734000,2.180685,29.740000,2.048493,1.522311,579.83
85,21.210000,2.185273,25.710000,2.080099,1.506289,586.97
86,22.188000,2.155457,28.210000,2.020772,1.500503,593.61
87,20.488000,2.188811,24.920000,2.086320,1.526876,600.67
88,21.648000,2.185585,26.170000,2.051835,1.503240,607.37
89,21.396000,2.176875,25.770000,2.071096,1.542611,614.54
90,21.864000,2.199657,26.860000,2.101899,1.496039,621.16
91,20.684000,2.197931,24.200000,2.107142,1.489291,628.11
92,19.548000,2.227795,20.940000,2.162023,1.511331,634.70
93,20.210000,2.213267,23.450000,2.131108,1.536786,641.48
94,22.348000,2.161964,27.070000,2.052276,1.531300,648.22
95,22.106000,2.188908,27.650000,2.065216,1.494058,654.81
96,21.790000,2.199814,26.240000,2.102152,1.511255,661.84
97,20.484000,2.205978,24.580000,2.121535,1.503209,668.56
98,21.528000,2.172596,25.400000,2.068246,1.524816,675.63
99,21.100000,2.187393,25.290000,2.083628,1.477458,682.32
100,22.210000,2.167330,25.520000,2.070830,1.507019,689.47
101,21.232000,2.186095,25.680000,2.083254,1.506946,696.08
102,22.442000,2.162119,27.460000,2.041740,1.527592,703.12
103,21.854000,2.161998,26.190000,2.051584,1.500389,709.80
104,23.434000,2.166039,29.030000,2.043104,1.494249,716.84
105,21.698000,2.197164,27.130000,2.085725,1.519348,723.60
106,22.152000,2.166861,25.790000,2.066815,1.505491,730.20
107,21.406000,2.177836,26.150000,2.074285,1.469956,737.33
108,21.976000,2.192571,26.410000,2.106347,1.458136,743.99
109,21.688000,2.156229,25.380000,2.049561,1.493210,751.05
110,21.982000,2.165025,26.210000,2.074382,1.505073,757.80
111,21.852000,2.210949,25.820000,2.131798,1.488215,764.92
112,21.546000,2.191730,26.640000,2.084957,1.492742,771.65
113,21.734000,2.174564,24.500000,2.081578,1.476006,778.72
114,20.596000,2.188670,24.380000,2.103590,1.461422,785.38
115,21.030000,2.199698,23.680000,2.133951,1.484811,792.60
116,22.788000,2.180033,26.860000,2.083762,1.508578,799.34
117,21.362000,2.180801,26.620000,2.061616,1.484880,806.05
118,22.034000,2.164731,25.710000,2.055786,1.480799,813.19
119,23.234000,2.150911,28.260000,2.002401,1.443028,819.85
120,23.030000,2.143652,27.570000,2.012914,1.485767,827.03
121,20.108000,2.225028,23.220000,2.151001,1.479063,833.74
122,20.706000,2.181903,23.120000,2.083436,1.454721,840.85
123,21.926000,2.162302,26.010000,2.050745,1.486517,847.54
124,21.830000,2.159805,27.590000,2.037581,1.509644,854.65
125,22.980000,2.155397,27.070000,2.051286,1.482849,861.33
126,22.306000,2.173619,26.280000,2.071034,1.450430,868.40
127,21.234000,2.179060,25.760000,2.047316,1.458559,874.99
128,23.342000,2.157308,28.800000,2.036949,1.478900,882.18
129,22.510000,2.179839,28.540000,2.045871,1.457213,888.93
130,22.268000,2.171891,26.930000,2.050421,1.515328,895.60
131,21.802000,2.173479,25.350000,2.087530,1.484718,902.78
132,23.516000,2.152662,27.090000,2.046172,1.450470,909.43
133,22.486000,2.158316,26.340000,2.068972,1.461973,916.61
134,23.220000,2.162133,28.110000,2.057884,1.479953,923.30
135,22.206000,2.178562,25.820000,2.083099,1.447371,930.54
136,21.268000,2.197219,23.990000,2.127791,1.467432,937.91
137,21.832000,2.194366,24.890000,2.128424,1.443246,944.75
138,21.808000,2.182870,26.030000,2.095468,1.469012,951.65
139,20.918000,2.193164,22.820000,2.121268,1.466071,958.43
140,19.826000,2.222266,22.670000,2.147635,1.467670,965.15
141,21.778000,2.182547,26.060000,2.083534,1.484956,971.93
142,21.538000,2.175750,25.060000,2.080933,1.449293,978.68
143,22.532000,2.175881,27.350000,2.047634,1.459118,985.50
144,23.354000,2.144765,27.070000,2.034879,1.469302,992.24
145,23.828000,2.129578,27.980000,2.004585,1.435409,999.10
146,22.392000,2.162176,25.430000,2.061126,1.433049,1005.82
147,21.630000,2.184502,24.440000,2.096235,1.454433,1012.52
148,21.618000,2.161652,24.770000,2.065174,1.449314,1019.26
149,20.616000,2.238877,24.170000,2.155314,1.477982,1025.94
150,21.238000,2.195895,23.300000,2.139081,1.462160,1032.62
151,22.082000,2.177459,24.050000,2.100531,1.419257,1039.33
152,21.570000,2.192133,24.640000,2.119670,1.444362,1046.05
153,23.212000,2.161732,27.590000,2.051429,1.422914,1052.71
154,22.458000,2.179039,26.550000,2.077265,1.404946,1059.37
155,22.134000,2.179487,26.340000,2.065057,1.395984,1065.94
156,22.086000,2.181922,25.430000,2.087901,1.407560,1072.64
157,21.168000,2.203014,24.810000,2.095899,1.441890,1079.38
158,21.312000,2.198332,24.590000,2.119540,1.436046,1086.04
159,21.772000,2.165122,23.890000,2.080693,1.408722,1092.75
160,21.268000,2.204154,23.580000,2.129154,1.400104,1099.43
161,21.300000,2.197753,23.320000,2.143414,1.401798,1106.14
162,22.792000,2.209166,26.990000,2.105208,1.404232,1112.83
163,21.902000,2.198716,24.590000,2.129815,1.401526,1119.59
164,22.302000,2.186366,25.530000,2.099984,1.371607,1126.27
165,23.404000,2.154959,26.250000,2.052838,1.391512,1133.54
166,22.788000,2.172159,24.990000,2.091576,1.434292,1140.15
167,22.638000,2.152969,24.600000,2.077959,1.409213,1146.77
168,22.154000,2.197709,24.500000,2.147409,1.442222,1153.34
169,19.754000,2.220380,20.880000,2.199522,1.416268,1160.07
170,21.164000,2.201806,23.250000,2.130418,1.389959,1166.70
171,21.656000,2.177097,24.120000,2.107005,1.423733,1173.38
172,21.898000,2.187151,24.420000,2.120224,1.435446,1180.02
173,23.462000,2.144846,26.190000,2.047333,1.401882,1186.66
174,23.224000,2.155809,25.500000,2.075494,1.390987,1193.26
175,22.634000,2.180138,24.700000,2.106492,1.388776,1199.90
176,20.396000,2.263843,22.870000,2.171238,1.359644,1206.51
177,23.272000,2.143491,25.320000,2.063582,1.427778,1213.18
178,22.252000,2.173557,23.970000,2.106134,1.396274,1219.92
179,22.158000,2.169892,24.330000,2.097875,1.398639,1226.65
180,22.256000,2.168209,23.990000,2.097921,1.367678,1233.33
181,22.060000,2.175878,23.600000,2.096245,1.379851,1240.05
182,20.452000,2.229880,22.430000,2.193360,1.392473,1246.75
183,21.446000,2.215608,23.520000,2.160115,1.383073,1253.52
184,21.906000,2.189055,24.610000,2.125917,1.388314,1260.11
185,22.110000,2.179138,24.330000,2.115940,1.425548,1266.72
186,21.480000,2.211759,23.950000,2.127651,1.382602,1273.35
187,21.576000,2.177824,22.600000,2.105191,1.395778,1279.99
188,22.450000,2.175758,24.360000,2.098451,1.387673,1286.65
189,22.650000,2.182479,24.180000,2.126032,1.382379,1293.43
190,22.084000,2.180651,24.250000,2.115448,1.387922,1300.04
191,22.462000,2.182701,23.740000,2.123944,1.380784,1306.71
192,23.228000,2.140339,25.700000,2.032725,1.373152,1313.44
193,22.412000,2.166353,24.250000,2.082216,1.399345,1320.16
194,22.548000,2.162256,25.260000,2.064610,1.370010,1326.88
195,20.972000,2.229551,24.330000,2.172796,1.365376,1333.57
196,22.104000,2.181179,23.550000,2.136026,1.370833,1340.24
197,23.592000,2.160716,26.880000,2.078250,1.351555,1346.91
198,21.602000,2.211787,23.530000,2.162657,1.395700,1353.56
199,22.660000,2.161078,24.430000,2.071758,1.367206,1360.26
200,20.906000,2.203448,22.050000,2.179559,1.417617,1366.99
201,21.032000,2.211918,22.510000,2.168887,1.381542,1373.68
202,21.140000,2.180913,22.580000,2.127240,1.410388,1380.46
203,20.430000,2.208943,21.000000,2.189317,1.363823,1387.12
204,20.008000,2.242223,21.040000,2.214533,1.403200,1393.82
205,18.346000,2.279699,17.900000,2.289024,1.389020,1400.50
206,21.054000,2.218909,23.310000,2.178679,1.388116,1407.02
207,20.390000,2.216260,21.080000,2.183325,1.360151,1413.69
208,21.292000,2.209793,23.110000,2.177467,1.365981,1420.43
209,21.324000,2.221236,22.920000,2.179780,1.374583,1427.07
210,20.918000,2.214042,22.510000,2.175265,1.382437,1433.71
211,22.384000,2.170137,24.540000,2.087780,1.341516,1440.44
212,20.494000,2.198041,22.200000,2.135842,1.369655,1447.07
213,22.054000,2.184789,24.300000,2.117952,1.369067,1453.90
214,21.242000,2.219584,22.670000,2.176626,1.354254,1460.66
215,22.112000,2.193736,24.620000,2.129931,1.402037,1467.37
216,22.322000,2.199323,24.760000,2.136550,1.351521,1474.10
217,22.198000,2.189257,24.380000,2.118105,1.354966,1481.15
218,22.760000,2.159938,25.130000,2.080605,1.346606,1488.17
219,22.604000,2.172059,25.650000,2.085686,1.343337,1495.28
220,23.058000,2.157043,25.220000,2.072137,1.328554,1502.09
221,21.690000,2.181192,23.310000,2.126715,1.366056,1508.92
222,21.180000,2.194648,21.660000,2.160230,1.319623,1516.26
223,22.646000,2.207735,25.000000,2.134331,1.354181,1523.77
224,20.454000,2.235873,21.040000,2.203740,1.350210,1530.88
225,21.524000,2.241069,23.240000,2.205319,1.330905,1538.91
226,21.726000,2.211807,23.470000,2.182783,1.328280,1546.05
227,21.996000,2.200535,23.700000,2.145342,1.332016,1554.24
228,22.344000,2.185491,24.670000,2.125859,1.347289,1561.84
229,22.314000,2.175545,23.370000,2.117809,1.370557,1568.97
230,22.298000,2.189426,24.810000,2.119581,1.329372,1575.89
231,21.566000,2.204674,23.520000,2.139347,1.326505,1583.21
232,21.152000,2.199864,22.690000,2.141314,1.325356,1590.57
233,22.074000,2.180443,23.650000,2.132990,1.331078,1597.66
234,22.186000,2.202525,23.730000,2.158761,1.333044,1605.61
235,22.170000,2.175402,24.580000,2.089204,1.331438,1612.48
236,20.770000,2.234173,21.410000,2.207430,1.387866,1620.41
237,19.714000,2.263809,19.770000,2.243544,1.313599,1627.43
238,22.200000,2.231643,24.880000,2.189642,1.303070,1635.17
239,22.184000,2.195546,23.960000,2.148166,1.313037,1642.05
240,21.850000,2.191704,22.800000,2.148539,1.335020,1649.84
241,20.228000,2.223697,20.470000,2.224404,1.348877,1656.65
242,21.568000,2.197135,21.980000,2.178006,1.304585,1664.41
243,21.726000,2.204043,22.870000,2.144233,1.317327,1671.25
244,22.088000,2.173776,24.490000,2.109576,1.344326,1679.09
245,23.404000,2.176352,24.990000,2.117845,1.332697,1686.15
246,22.910000,2.165584,25.120000,2.077985,1.301950,1694.10
247,21.382000,2.240053,23.860000,2.158514,1.314862,1701.09
248,22.500000,2.166035,24.040000,2.121405,1.329852,1708.80
249,21.754000,2.190269,23.430000,2.137474,1.292846,1715.71
250,21.400000,2.210285,21.570000,2.195531,1.365127,1723.60
251,22.258000,2.178355,22.830000,2.137540,1.339834,1730.72
252,22.394000,2.180565,23.120000,2.129085,1.295258,1738.49
253,21.572000,2.195689,21.840000,2.173289,1.324286,1745.61
254,21.912000,2.179913,22.350000,2.163081,1.335841,1753.45
255,22.908000,2.194331,25.340000,2.122470,1.306971,1760.47
256,22.062000,2.225665,24.700000,2.145316,1.299260,1768.34
257,22.594000,2.166961,23.490000,2.111642,1.310276,1775.31
258,23.222000,2.149283,24.570000,2.098682,1.345201,1783.13
259,22.382000,2.194835,23.810000,2.164347,1.293926,1790.29
260,22.130000,2.196570,23.690000,2.151902,1.321726,1798.12
261,22.662000,2.186703,23.730000,2.151803,1.303814,1805.17
262,22.364000,2.173936,22.960000,2.135637,1.297891,1813.05
263,21.568000,2.199655,22.760000,2.164542,1.308976,1820.10
264,22.032000,2.186370,22.950000,2.141779,1.283268,1828.20
265,22.464000,2.182790,23.550000,2.136894,1.293541,1835.16
266,21.446000,2.223892,22.020000,2.192945,1.300227,1843.02
267,20.926000,2.226205,20.380000,2.239605,1.304830,1850.10
268,21.784000,2.220313,23.800000,2.194162,1.279288,1858.03
269,21.822000,2.247673,23.400000,2.234309,1.280845,1865.01
270,21.692000,2.215380,22.580000,2.208244,1.323584,1873.06
271,22.234000,2.182412,22.810000,2.156992,1.309848,1880.06
272,21.922000,2.194035,22.060000,2.168921,1.307735,1887.99
273,21.384000,2.204845,22.030000,2.197629,1.299161,1895.05
274,20.994000,2.233203,21.660000,2.224002,1.268614,1903.02
275,22.316000,2.221620,24.240000,2.183868,1.282905,1910.05
276,21.456000,2.248636,24.070000,2.222032,1.279015,1917.73
277,21.226000,2.232284,22.020000,2.212002,1.247739,1924.66
278,21.738000,2.198398,22.710000,2.175042,1.300933,1932.31
279,22.484000,2.203966,25.120000,2.146966,1.306717,1939.38
280,21.210000,2.244061,22.660000,2.199664,1.294021,1947.22
281,20.908000,2.234070,22.700000,2.169860,1.336362,1954.30
282,21.376000,2.207631,21.950000,2.183278,1.304232,1962.03
283,21.096000,2.209455,21.350000,2.194913,1.268952,1969.29
284,22.076000,2.212480,23.230000,2.187254,1.256779,1977.05
285,21.892000,2.193431,21.970000,2.188629,1.305484,1984.19
286,23.064000,2.184336,24.100000,2.145422,1.282017,1991.86
287,22.810000,2.173666,24.420000,2.123879,1.292594,1999.12
288,22.922000,2.185859,23.770000,2.159825,1.305424,2006.60
289,22.146000,2.197726,24.020000,2.162145,1.298970,2013.96
290,22.356000,2.179556,23.570000,2.157675,1.315520,2021.20
291,21.714000,2.203939,22.270000,2.174667,1.281936,2028.51
292,21.800000,2.201708,23.040000,2.173063,1.275732,2035.44
293,20.860000,2.229505,21.650000,2.203945,1.245089,2043.15
294,22.312000,2.215245,23.380000,2.203007,1.240743,2050.13
295,22.248000,2.188405,22.830000,2.165240,1.283172,2057.81
296,22.650000,2.172897,24.020000,2.121540,1.248290,2064.83
297,22.740000,2.177582,23.620000,2.128033,1.285124,2072.49
298,21.714000,2.211633,21.830000,2.197828,1.265846,2079.36
299,21.836000,2.199824,22.210000,2.175089,1.272957,2086.93
300,21.700000,2.199359,22.150000,2.176285,1.254687,2093.75
301,21.352000,2.251115,21.920000,2.254924,1.266872,2101.35
302,20.800000,2.244002,21.380000,2.250430,1.300061,2108.44
303,22.624000,2.188266,23.050000,2.169511,1.268069,2115.93
304,22.244000,2.213311,23.730000,2.162744,1.262861,2123.01
305,21.772000,2.196674,22.780000,2.175344,1.255253,2130.73
306,22.004000,2.235957,22.110000,2.227131,1.236910,2137.68
307,23.266000,2.192904,25.150000,2.139493,1.254067,2145.49
308,22.170000,2.204796,22.950000,2.176881,1.285966,2152.37
309,21.434000,2.222866,21.720000,2.195687,1.258361,2160.12
310,22.158000,2.217631,21.860000,2.222274,1.227031,2167.04
311,22.392000,2.182062,22.490000,2.168981,1.267240,2174.90
312,22.628000,2.220718,23.720000,2.211897,1.253121,2182.46
313,22.760000,2.260026,23.510000,2.257716,1.226865,2190.31
314,21.690000,2.242736,21.300000,2.250739,1.258789,2197.33
315,21.974000,2.215312,21.810000,2.232825,1.243708,2204.94
316,23.194000,2.175723,23.700000,2.155505,1.210340,2212.08
317,22.962000,2.186016,24.930000,2.117856,1.238424,2219.58
318,22.812000,2.191976,23.720000,2.173028,1.282214,2226.51
319,22.566000,2.202647,24.430000,2.155540,1.238289,2234.25
320,22.236000,2.239678,22.530000,2.239257,1.254162,2241.05
321,22.610000,2.197205,22.220000,2.186753,1.248002,2248.67
322,23.234000,2.177277,23.290000,2.146591,1.239919,2255.56
323,21.536000,2.213996,21.550000,2.221871,1.267388,2263.30
324,21.706000,2.221762,21.230000,2.244611,1.246295,2270.21
325,21.544000,2.225031,20.250000,2.279507,1.225477,2278.00
326,22.628000,2.182329,22.280000,2.176507,1.260868,2285.14
327,22.250000,2.226034,23.390000,2.231891,1.227486,2292.90
328,22.378000,2.217394,21.920000,2.261415,1.297859,2299.94
329,23.580000,2.166800,22.890000,2.162146,1.253017,2307.72
330,22.480000,2.214808,21.460000,2.258109,1.241326,2314.63
331,23.714000,2.167419,23.930000,2.150343,1.237365,2322.27
332,22.312000,2.182470,21.350000,2.190318,1.247611,2329.39
333,22.512000,2.213722,22.450000,2.209240,1.223499,2336.74
334,21.216000,2.228651,20.160000,2.243110,1.233873,2344.06
335,22.568000,2.215025,22.660000,2.208605,1.223448,2351.27
336,23.714000,2.181890,24.560000,2.146589,1.222301,2358.67
337,22.682000,2.215411,22.800000,2.199309,1.200638,2365.70
338,23.450000,2.182167,23.770000,2.163491,1.241929,2373.42
339,23.320000,2.173607,24.330000,2.139752,1.214428,2380.54
340,22.628000,2.201585,23.440000,2.172986,1.180847,2388.19
341,21.490000,2.217131,20.890000,2.241598,1.234522,2395.11
342,21.326000,2.238722,20.990000,2.252140,1.232689,2402.58
343,22.016000,2.240664,21.190000,2.261288,1.202061,2409.60
344,22.054000,2.216108,22.080000,2.214344,1.241437,2417.31
345,22.598000,2.215704,22.510000,2.227368,1.241661,2424.39
346,21.380000,2.229394,20.610000,2.257719,1.242157,2432.07
347,22.580000,2.203432,22.360000,2.196493,1.225279,2438.84
348,20.254000,2.272491,19.490000,2.326327,1.224801,2446.70
349,22.142000,2.222917,22.030000,2.239555,1.214501,2453.70
350,21.918000,2.228003,21.030000,2.251799,1.177712,2461.43
351,21.792000,2.254466,22.140000,2.277293,1.244247,2468.38
352,20.338000,2.264722,19.310000,2.308695,1.233920,2476.09
353,22.088000,2.254434,21.960000,2.270664,1.193107,2482.93
354,21.694000,2.226985,20.660000,2.264741,1.255564,2490.48
355,21.450000,2.238786,20.170000,2.285478,1.246811,2497.64
356,22.018000,2.196024,20.250000,2.213395,1.230795,2505.23
357,22.044000,2.210806,21.720000,2.238650,1.228583,2512.25
358,22.406000,2.220130,22.120000,2.235421,1.218570,2520.05
359,23.080000,2.212104,22.390000,2.245574,1.225626,2527.07
360,22.354000,2.233281,22.160000,2.273222,1.213607,2534.72
361,22.874000,2.218194,23.250000,2.196360,1.239265,2541.82
362,23.026000,2.187603,23.360000,2.176191,1.199276,2549.46
363,22.898000,2.187785,22.290000,2.184251,1.235248,2556.45
364,23.826000,2.175388,23.780000,2.150946,1.164062,2564.12
365,21.148000,2.264028,20.250000,2.314584,1.183889,2570.97
366,22.822000,2.172564,21.770000,2.188403,1.239602,2578.71
367,22.434000,2.200631,21.210000,2.221338,1.246574,2585.96
368,21.984000,2.225907,20.990000,2.245653,1.209043,2593.62
369,21.470000,2.229264,20.140000,2.268269,1.278788,2600.69
370,22.400000,2.215921,20.710000,2.249725,1.233278,2608.37
371,22.440000,2.193404,20.960000,2.215062,1.209200,2615.33
372,22.996000,2.189745,21.120000,2.212746,1.225277,2623.00
373,20.834000,2.278370,19.270000,2.324392,1.202574,2629.95
374,22.630000,2.229130,21.390000,2.241236,1.177958,2637.77
375,21.570000,2.259001,20.810000,2.291736,1.156804,2644.55
376,21.880000,2.229061,21.010000,2.268982,1.185097,2652.28
377,21.706000,2.226405,20.910000,2.253537,1.168001,2659.46
378,21.338000,2.236055,19.870000,2.286738,1.216806,2667.26
379,21.442000,2.277197,19.900000,2.320302,1.257533,2674.24
380,22.348000,2.213489,21.590000,2.219454,1.236346,2681.70
381,21.688000,2.257555,21.360000,2.281038,1.207440,2689.13
382,22.382000,2.232797,22.640000,2.245516,1.202767,2696.29
383,22.550000,2.205842,21.320000,2.238409,1.245379,2703.70
384,21.774000,2.223374,20.840000,2.237649,1.200312,2710.59
385,21.836000,2.240077,21.400000,2.259352,1.142835,2718.36
386,22.376000,2.200898,21.230000,2.231723,1.177025,2725.33
387,21.434000,2.263988,20.910000,2.294478,1.237618,2733.08
388,22.136000,2.205572,21.630000,2.215955,1.220825,2740.18
389,22.792000,2.210417,21.320000,2.250115,1.190851,2747.83
390,22.518000,2.202394,20.720000,2.247576,1.207678,2754.79
391,21.770000,2.262014,19.610000,2.324712,1.201176,2762.50
392,21.812000,2.235629,19.160000,2.315860,1.167341,2769.55
393,23.130000,2.215571,21.000000,2.268921,1.210851,2777.31
394,22.814000,2.232689,21.370000,2.286039,1.199572,2784.39
395,22.320000,2.235132,21.500000,2.291208,1.221718,2791.92
396,22.840000,2.208030,21.960000,2.246659,1.167296,2798.73
397,23.574000,2.201525,22.860000,2.224329,1.159798,2806.36
398,22.452000,2.225854,20.830000,2.265493,1.156733,2813.21
399,21.864000,2.225728,19.930000,2.262510,1.161263,2820.83
400,22.292000,2.215074,19.650000,2.286675,1.190249,2827.90
401,22.770000,2.222845,21.300000,2.272661,1.179058,2835.43
402,21.270000,2.233202,19.270000,2.281966,1.174195,2842.51
403,21.144000,2.264054,19.030000,2.366605,1.183293,2849.93
404,21.360000,2.249544,20.310000,2.317133,1.188502,2856.85
405,21.798000,2.271829,20.590000,2.324642,1.151272,2864.49
406,22.244000,2.253872,21.280000,2.305918,1.181433,2871.52
407,23.448000,2.185186,22.160000,2.214126,1.179576,2879.16
408,23.418000,2.192311,21.980000,2.221461,1.183477,2886.01
409,21.256000,2.239407,20.100000,2.291397,1.158032,2893.62
410,21.938000,2.245931,20.970000,2.278005,1.189664,2900.76
411,22.682000,2.210933,21.330000,2.251105,1.225067,2908.53
412,22.562000,2.213167,21.370000,2.254589,1.188582,2915.60
413,22.552000,2.208322,21.510000,2.251244,1.184709,2923.46
414,23.192000,2.220643,23.190000,2.250555,1.181977,2930.32
415,22.244000,2.220362,20.300000,2.285594,1.166664,2938.13
416,24.054000,2.182804,23.550000,2.193384,1.154184,2945.16
417,23.160000,2.213838,22.570000,2.238590,1.182002,2952.65
418,22.816000,2.220258,20.910000,2.269629,1.150267,2959.74
419,21.960000,2.252138,19.800000,2.327790,1.213695,2967.38
420,22.950000,2.257587,21.090000,2.312726,1.171432,2974.55
421,21.586000,2.262551,19.460000,2.325265,1.185876,2982.09
422,20.742000,2.274599,18.060000,2.378520,1.232214,2989.37
423,21.300000,2.260139,18.970000,2.366178,1.206589,2996.55
424,22.174000,2.218742,19.930000,2.290312,1.168314,3004.02
425,22.366000,2.229086,19.230000,2.334139,1.180984,3011.34
426,22.054000,2.275988,20.580000,2.336705,1.150740,3018.72
427,20.526000,2.322612,18.790000,2.414209,1.193036,3025.98
428,21.438000,2.249401,18.140000,2.362287,1.198765,3033.86
429,22.942000,2.232654,21.140000,2.327036,1.179468,3041.25
430,23.062000,2.221598,21.160000,2.290087,1.167984,3048.59
431,22.744000,2.203494,20.700000,2.259974,1.209295,3055.46
432,21.888000,2.230113,20.100000,2.297626,1.193603,3062.95
433,22.346000,2.221498,20.390000,2.281058,1.155053,3069.86
434,22.218000,2.231522,19.810000,2.318153,1.180139,3077.39
435,22.778000,2.211405,20.100000,2.287457,1.170838,3084.37
436,22.604000,2.265060,21.420000,2.310214,1.156398,3091.91
437,22.850000,2.224200,19.970000,2.310828,1.155251,3098.96
438,22.784000,2.194078,20.220000,2.268951,1.186776,3106.67
439,22.340000,2.243104,20.100000,2.325510,1.149348,3113.69
440,21.508000,2.281999,18.390000,2.380258,1.170975,3121.24
441,21.476000,2.253147,19.390000,2.322817,1.206349,3128.14
442,22.706000,2.215098,20.030000,2.295995,1.201576,3135.58
443,21.642000,2.265826,18.170000,2.370978,1.163617,3142.54
444,21.736000,2.255689,18.580000,2.364291,1.139955,3150.24
445,23.042000,2.209819,21.050000,2.269072,1.168767,3157.17
446,21.548000,2.252433,18.950000,2.340534,1.138830,3164.94
447,22.912000,2.216652,20.440000,2.287122,1.111966,3172.03
448,22.838000,2.228024,20.290000,2.308841,1.168618,3179.72
449,21.328000,2.328030,19.930000,2.408879,1.159363,3186.78
450,21.612000,2.259931,18.890000,2.366969,1.192862,3194.42
451,22.512000,2.235911,20.680000,2.297569,1.161945,3201.49
452,21.116000,2.267601,18.340000,2.361058,1.175851,3209.05
453,22.038000,2.254156,19.760000,2.342596,1.162611,3216.03
454,22.122000,2.221263,18.950000,2.328092,1.178716,3223.58
455,23.382000,2.231316,21.100000,2.296136,1.141709,3230.48
456,22.968000,2.216302,19.580000,2.301859,1.151419,3238.36
457,22.026000,2.297783,21.510000,2.355857,1.136439,3245.38
458,22.204000,2.231283,19.630000,2.313986,1.151063,3253.05
459,22.664000,2.226000,20.910000,2.282555,1.146116,3260.68
460,21.498000,2.273776,19.160000,2.390806,1.151368,3268.53
461,22.654000,2.227239,20.460000,2.312967,1.115415,3275.67
462,21.902000,2.296764,19.700000,2.417858,1.136177,3283.41
463,23.002000,2.237742,21.650000,2.313566,1.194796,3290.38
464,23.298000,2.204092,22.360000,2.245438,1.154139,3298.16
465,22.698000,2.226034,20.470000,2.304834,1.162686,3305.17
466,22.652000,2.250191,20.780000,2.326037,1.131805,3312.91
467,21.780000,2.246136,19.890000,2.312630,1.141822,3319.99
468,22.266000,2.266349,20.320000,2.351728,1.168160,3327.87
469,22.050000,2.248438,19.280000,2.359587,1.118557,3334.84
470,23.214000,2.229273,21.030000,2.308423,1.107261,3342.65
471,23.056000,2.206296,19.900000,2.306226,1.188848,3349.58
472,22.318000,2.228476,18.980000,2.317405,1.148529,3356.95
473,23.236000,2.202008,20.660000,2.270857,1.143991,3364.24
474,22.328000,2.244398,20.050000,2.328889,1.153064,3371.18
475,21.702000,2.260861,19.220000,2.362326,1.153351,3378.82
476,22.580000,2.239849,20.610000,2.346585,1.163460,3385.94
477,23.580000,2.253639,21.550000,2.349522,1.137274,3393.57
478,22.638000,2.266119,20.220000,2.354642,1.129886,3400.76
479,23.082000,2.218509,20.630000,2.311541,1.141329,3408.41
480,21.716000,2.275055,19.340000,2.399152,1.129083,3415.39
481,22.702000,2.220126,20.050000,2.313856,1.143114,3423.06
482,21.714000,2.285925,18.580000,2.435099,1.118941,3430.01
483,23.190000,2.251429,21.410000,2.339325,1.116846,3437.57
484,23.062000,2.266771,20.240000,2.380668,1.160895,3444.71
485,21.946000,2.301708,20.240000,2.395745,1.063481,3452.26
486,23.830000,2.208253,21.420000,2.274712,1.129287,3459.24
487,23.462000,2.216338,21.050000,2.289792,1.138643,3466.84
488,23.478000,2.213306,21.530000,2.286420,1.091636,3473.78
489,22.724000,2.257191,19.270000,2.374033,1.144245,3481.40
490,21.646000,2.264112,18.990000,2.364855,1.110056,3488.49
491,22.672000,2.233475,20.790000,2.304841,1.145696,3496.20
492,23.308000,2.238204,21.590000,2.289156,1.065765,3502.96
493,23.098000,2.238531,19.820000,2.337543,1.134338,3510.60
494,21.922000,2.273654,18.210000,2.407544,1.106728,3517.69
495,22.114000,2.248784,19.340000,2.368263,1.114060,3525.33
496,23.166000,2.208703,20.900000,2.271856,1.153999,3532.29
497,21.898000,2.267685,19.160000,2.376727,1.141990,3539.83
498,22.008000,2.291991,18.880000,2.412497,1.108777,3546.82
499,22.352000,2.234670,20.300000,2.319860,1.145778,3554.50
Total training time: 3554.50 seconds
