epoch,train_loss,global_test_acc,global_test_loss,correction_apa,correction_loss,core_ratio,recover_clean_ratio,corrected_ratio,net1_train_ratio,correction_trigger,core_count,recover_clean_count,corrected_count,net1_return_count,net1_train_count,net2_train_count,total_count,actual_net1_label_correct_count,actual_round_clean_count,selected_original_clean_count,missed_clean_count,false_train_label_count,correction_correct_count,correction_false_count,persistent_update_count,correction_acc,agg_weight_sum,actual_net1_label_correct_ratio,orig_clean_recall
0,1.605200,19.890000,2.238946,0.000000,0.000000,1.000000,0.000000,0.000000,1.000000,0,25000,0,0,0,25000,25000,25000,15368,15368,15368,0,9632,0,0,0,0.000000,25000.000000,0.614720,1.000000
1,1.670094,23.100000,2.184046,0.000000,0.000000,1.000000,0.000000,0.000000,1.000000,0,25000,0,0,0,25000,25000,25000,14536,14536,14536,0,10464,0,0,0,0.000000,25000.000000,0.581440,1.000000
2,1.659562,23.640000,2.152608,0.000000,0.000000,1.000000,0.000000,0.000000,1.000000,0,25000,0,0,0,25000,25000,25000,14336,14336,14336,0,10664,0,0,0,0.000000,25000.000000,0.573440,1.000000
3,1.657089,24.410000,2.135985,0.000000,0.000000,1.000000,0.000000,0.000000,1.000000,0,25000,0,0,0,25000,25000,25000,14136,14136,14136,0,10864,0,0,0,0.000000,25000.000000,0.565440,1.000000
4,1.516882,25.200000,2.111158,0.000000,0.000000,1.000000,0.000000,0.000000,1.000000,0,25000,0,0,0,25000,25000,25000,15684,15684,15684,0,9316,0,0,0,0.000000,25000.000000,0.627360,1.000000
5,1.528974,26.760000,2.101215,0.000000,0.000000,1.000000,0.000000,0.000000,1.000000,0,25000,0,0,0,25000,25000,25000,15264,15264,15264,0,9736,0,0,0,0.000000,25000.000000,0.610560,1.000000
6,1.561377,29.150000,2.084400,0.000000,0.000000,1.000000,0.000000,0.000000,1.000000,0,25000,0,0,0,25000,25000,25000,15084,15084,15084,0,9916,0,0,0,0.000000,25000.000000,0.603360,1.000000
7,1.593581,26.970000,2.087357,0.000000,0.000000,1.000000,0.000000,0.000000,1.000000,0,25000,0,0,0,25000,25000,25000,14776,14776,14776,0,10224,0,0,0,0.000000,25000.000000,0.591040,1.000000
8,1.456336,28.990000,2.080552,0.000000,0.000000,1.000000,0.000000,0.000000,1.000000,0,25000,0,0,0,25000,25000,25000,16124,16124,16124,0,8876,0,0,0,0.000000,25000.000000,0.644960,1.000000
9,1.583441,30.950000,2.054459,0.000000,0.000000,1.000000,0.000000,0.000000,1.000000,0,25000,0,0,0,25000,25000,25000,14788,14788,14788,0,10212,0,0,0,0.000000,25000.000000,0.591520,1.000000
10,1.540082,31.290000,2.051893,0.000000,0.000000,1.000000,0.000000,0.000000,1.000000,0,25000,0,0,0,25000,25000,25000,15144,15144,15144,0,9856,0,0,0,0.000000,25000.000000,0.605760,1.000000
11,1.508608,32.200000,2.042176,0.000000,0.000000,1.000000,0.000000,0.000000,1.000000,0,25000,0,0,0,25000,25000,25000,15068,15068,15068,0,9932,0,0,0,0.000000,25000.000000,0.602720,1.000000
12,1.454349,32.770000,2.029428,0.000000,0.000000,1.000000,0.000000,0.000000,1.000000,0,25000,0,0,0,25000,25000,25000,15948,15948,15948,0,9052,0,0,0,0.000000,25000.000000,0.637920,1.000000
13,1.411457,31.420000,2.038102,0.000000,0.000000,1.000000,0.000000,0.000000,1.000000,0,25000,0,0,0,25000,25000,25000,15984,15984,15984,0,9016,0,0,0,0.000000,25000.000000,0.639360,1.000000
14,1.562627,31.770000,2.039774,0.000000,0.000000,1.000000,0.000000,0.000000,1.000000,0,25000,0,0,0,25000,25000,25000,14752,14752,14752,0,10248,0,0,0,0.000000,25000.000000,0.590080,1.000000
15,1.542464,29.780000,2.053383,0.000000,0.000000,1.000000,0.000000,0.000000,1.000000,0,25000,0,0,0,25000,25000,25000,14976,14976,14976,0,10024,0,0,0,0.000000,25000.000000,0.599040,1.000000
16,1.594730,30.770000,2.046950,0.000000,0.000000,1.000000,0.000000,0.000000,1.000000,0,25000,0,0,0,25000,25000,25000,14508,14508,14508,0,10492,0,0,0,0.000000,25000.000000,0.580320,1.000000
17,1.560579,31.710000,2.030222,0.000000,0.000000,1.000000,0.000000,0.000000,1.000000,0,25000,0,0,0,25000,25000,25000,14772,14772,14772,0,10228,0,0,0,0.000000,25000.000000,0.590880,1.000000
18,1.552170,33.250000,2.021636,0.000000,0.000000,1.000000,0.000000,0.000000,1.000000,0,25000,0,0,0,25000,25000,25000,14644,14644,14644,0,10356,0,0,0,0.000000,25000.000000,0.585760,1.000000
19,1.492770,34.330000,2.022315,0.000000,0.000000,1.000000,0.000000,0.000000,1.000000,0,25000,0,0,0,25000,25000,25000,15372,15372,15372,0,9628,0,0,0,0.000000,25000.000000,0.614880,1.000000
20,1.611105,32.450000,2.030688,0.000000,0.000000,1.000000,0.000000,0.000000,1.000000,0,25000,0,0,0,25000,25000,25000,13976,13976,13976,0,11024,0,0,0,0.000000,25000.000000,0.559040,1.000000
21,1.448021,30.080000,2.032008,0.000000,0.000000,1.000000,0.000000,0.000000,1.000000,0,25000,0,0,0,25000,25000,25000,15836,15836,15836,0,9164,0,0,0,0.000000,25000.000000,0.633440,1.000000
22,1.509211,31.310000,2.029236,0.000000,0.000000,1.000000,0.000000,0.000000,1.000000,0,25000,0,0,0,25000,25000,25000,15064,15064,15064,0,9936,0,0,0,0.000000,25000.000000,0.602560,1.000000
23,1.458532,33.080000,2.017027,0.000000,0.000000,1.000000,0.000000,0.000000,1.000000,0,25000,0,0,0,25000,25000,25000,15352,15352,15352,0,9648,0,0,0,0.000000,25000.000000,0.614080,1.000000
24,1.508089,34.650000,1.992837,0.000000,0.000000,1.000000,0.000000,0.000000,1.000000,0,25000,0,0,0,25000,25000,25000,14924,14924,14924,0,10076,0,0,0,0.000000,25000.000000,0.596960,1.000000
25,1.510506,34.770000,2.001311,0.000000,0.000000,1.000000,0.000000,0.000000,1.000000,0,25000,0,0,0,25000,25000,25000,15236,15236,15236,0,9764,0,0,0,0.000000,25000.000000,0.609440,1.000000
26,1.541075,33.400000,2.000498,0.000000,0.000000,1.000000,0.000000,0.000000,1.000000,0,25000,0,0,0,25000,25000,25000,14680,14680,14680,0,10320,0,0,0,0.000000,25000.000000,0.587200,1.000000
27,1.461108,32.420000,2.012825,0.000000,0.000000,1.000000,0.000000,0.000000,1.000000,0,25000,0,0,0,25000,25000,25000,15732,15732,15732,0,9268,0,0,0,0.000000,25000.000000,0.629280,1.000000
28,1.471132,33.870000,1.996682,0.000000,0.000000,1.000000,0.000000,0.000000,1.000000,0,25000,0,0,0,25000,25000,25000,15304,15304,15304,0,9696,0,0,0,0.000000,25000.000000,0.612160,1.000000
29,1.560806,30.610000,2.029166,0.000000,0.000000,1.000000,0.000000,0.000000,1.000000,0,25000,0,0,0,25000,25000,25000,14700,14700,14700,0,10300,0,0,0,0.000000,25000.000000,0.588000,1.000000
30,1.539829,32.890000,2.007978,0.000000,0.000000,1.000000,0.000000,0.000000,1.000000,0,25000,0,0,0,25000,25000,25000,14480,14480,14480,0,10520,0,0,0,0.000000,25000.000000,0.579200,1.000000
31,1.412280,34.370000,1.988447,0.000000,0.000000,1.000000,0.000000,0.000000,1.000000,0,25000,0,0,0,25000,25000,25000,15816,15816,15816,0,9184,0,0,0,0.000000,25000.000000,0.632640,1.000000
32,1.638202,33.080000,2.003514,0.000000,0.000000,1.000000,0.000000,0.000000,1.000000,0,25000,0,0,0,25000,25000,25000,13668,13668,13668,0,11332,0,0,0,0.000000,25000.000000,0.546720,1.000000
33,1.611220,32.380000,2.017203,0.000000,0.000000,1.000000,0.000000,0.000000,1.000000,0,25000,0,0,0,25000,25000,25000,13876,13876,13876,0,11124,0,0,0,0.000000,25000.000000,0.555040,1.000000
34,1.472870,31.740000,2.022504,0.000000,0.000000,1.000000,0.000000,0.000000,1.000000,0,25000,0,0,0,25000,25000,25000,15268,15268,15268,0,9732,0,0,0,0.000000,25000.000000,0.610720,1.000000
35,1.555961,33.230000,2.010318,0.000000,0.000000,1.000000,0.000000,0.000000,1.000000,0,25000,0,0,0,25000,25000,25000,14476,14476,14476,0,10524,0,0,0,0.000000,25000.000000,0.579040,1.000000
36,1.445761,33.910000,1.987414,0.000000,0.000000,1.000000,0.000000,0.000000,1.000000,0,25000,0,0,0,25000,25000,25000,15392,15392,15392,0,9608,0,0,0,0.000000,25000.000000,0.615680,1.000000
37,1.421291,34.350000,1.976000,0.000000,0.000000,1.000000,0.000000,0.000000,1.000000,0,25000,0,0,0,25000,25000,25000,15728,15728,15728,0,9272,0,0,0,0.000000,25000.000000,0.629120,1.000000
38,1.433573,35.550000,1.971220,0.000000,0.000000,1.000000,0.000000,0.000000,1.000000,0,25000,0,0,0,25000,25000,25000,15356,15356,15356,0,9644,0,0,0,0.000000,25000.000000,0.614240,1.000000
39,1.570962,33.140000,2.002272,0.000000,0.000000,1.000000,0.000000,0.000000,1.000000,0,25000,0,0,0,25000,25000,25000,14032,14032,14032,0,10968,0,0,0,0.000000,25000.000000,0.561280,1.000000
40,1.428419,33.780000,1.995664,0.000000,0.000000,1.000000,0.000000,0.000000,1.000000,0,25000,0,0,0,25000,25000,25000,15744,15744,15744,0,9256,0,0,0,0.000000,25000.000000,0.629760,1.000000
41,1.485797,32.360000,1.998421,0.000000,0.000000,1.000000,0.000000,0.000000,1.000000,0,25000,0,0,0,25000,25000,25000,14796,14796,14796,0,10204,0,0,0,0.000000,25000.000000,0.591840,1.000000
42,1.584961,32.870000,2.017015,0.000000,0.000000,1.000000,0.000000,0.000000,1.000000,0,25000,0,0,0,25000,25000,25000,13920,13920,13920,0,11080,0,0,0,0.000000,25000.000000,0.556800,1.000000
43,1.490405,32.130000,2.007540,0.000000,0.000000,1.000000,0.000000,0.000000,1.000000,0,25000,0,0,0,25000,25000,25000,14724,14724,14724,0,10276,0,0,0,0.000000,25000.000000,0.588960,1.000000
44,1.500306,33.800000,1.990437,0.000000,0.000000,1.000000,0.000000,0.000000,1.000000,0,25000,0,0,0,25000,25000,25000,14936,14936,14936,0,10064,0,0,0,0.000000,25000.000000,0.597440,1.000000
45,1.449863,33.670000,1.993110,0.000000,0.000000,1.000000,0.000000,0.000000,1.000000,0,25000,0,0,0,25000,25000,25000,15328,15328,15328,0,9672,0,0,0,0.000000,25000.000000,0.613120,1.000000
46,1.483194,34.240000,1.985188,0.000000,0.000000,1.000000,0.000000,0.000000,1.000000,0,25000,0,0,0,25000,25000,25000,14492,14492,14492,0,10508,0,0,0,0.000000,25000.000000,0.579680,1.000000
47,1.537162,32.260000,2.008741,0.000000,0.000000,1.000000,0.000000,0.000000,1.000000,0,25000,0,0,0,25000,25000,25000,14192,14192,14192,0,10808,0,0,0,0.000000,25000.000000,0.567680,1.000000
48,1.447103,34.520000,1.985517,0.000000,0.000000,1.000000,0.000000,0.000000,1.000000,0,25000,0,0,0,25000,25000,25000,15324,15324,15324,0,9676,0,0,0,0.000000,25000.000000,0.612960,1.000000
49,1.534763,33.000000,2.007218,0.000000,0.000000,1.000000,0.000000,0.000000,1.000000,0,25000,0,0,0,25000,25000,25000,14212,14212,14212,0,10788,0,0,0,0.000000,25000.000000,0.568480,1.000000
50,1.408651,33.500000,1.981409,0.000000,0.000000,1.000000,0.000000,0.000000,1.000000,0,25000,0,0,0,25000,25000,25000,15492,15492,15492,0,9508,0,0,0,0.000000,25000.000000,0.619680,1.000000
51,1.430240,32.900000,1.989389,0.000000,0.000000,1.000000,0.000000,0.000000,1.000000,0,25000,0,0,0,25000,25000,25000,15336,15336,15336,0,9664,0,0,0,0.000000,25000.000000,0.613440,1.000000
52,1.502994,33.600000,1.979632,0.000000,0.000000,1.000000,0.000000,0.000000,1.000000,0,25000,0,0,0,25000,25000,25000,14392,14392,14392,0,10608,0,0,0,0.000000,25000.000000,0.575680,1.000000
53,1.430952,32.170000,1.984422,0.000000,0.000000,1.000000,0.000000,0.000000,1.000000,0,25000,0,0,0,25000,25000,25000,14952,14952,14952,0,10048,0,0,0,0.000000,25000.000000,0.598080,1.000000
54,1.408125,33.560000,1.978680,0.000000,0.000000,1.000000,0.000000,0.000000,1.000000,0,25000,0,0,0,25000,25000,25000,15496,15496,15496,0,9504,0,0,0,0.000000,25000.000000,0.619840,1.000000
55,1.429684,33.780000,1.974322,0.000000,0.000000,1.000000,0.000000,0.000000,1.000000,0,25000,0,0,0,25000,25000,25000,15264,15264,15264,0,9736,0,0,0,0.000000,25000.000000,0.610560,1.000000
56,1.552577,34.050000,1.979049,0.000000,0.000000,1.000000,0.000000,0.000000,1.000000,0,25000,0,0,0,25000,25000,25000,13876,13876,13876,0,11124,0,0,0,0.000000,25000.000000,0.555040,1.000000
57,1.465020,31.690000,1.993899,0.000000,0.000000,1.000000,0.000000,0.000000,1.000000,0,25000,0,0,0,25000,25000,25000,14744,14744,14744,0,10256,0,0,0,0.000000,25000.000000,0.589760,1.000000
58,1.457439,33.770000,1.992270,0.000000,0.000000,1.000000,0.000000,0.000000,1.000000,0,25000,0,0,0,25000,25000,25000,15160,15160,15160,0,9840,0,0,0,0.000000,25000.000000,0.606400,1.000000
59,1.446928,31.940000,2.000039,0.000000,0.000000,1.000000,0.000000,0.000000,1.000000,0,25000,0,0,0,25000,25000,25000,15052,15052,15052,0,9948,0,0,0,0.000000,25000.000000,0.602080,1.000000
60,1.499222,31.730000,1.998187,0.000000,0.000000,1.000000,0.000000,0.000000,1.000000,0,25000,0,0,0,25000,25000,25000,14616,14616,14616,0,10384,0,0,0,0.000000,25000.000000,0.584640,1.000000
61,1.346878,35.010000,1.959528,0.000000,0.000000,1.000000,0.000000,0.000000,1.000000,0,25000,0,0,0,25000,25000,25000,15940,15940,15940,0,9060,0,0,0,0.000000,25000.000000,0.637600,1.000000
62,1.409246,32.940000,1.974116,0.000000,0.000000,1.000000,0.000000,0.000000,1.000000,0,25000,0,0,0,25000,25000,25000,15280,15280,15280,0,9720,0,0,0,0.000000,25000.000000,0.611200,1.000000
63,1.400973,34.090000,1.964247,0.000000,0.000000,1.000000,0.000000,0.000000,1.000000,0,25000,0,0,0,25000,25000,25000,15544,15544,15544,0,9456,0,0,0,0.000000,25000.000000,0.621760,1.000000
64,1.386551,33.900000,1.965898,0.000000,0.000000,1.000000,0.000000,0.000000,1.000000,0,25000,0,0,0,25000,25000,25000,15700,15700,15700,0,9300,0,0,0,0.000000,25000.000000,0.628000,1.000000
65,1.443343,33.920000,1.963802,0.000000,0.000000,1.000000,0.000000,0.000000,1.000000,0,25000,0,0,0,25000,25000,25000,14820,14820,14820,0,10180,0,0,0,0.000000,25000.000000,0.592800,1.000000
66,1.471177,33.430000,1.974881,0.000000,0.000000,1.000000,0.000000,0.000000,1.000000,0,25000,0,0,0,25000,25000,25000,14660,14660,14660,0,10340,0,0,0,0.000000,25000.000000,0.586400,1.000000
67,1.486254,32.240000,1.989555,0.000000,0.000000,1.000000,0.000000,0.000000,1.000000,0,25000,0,0,0,25000,25000,25000,14476,14476,14476,0,10524,0,0,0,0.000000,25000.000000,0.579040,1.000000
68,1.387775,34.230000,1.966955,0.000000,0.000000,1.000000,0.000000,0.000000,1.000000,0,25000,0,0,0,25000,25000,25000,15316,15316,15316,0,9684,0,0,0,0.000000,25000.000000,0.612640,1.000000
69,1.525614,33.850000,1.985627,0.000000,0.000000,1.000000,0.000000,0.000000,1.000000,0,25000,0,0,0,25000,25000,25000,14028,14028,14028,0,10972,0,0,0,0.000000,25000.000000,0.561120,1.000000
70,1.465402,33.230000,1.981927,0.000000,0.000000,1.000000,0.000000,0.000000,1.000000,0,25000,0,0,0,25000,25000,25000,14556,14556,14556,0,10444,0,0,0,0.000000,25000.000000,0.582240,1.000000
71,1.441985,33.240000,1.974768,0.000000,0.000000,1.000000,0.000000,0.000000,1.000000,0,25000,0,0,0,25000,25000,25000,14796,14796,14796,0,10204,0,0,0,0.000000,25000.000000,0.591840,1.000000
72,1.377425,33.980000,1.948747,0.000000,0.000000,1.000000,0.000000,0.000000,1.000000,0,25000,0,0,0,25000,25000,25000,15448,15448,15448,0,9552,0,0,0,0.000000,25000.000000,0.617920,1.000000
73,1.323847,32.510000,1.970221,0.000000,0.000000,1.000000,0.000000,0.000000,1.000000,0,25000,0,0,0,25000,25000,25000,16132,16132,16132,0,8868,0,0,0,0.000000,25000.000000,0.645280,1.000000
74,1.402628,31.940000,1.980398,0.000000,0.000000,1.000000,0.000000,0.000000,1.000000,0,25000,0,0,0,25000,25000,25000,15008,15008,15008,0,9992,0,0,0,0.000000,25000.000000,0.600320,1.000000
75,1.366017,34.810000,1.962487,0.000000,0.000000,1.000000,0.000000,0.000000,1.000000,0,25000,0,0,0,25000,25000,25000,15592,15592,15592,0,9408,0,0,0,0.000000,25000.000000,0.623680,1.000000
76,1.458339,34.170000,1.962317,0.000000,0.000000,1.000000,0.000000,0.000000,1.000000,0,25000,0,0,0,25000,25000,25000,14772,14772,14772,0,10228,0,0,0,0.000000,25000.000000,0.590880,1.000000
77,1.335406,31.800000,1.973546,0.000000,0.000000,1.000000,0.000000,0.000000,1.000000,0,25000,0,0,0,25000,25000,25000,15928,15928,15928,0,9072,0,0,0,0.000000,25000.000000,0.637120,1.000000
78,1.406896,34.910000,1.943798,0.000000,0.000000,1.000000,0.000000,0.000000,1.000000,0,25000,0,0,0,25000,25000,25000,15068,15068,15068,0,9932,0,0,0,0.000000,25000.000000,0.602720,1.000000
79,1.397498,32.610000,1.973531,0.000000,0.000000,1.000000,0.000000,0.000000,1.000000,0,25000,0,0,0,25000,25000,25000,15644,15644,15644,0,9356,0,0,0,0.000000,25000.000000,0.625760,1.000000
80,1.460270,31.820000,1.992619,0.000000,0.000000,1.000000,0.000000,0.000000,1.000000,0,25000,0,0,0,25000,25000,25000,14560,14560,14560,0,10440,0,0,0,0.000000,25000.000000,0.582400,1.000000
81,1.374921,32.410000,1.981049,0.000000,0.000000,1.000000,0.000000,0.000000,1.000000,0,25000,0,0,0,25000,25000,25000,15372,15372,15372,0,9628,0,0,0,0.000000,25000.000000,0.614880,1.000000
82,1.408798,32.650000,1.976768,0.000000,0.000000,1.000000,0.000000,0.000000,1.000000,0,25000,0,0,0,25000,25000,25000,15220,15220,15220,0,9780,0,0,0,0.000000,25000.000000,0.608800,1.000000
83,1.426667,32.780000,1.977999,0.000000,0.000000,1.000000,0.000000,0.000000,1.000000,0,25000,0,0,0,25000,25000,25000,14560,14560,14560,0,10440,0,0,0,0.000000,25000.000000,0.582400,1.000000
84,1.457157,33.880000,1.961274,0.000000,0.000000,1.000000,0.000000,0.000000,1.000000,0,25000,0,0,0,25000,25000,25000,14672,14672,14672,0,10328,0,0,0,0.000000,25000.000000,0.586880,1.000000
85,1.370953,31.720000,1.989748,0.000000,0.000000,1.000000,0.000000,0.000000,1.000000,0,25000,0,0,0,25000,25000,25000,15280,15280,15280,0,9720,0,0,0,0.000000,25000.000000,0.611200,1.000000
86,1.469311,31.700000,1.986738,0.000000,0.000000,1.000000,0.000000,0.000000,1.000000,0,25000,0,0,0,25000,25000,25000,14536,14536,14536,0,10464,0,0,0,0.000000,25000.000000,0.581440,1.000000
87,1.312970,33.450000,1.959176,0.000000,0.000000,1.000000,0.000000,0.000000,1.000000,0,25000,0,0,0,25000,25000,25000,15912,15912,15912,0,9088,0,0,0,0.000000,25000.000000,0.636480,1.000000
88,1.443543,31.570000,1.994054,0.000000,0.000000,1.000000,0.000000,0.000000,1.000000,0,25000,0,0,0,25000,25000,25000,14680,14680,14680,0,10320,0,0,0,0.000000,25000.000000,0.587200,1.000000
89,1.387652,32.770000,1.972131,0.000000,0.000000,1.000000,0.000000,0.000000,1.000000,0,25000,0,0,0,25000,25000,25000,15192,15192,15192,0,9808,0,0,0,0.000000,25000.000000,0.607680,1.000000
90,1.338683,31.350000,1.981923,0.000000,0.000000,1.000000,0.000000,0.000000,1.000000,0,25000,0,0,0,25000,25000,25000,15668,15668,15668,0,9332,0,0,0,0.000000,25000.000000,0.626720,1.000000
91,1.372670,31.080000,1.994436,0.000000,0.000000,1.000000,0.000000,0.000000,1.000000,0,25000,0,0,0,25000,25000,25000,15144,15144,15144,0,9856,0,0,0,0.000000,25000.000000,0.605760,1.000000
92,1.485428,29.960000,2.005579,0.000000,0.000000,1.000000,0.000000,0.000000,1.000000,0,25000,0,0,0,25000,25000,25000,13992,13992,13992,0,11008,0,0,0,0.000000,25000.000000,0.559680,1.000000
93,1.292045,32.770000,1.975426,0.000000,0.000000,1.000000,0.000000,0.000000,1.000000,0,25000,0,0,0,25000,25000,25000,15912,15912,15912,0,9088,0,0,0,0.000000,25000.000000,0.636480,1.000000
94,1.469366,31.280000,1.992577,0.000000,0.000000,1.000000,0.000000,0.000000,1.000000,0,25000,0,0,0,25000,25000,25000,14112,14112,14112,0,10888,0,0,0,0.000000,25000.000000,0.564480,1.000000
95,1.273725,32.010000,1.976367,0.000000,0.000000,1.000000,0.000000,0.000000,1.000000,0,25000,0,0,0,25000,25000,25000,16224,16224,16224,0,8776,0,0,0,0.000000,25000.000000,0.648960,1.000000
96,1.414674,33.090000,1.971076,0.000000,0.000000,1.000000,0.000000,0.000000,1.000000,0,25000,0,0,0,25000,25000,25000,14520,14520,14520,0,10480,0,0,0,0.000000,25000.000000,0.580800,1.000000
97,1.474925,31.050000,1.997263,0.000000,0.000000,1.000000,0.000000,0.000000,1.000000,0,25000,0,0,0,25000,25000,25000,13948,13948,13948,0,11052,0,0,0,0.000000,25000.000000,0.557920,1.000000
98,1.364305,30.730000,1.997765,0.000000,0.000000,1.000000,0.000000,0.000000,1.000000,0,25000,0,0,0,25000,25000,25000,15268,15268,15268,0,9732,0,0,0,0.000000,25000.000000,0.610720,1.000000
99,1.409727,32.100000,1.993064,0.000000,0.000000,1.000000,0.000000,0.000000,1.000000,0,25000,0,0,0,25000,25000,25000,14816,14816,14816,0,10184,0,0,0,0.000000,25000.000000,0.592640,1.000000
100,0.485650,37.020000,1.847232,0.000000,0.000000,0.645800,0.000000,0.000000,0.645800,1,16145,0,0,0,16145,16145,25000,14858,15516,14858,658,1287,0,0,0,0.000000,25000.000000,0.920285,0.957592
101,0.532754,39.860000,1.742377,0.000000,0.000000,0.632280,0.000000,0.000000,0.632280,0,15807,0,0,0,15807,15807,25000,14180,15560,14180,1380,1627,0,0,0,0.000000,25000.000000,0.897071,0.911311
102,0.556430,40.170000,1.712893,0.000000,0.000000,0.599680,0.000000,0.000000,0.599680,0,14992,0,0,0,14992,14992,25000,13146,14404,13146,1258,1846,0,0,0,0.000000,25000.000000,0.876868,0.912663
103,0.512431,42.550000,1.653170,0.000000,0.000000,0.622160,0.000000,0.000000,0.622160,0,15554,0,0,0,15554,15554,25000,13941,15572,13941,1631,1613,0,0,0,0.000000,25000.000000,0.896297,0.895261
104,0.508234,42.630000,1.634246,0.000000,0.000000,0.602000,0.000000,0.000000,0.602000,0,15050,0,0,0,15050,15050,25000,13311,15068,13311,1757,1739,0,0,0,0.000000,25000.000000,0.884452,0.883395
105,0.464061,42.850000,1.622108,0.000000,0.000000,0.603000,0.000000,0.000680,0.603000,1,15075,0,17,0,15075,15092,25000,13579,15137,13579,1558,1496,17,0,17,1.000000,25000.000000,0.900763,0.897073
106,0.524264,43.950000,1.563849,0.000000,0.000000,0.631240,0.000000,0.000000,0.631240,0,15781,0,0,0,15781,15781,25000,14069,15435,14069,1366,1712,0,0,0,0.000000,25000.000000,0.891515,0.911500
107,0.586321,45.210000,1.524816,0.000000,0.000000,0.625480,0.000000,0.000000,0.625480,0,15637,0,0,0,15637,15637,25000,13489,14769,13489,1280,2148,0,0,0,0.000000,25000.000000,0.862633,0.913332
108,0.513236,47.830000,1.475149,0.000000,0.000000,0.641040,0.000000,0.000000,0.641040,0,16026,0,0,0,16026,16026,25000,14187,15005,14187,818,1839,0,0,0,0.000000,25000.000000,0.885249,0.945485
109,0.624889,47.400000,1.467356,0.000000,0.000000,0.638160,0.000000,0.000000,0.638160,0,15954,0,0,0,15954,15954,25000,13544,14309,13544,765,2410,0,0,0,0.000000,25000.000000,0.848941,0.946537
110,0.624629,45.170000,1.486272,0.000000,0.000000,0.671880,0.000000,0.001040,0.671880,1,16797,0,26,0,16797,16823,25000,14024,14953,14024,929,2773,26,0,26,1.000000,25000.000000,0.834911,0.937872
111,0.555184,46.120000,1.472179,0.000000,0.000000,0.667760,0.000000,0.000000,0.667760,0,16694,0,0,0,16694,16694,25000,14428,15406,14428,978,2266,0,0,0,0.000000,25000.000000,0.864263,0.936518
112,0.501565,48.780000,1.426721,0.000000,0.000000,0.676640,0.000000,0.000000,0.676640,0,16916,0,0,0,16916,16916,25000,14857,15809,14857,952,2059,0,0,0,0.000000,25000.000000,0.878281,0.939781
113,0.486485,48.950000,1.416869,0.000000,0.000000,0.683400,0.000000,0.000000,0.683400,0,17085,0,0,0,17085,17085,25000,15168,16110,15168,942,1917,0,0,0,0.000000,25000.000000,0.887796,0.941527
114,0.547308,47.850000,1.450190,0.000000,0.000000,0.644680,0.000000,0.000000,0.644680,0,16117,0,0,0,16117,16117,25000,14151,15035,14151,884,1966,0,0,0,0.000000,25000.000000,0.878017,0.941204
115,0.687075,48.740000,1.403806,0.000000,0.000000,0.668320,0.000000,0.002160,0.668320,1,16708,0,54,0,16708,16762,25000,13625,14413,13625,788,3083,51,3,54,0.944444,25000.000000,0.815478,0.945327
116,0.500138,48.440000,1.417336,0.000000,0.000000,0.685280,0.000000,0.000000,0.685280,0,17132,0,0,0,17132,17132,25000,15158,16117,15158,959,1974,0,0,0,0.000000,25000.000000,0.884777,0.940498
117,0.485831,46.750000,1.458153,0.000000,0.000000,0.654560,0.000000,0.000000,0.654560,0,16364,0,0,0,16364,16364,25000,14499,15393,14499,894,1865,0,0,0,0.000000,25000.000000,0.886030,0.941922
118,0.597958,46.660000,1.451442,0.000000,0.000000,0.635400,0.000000,0.000000,0.635400,0,15885,0,0,0,15885,15885,25000,13624,14463,13624,839,2261,0,0,0,0.000000,25000.000000,0.857664,0.941990
119,0.555686,49.100000,1.398146,0.000000,0.000000,0.657600,0.000000,0.000000,0.657600,0,16440,0,0,0,16440,16440,25000,14070,14940,14070,870,2370,0,0,0,0.000000,25000.000000,0.855839,0.941767
120,0.507714,48.330000,1.417974,0.000000,0.000000,0.666480,0.000000,0.001680,0.666480,1,16662,0,42,0,16662,16704,25000,14563,15446,14563,883,2099,39,3,42,0.928571,25000.000000,0.874025,0.942833
121,0.635706,51.160000,1.356375,0.000000,0.000000,0.666480,0.000000,0.000000,0.666480,0,16662,0,0,0,16662,16662,25000,13890,14721,13890,831,2772,0,0,0,0.000000,25000.000000,0.833633,0.943550
122,0.578493,49.670000,1.396553,0.000000,0.000000,0.682240,0.000000,0.000000,0.682240,0,17056,0,0,0,17056,17056,25000,14564,15297,14564,733,2492,0,0,0,0.000000,25000.000000,0.853893,0.952082
123,0.608972,50.210000,1.372851,0.000000,0.000000,0.663040,0.000000,0.000000,0.663040,0,16576,0,0,0,16576,16576,25000,13872,14778,13872,906,2704,0,0,0,0.000000,25000.000000,0.836873,0.938693
124,0.597987,50.150000,1.390753,0.000000,0.000000,0.683600,0.000000,0.000000,0.683600,0,17090,0,0,0,17090,17090,25000,14281,15060,14281,779,2809,0,0,0,0.000000,25000.000000,0.835635,0.948274
125,0.647033,50.030000,1.382916,0.000000,0.000000,0.664360,0.000000,0.002200,0.664360,1,16609,0,55,0,16609,16664,25000,13645,14445,13645,800,2964,54,1,55,0.981818,25000.000000,0.821543,0.944618
126,0.551258,50.080000,1.376475,0.000000,0.000000,0.683840,0.000000,0.000000,0.683840,0,17096,0,0,0,17096,17096,25000,14621,15386,14621,765,2475,0,0,0,0.000000,25000.000000,0.855229,0.950279
127,0.682065,48.760000,1.402755,0.000000,0.000000,0.672720,0.000000,0.000000,0.672720,0,16818,0,0,0,16818,16818,25000,13548,14272,13548,724,3270,0,0,0,0.000000,25000.000000,0.805565,0.949271
128,0.536058,49.470000,1.387467,0.000000,0.000000,0.671560,0.000000,0.000000,0.671560,0,16789,0,0,0,16789,16789,25000,14592,15443,14592,851,2197,0,0,0,0.000000,25000.000000,0.869141,0.944894
129,0.560650,49.460000,1.401857,0.000000,0.000000,0.682160,0.000000,0.000000,0.682160,0,17054,0,0,0,17054,17054,25000,14631,15390,14631,759,2423,0,0,0,0.000000,25000.000000,0.857922,0.950682
130,0.510985,46.180000,1.454751,0.000000,0.000000,0.664920,0.000000,0.001720,0.664920,1,16623,0,43,0,16623,16666,25000,14472,15381,14472,909,2151,42,1,43,0.976744,25000.000000,0.870601,0.940901
131,0.680636,48.320000,1.395663,0.000000,0.000000,0.684600,0.000000,0.000000,0.684600,0,17115,0,0,0,17115,17115,25000,13983,14755,13983,772,3132,0,0,0,0.000000,25000.000000,0.817003,0.947679
132,0.548380,50.030000,1.370261,0.000000,0.000000,0.675000,0.000000,0.000000,0.675000,0,16875,0,0,0,16875,16875,25000,14579,15460,14579,881,2296,0,0,0,0.000000,25000.000000,0.863941,0.943014
133,0.480409,48.640000,1.411443,0.000000,0.000000,0.648320,0.000000,0.000000,0.648320,0,16208,0,0,0,16208,16208,25000,14105,15020,14105,915,2103,0,0,0,0.000000,25000.000000,0.870249,0.939081
134,0.551267,48.910000,1.405812,0.000000,0.000000,0.671760,0.000000,0.000000,0.671760,0,16794,0,0,0,16794,16794,25000,14402,15250,14402,848,2392,0,0,0,0.000000,25000.000000,0.857568,0.944393
135,0.612115,47.080000,1.430776,0.000000,0.000000,0.658080,0.000000,0.002360,0.658080,1,16452,0,59,0,16452,16511,25000,13623,14413,13623,790,2829,53,6,59,0.898305,25000.000000,0.828045,0.945188
136,0.518397,47.420000,1.426277,0.000000,0.000000,0.681800,0.000000,0.000000,0.681800,0,17045,0,0,0,17045,17045,25000,14859,15681,14859,822,2186,0,0,0,0.000000,25000.000000,0.871751,0.947580
137,0.625484,47.970000,1.416813,0.000000,0.000000,0.691400,0.000000,0.000000,0.691400,0,17285,0,0,0,17285,17285,25000,14231,15008,14231,777,3054,0,0,0,0.000000,25000.000000,0.823315,0.948228
138,0.527918,48.760000,1.394231,0.000000,0.000000,0.667120,0.000000,0.000000,0.667120,0,16678,0,0,0,16678,16678,25000,14319,15011,14319,692,2359,0,0,0,0.000000,25000.000000,0.858556,0.953900
139,0.553991,48.140000,1.416366,0.000000,0.000000,0.682400,0.000000,0.000000,0.682400,0,17060,0,0,0,17060,17060,25000,14621,15333,14621,712,2439,0,0,0,0.000000,25000.000000,0.857034,0.953564
140,0.523770,49.020000,1.402174,0.000000,0.000000,0.666000,0.000000,0.001880,0.666000,1,16650,0,47,0,16650,16697,25000,14255,15151,14255,896,2395,44,3,47,0.936170,25000.000000,0.856156,0.940862
141,0.533932,47.360000,1.422300,0.000000,0.000000,0.663440,0.000000,0.000000,0.663440,0,16586,0,0,0,16586,16586,25000,14186,15084,14186,898,2400,0,0,0,0.000000,25000.000000,0.855300,0.940467
142,0.615872,49.510000,1.392513,0.000000,0.000000,0.697360,0.000000,0.000000,0.697360,0,17434,0,0,0,17434,17434,25000,14432,15182,14432,750,3002,0,0,0,0.000000,25000.000000,0.827808,0.950599
143,0.532603,49.730000,1.389181,0.000000,0.000000,0.692480,0.000000,0.000000,0.692480,0,17312,0,0,0,17312,17312,25000,14993,15737,14993,744,2319,0,0,0,0.000000,25000.000000,0.866047,0.952723
144,0.521489,50.090000,1.396338,0.000000,0.000000,0.659200,0.000000,0.000000,0.659200,0,16480,0,0,0,16480,16480,25000,14046,14898,14046,852,2434,0,0,0,0.000000,25000.000000,0.852306,0.942811
145,0.489053,49.470000,1.423981,0.000000,0.000000,0.686240,0.000000,0.002040,0.686240,1,17156,0,51,0,17156,17207,25000,14953,15734,14953,781,2203,48,3,51,0.941176,25000.000000,0.871590,0.950362
146,0.544315,49.600000,1.381046,0.000000,0.000000,0.659640,0.000000,0.000000,0.659640,0,16491,0,0,0,16491,16491,25000,14112,14989,14112,877,2379,0,0,0,0.000000,25000.000000,0.855739,0.941490
147,0.507540,49.870000,1.377960,0.000000,0.000000,0.658760,0.000000,0.000000,0.658760,0,16469,0,0,0,16469,16469,25000,14407,15249,14407,842,2062,0,0,0,0.000000,25000.000000,0.874795,0.944783
148,0.642912,50.440000,1.355705,0.000000,0.000000,0.678880,0.000000,0.000000,0.678880,0,16972,0,0,0,16972,16972,25000,13952,14699,13952,747,3020,0,0,0,0.000000,25000.000000,0.822060,0.949180
149,0.521354,50.610000,1.349755,0.000000,0.000000,0.686600,0.000000,0.000000,0.686600,0,17165,0,0,0,17165,17165,25000,14882,15677,14882,795,2283,0,0,0,0.000000,25000.000000,0.866997,0.949289
150,0.538508,50.320000,1.365577,0.000000,0.000000,0.695880,0.000000,0.002120,0.695880,1,17397,0,53,0,17397,17450,25000,14811,15581,14811,770,2586,52,1,53,0.981132,25000.000000,0.851354,0.950581
151,0.538809,48.960000,1.403866,0.000000,0.000000,0.670120,0.000000,0.000000,0.670120,0,16753,0,0,0,16753,16753,25000,14256,14890,14256,634,2497,0,0,0,0.000000,25000.000000,0.850952,0.957421
152,0.510388,49.010000,1.399753,0.000000,0.000000,0.677000,0.000000,0.000000,0.677000,0,16925,0,0,0,16925,16925,25000,14513,15377,14513,864,2412,0,0,0,0.000000,25000.000000,0.857489,0.943812
153,0.534826,49.810000,1.375291,0.000000,0.000000,0.709320,0.000000,0.000000,0.709320,0,17733,0,0,0,17733,17733,25000,15233,15988,15233,755,2500,0,0,0,0.000000,25000.000000,0.859020,0.952777
154,0.578610,48.520000,1.383456,0.000000,0.000000,0.705600,0.000000,0.000000,0.705600,0,17640,0,0,0,17640,17640,25000,14645,15213,14645,568,2995,0,0,0,0.000000,25000.000000,0.830215,0.962664
155,0.545249,48.650000,1.383518,0.000000,0.000000,0.677320,0.000000,0.001880,0.677320,1,16933,0,47,0,16933,16980,25000,14424,15203,14424,779,2509,44,3,47,0.936170,25000.000000,0.851828,0.948760
156,0.512303,49.670000,1.390820,0.000000,0.000000,0.684760,0.000000,0.000000,0.684760,0,17119,0,0,0,17119,17119,25000,14846,15697,14846,851,2273,0,0,0,0.000000,25000.000000,0.867224,0.945786
157,0.559381,48.990000,1.387811,0.000000,0.000000,0.687600,0.000000,0.000000,0.687600,0,17190,0,0,0,17190,17190,25000,14487,15239,14487,752,2703,0,0,0,0.000000,25000.000000,0.842757,0.950653
158,0.513774,49.360000,1.383786,0.000000,0.000000,0.696840,0.000000,0.000000,0.696840,0,17421,0,0,0,17421,17421,25000,15018,15769,15018,751,2403,0,0,0,0.000000,25000.000000,0.862063,0.952375
159,0.498687,49.250000,1.376204,0.000000,0.000000,0.689800,0.000000,0.000000,0.689800,0,17245,0,0,0,17245,17245,25000,14990,15737,14990,747,2255,0,0,0,0.000000,25000.000000,0.869237,0.952532
160,0.477339,47.840000,1.400005,0.000000,0.000000,0.698960,0.000000,0.001640,0.698960,1,17474,0,41,0,17474,17515,25000,15302,16030,15302,728,2172,39,2,41,0.951220,25000.000000,0.875701,0.954585
161,0.533224,50.000000,1.372289,0.000000,0.000000,0.691200,0.000000,0.000000,0.691200,0,17280,0,0,0,17280,17280,25000,14861,15520,14861,659,2419,0,0,0,0.000000,25000.000000,0.860012,0.957539
162,0.528152,51.580000,1.331534,0.000000,0.000000,0.683720,0.000000,0.000000,0.683720,0,17093,0,0,0,17093,17093,25000,14655,15308,14655,653,2438,0,0,0,0.000000,25000.000000,0.857369,0.957343
163,0.451594,51.160000,1.348527,0.000000,0.000000,0.700600,0.000000,0.000000,0.700600,0,17515,0,0,0,17515,17515,25000,15545,16397,15545,852,1970,0,0,0,0.000000,25000.000000,0.887525,0.948039
164,0.492469,51.100000,1.336872,0.000000,0.000000,0.690280,0.000000,0.000000,0.690280,0,17257,0,0,0,17257,17257,25000,14911,15573,14911,662,2346,0,0,0,0.000000,25000.000000,0.864055,0.957491
165,0.505530,50.590000,1.355841,0.000000,0.000000,0.675720,0.000000,0.002240,0.675720,1,16893,0,56,0,16893,16949,25000,14485,15370,14485,885,2408,54,2,56,0.964286,25000.000000,0.857456,0.942420
166,0.545379,50.970000,1.335810,0.000000,0.000000,0.680040,0.000000,0.000000,0.680040,0,17001,0,0,0,17001,17001,25000,14375,14971,14375,596,2626,0,0,0,0.000000,25000.000000,0.845538,0.960190
167,0.553984,50.100000,1.359101,0.000000,0.000000,0.658800,0.000000,0.000000,0.658800,0,16470,0,0,0,16470,16470,25000,13620,14228,13620,608,2850,0,0,0,0.000000,25000.000000,0.826958,0.957267
168,0.457993,49.950000,1.359189,0.000000,0.000000,0.669960,0.000000,0.000000,0.669960,0,16749,0,0,0,16749,16749,25000,14553,15269,14553,716,2196,0,0,0,0.000000,25000.000000,0.868888,0.953108
169,0.553099,51.930000,1.326447,0.000000,0.000000,0.670040,0.000000,0.000000,0.670040,0,16751,0,0,0,16751,16751,25000,14085,14851,14085,766,2666,0,0,0,0.000000,25000.000000,0.840845,0.948421
170,0.583874,51.290000,1.331371,0.000000,0.000000,0.697840,0.000000,0.002120,0.697840,1,17446,0,53,0,17446,17499,25000,14455,15182,14455,727,2991,50,3,53,0.943396,25000.000000,0.828557,0.952114
171,0.451641,49.060000,1.369463,0.000000,0.000000,0.708960,0.000000,0.000000,0.708960,0,17724,0,0,0,17724,17724,25000,15771,16513,15771,742,1953,0,0,0,0.000000,25000.000000,0.889810,0.955066
172,0.508552,50.000000,1.371205,0.000000,0.000000,0.684120,0.000000,0.000000,0.684120,0,17103,0,0,0,17103,17103,25000,14567,15333,14567,766,2536,0,0,0,0.000000,25000.000000,0.851722,0.950042
173,0.519975,49.220000,1.372697,0.000000,0.000000,0.691960,0.000000,0.000000,0.691960,0,17299,0,0,0,17299,17299,25000,14787,15373,14787,586,2512,0,0,0,0.000000,25000.000000,0.854789,0.961881
174,0.471238,50.220000,1.354876,0.000000,0.000000,0.659960,0.000000,0.000000,0.659960,0,16499,0,0,0,16499,16499,25000,14485,15219,14485,734,2014,0,0,0,0.000000,25000.000000,0.877932,0.951771
175,0.602458,48.970000,1.378530,0.000000,0.000000,0.664920,0.000040,0.002000,0.664960,1,16623,1,50,1,16624,16674,25000,13892,14546,13892,654,2732,47,3,50,0.940000,25000.000000,0.835659,0.955039
176,0.531345,50.080000,1.359214,0.000000,0.000000,0.684040,0.000000,0.000000,0.684040,0,17101,0,0,0,17101,17101,25000,14525,15246,14525,721,2576,0,0,0,0.000000,25000.000000,0.849366,0.952709
177,0.499275,50.390000,1.353221,0.000000,0.000000,0.667960,0.000000,0.000000,0.667960,0,16699,0,0,0,16699,16699,25000,14288,15061,14288,773,2411,0,0,0,0.000000,25000.000000,0.855620,0.948675
178,0.568726,50.540000,1.334313,0.000000,0.000000,0.664240,0.000000,0.000000,0.664240,0,16606,0,0,0,16606,16606,25000,13680,14380,13680,700,2926,0,0,0,0.000000,25000.000000,0.823799,0.951321
179,0.538254,50.550000,1.355531,0.000000,0.000000,0.685680,0.000000,0.000000,0.685680,0,17142,0,0,0,17142,17142,25000,14337,14998,14337,661,2805,0,0,0,0.000000,25000.000000,0.836367,0.955927
180,0.447618,49.840000,1.376763,0.000000,0.000000,0.684840,0.000000,0.002000,0.684840,1,17121,0,50,0,17121,17171,25000,15089,15870,15089,781,2032,45,5,50,0.900000,25000.000000,0.881315,0.950788
181,0.565145,49.950000,1.356986,0.000000,0.000000,0.693440,0.000000,0.000000,0.693440,0,17336,0,0,0,17336,17336,25000,14235,14801,14235,566,3101,0,0,0,0.000000,25000.000000,0.821124,0.961759
182,0.470188,49.760000,1.381525,0.000000,0.000000,0.694080,0.000000,0.000000,0.694080,0,17352,0,0,0,17352,17352,25000,15168,15958,15168,790,2184,0,0,0,0.000000,25000.000000,0.874136,0.950495
183,0.485021,49.970000,1.378151,0.000000,0.000000,0.696280,0.000000,0.000000,0.696280,0,17407,0,0,0,17407,17407,25000,14943,15598,14943,655,2464,0,0,0,0.000000,25000.000000,0.858448,0.958007
184,0.445910,50.680000,1.355056,0.000000,0.000000,0.694840,0.000000,0.000000,0.694840,0,17371,0,0,0,17371,17371,25000,15317,16061,15317,744,2054,0,0,0,0.000000,25000.000000,0.881757,0.953677
185,0.559466,49.010000,1.375657,0.000000,0.000000,0.656160,0.000040,0.003120,0.656200,1,16404,1,78,1,16405,16483,25000,13596,14316,13596,720,2809,71,7,78,0.910256,25000.000000,0.828772,0.949707
186,0.493176,50.180000,1.367227,0.000000,0.000000,0.701000,0.000000,0.000000,0.701000,0,17525,0,0,0,17525,17525,25000,15052,15649,15052,597,2473,0,0,0,0.000000,25000.000000,0.858887,0.961851
187,0.482361,51.150000,1.346595,0.000000,0.000000,0.705520,0.000000,0.000000,0.705520,0,17638,0,0,0,17638,17638,25000,15300,16024,15300,724,2338,0,0,0,0.000000,25000.000000,0.867445,0.954818
188,0.478719,51.280000,1.341656,0.000000,0.000000,0.695120,0.000000,0.000000,0.695120,0,17378,0,0,0,17378,17378,25000,15210,15931,15210,721,2168,0,0,0,0.000000,25000.000000,0.875245,0.954742
189,0.476081,50.720000,1.352224,0.000000,0.000000,0.686560,0.000000,0.000000,0.686560,0,17164,0,0,0,17164,17164,25000,14753,15491,14753,738,2411,0,0,0,0.000000,25000.000000,0.859532,0.952359
190,0.531013,49.380000,1.368720,0.000000,0.000000,0.686160,0.000040,0.002120,0.686200,1,17154,1,53,1,17155,17208,25000,14468,15170,14468,702,2687,50,3,53,0.943396,25000.000000,0.843369,0.953724
191,0.492575,49.730000,1.366575,0.000000,0.000000,0.696360,0.000000,0.000000,0.696360,0,17409,0,0,0,17409,17409,25000,15045,15716,15045,671,2364,0,0,0,0.000000,25000.000000,0.864208,0.957305
192,0.585929,50.280000,1.357286,0.000000,0.000000,0.698840,0.000000,0.000000,0.698840,0,17471,0,0,0,17471,17471,25000,14257,14880,14257,623,3214,0,0,0,0.000000,25000.000000,0.816038,0.958132
193,0.431368,50.850000,1.344770,0.000000,0.000000,0.684760,0.000000,0.000000,0.684760,0,17119,0,0,0,17119,17119,25000,15142,15830,15142,688,1977,0,0,0,0.000000,25000.000000,0.884514,0.956538
194,0.561265,50.550000,1.340217,0.000000,0.000000,0.691400,0.000000,0.000000,0.691400,0,17285,0,0,0,17285,17285,25000,14638,15290,14638,652,2647,0,0,0,0.000000,25000.000000,0.846861,0.957358
195,0.479091,50.610000,1.350485,0.000000,0.000000,0.685360,0.000040,0.002720,0.685400,1,17134,1,68,1,17135,17203,25000,14743,15520,14743,777,2392,63,5,68,0.926471,25000.000000,0.860403,0.949936
196,0.414877,50.740000,1.326443,0.000000,0.000000,0.681440,0.000000,0.000000,0.681440,0,17036,0,0,0,17036,17036,25000,15052,15783,15052,731,1984,0,0,0,0.000000,25000.000000,0.883541,0.953684
197,0.418477,50.510000,1.350368,0.000000,0.000000,0.704040,0.000000,0.000000,0.704040,0,17601,0,0,0,17601,17601,25000,15700,16404,15700,704,1901,0,0,0,0.000000,25000.000000,0.891995,0.957084
198,0.430628,50.160000,1.356887,0.000000,0.000000,0.687480,0.000000,0.000000,0.687480,0,17187,0,0,0,17187,17187,25000,15107,15821,15107,714,2080,0,0,0,0.000000,25000.000000,0.878978,0.954870
199,0.454769,50.150000,1.358006,0.000000,0.000000,0.687800,0.000000,0.000000,0.687800,0,17195,0,0,0,17195,17195,25000,14879,15513,14879,634,2316,0,0,0,0.000000,25000.000000,0.865310,0.959131
200,0.487091,49.200000,1.375565,0.000000,0.000000,0.674480,0.000120,0.002560,0.674600,1,16862,3,64,3,16865,16929,25000,14627,15382,14627,755,2238,60,4,64,0.937500,25000.000000,0.867299,0.950917
201,0.354680,50.160000,1.344258,0.000000,0.000000,0.662360,0.000000,0.000000,0.662360,0,16559,0,0,0,16559,16559,25000,14978,15778,14978,800,1581,0,0,0,0.000000,25000.000000,0.904523,0.949296
202,0.408378,51.130000,1.340406,0.000000,0.000000,0.695560,0.000000,0.000000,0.695560,0,17389,0,0,0,17389,17389,25000,15518,16278,15518,760,1871,0,0,0,0.000000,25000.000000,0.892403,0.953311
203,0.509635,50.270000,1.338075,0.000000,0.000000,0.698840,0.000000,0.000000,0.698840,0,17471,0,0,0,17471,17471,25000,14807,15466,14807,659,2664,0,0,0,0.000000,25000.000000,0.847519,0.957390
204,0.426841,51.530000,1.327257,0.000000,0.000000,0.693560,0.000000,0.000000,0.693560,0,17339,0,0,0,17339,17339,25000,15269,15940,15269,671,2070,0,0,0,0.000000,25000.000000,0.880616,0.957905
205,0.565321,49.140000,1.376212,0.000000,0.000000,0.702760,0.000000,0.002560,0.702760,1,17569,0,64,0,17569,17633,25000,14517,15229,14517,712,3052,61,3,64,0.953125,25000.000000,0.826285,0.953247
206,0.521048,49.280000,1.380955,0.000000,0.000000,0.689160,0.000000,0.000000,0.689160,0,17229,0,0,0,17229,17229,25000,14476,15099,14476,623,2753,0,0,0,0.000000,25000.000000,0.840211,0.958739
207,0.447654,51.670000,1.335667,0.000000,0.000000,0.708080,0.000000,0.000000,0.708080,0,17702,0,0,0,17702,17702,25000,15554,16217,15554,663,2148,0,0,0,0.000000,25000.000000,0.878658,0.959117
208,0.493860,51.690000,1.339003,0.000000,0.000000,0.690920,0.000000,0.000000,0.690920,0,17273,0,0,0,17273,17273,25000,14752,15403,14752,651,2521,0,0,0,0.000000,25000.000000,0.854050,0.957736
209,0.482369,51.240000,1.362190,0.000000,0.000000,0.689200,0.000000,0.000000,0.689200,0,17230,0,0,0,17230,17230,25000,14892,15609,14892,717,2338,0,0,0,0.000000,25000.000000,0.864306,0.954065
210,0.360676,51.080000,1.342154,0.000000,0.000000,0.709160,0.000040,0.002200,0.709200,1,17729,1,55,1,17730,17785,25000,16031,16768,16031,737,1699,53,2,55,0.963636,25000.000000,0.904174,0.956047
211,0.440821,49.830000,1.372440,0.000000,0.000000,0.700800,0.000000,0.000000,0.700800,0,17520,0,0,0,17520,17520,25000,15242,15945,15242,703,2278,0,0,0,0.000000,25000.000000,0.869977,0.955911
212,0.464657,50.660000,1.340412,0.000000,0.000000,0.697960,0.000000,0.000000,0.697960,0,17449,0,0,0,17449,17449,25000,15114,15785,15114,671,2335,0,0,0,0.000000,25000.000000,0.866181,0.957491
213,0.453174,50.470000,1.340265,0.000000,0.000000,0.687000,0.000000,0.000000,0.687000,0,17175,0,0,0,17175,17175,25000,14856,15507,14856,651,2319,0,0,0,0.000000,25000.000000,0.864978,0.958019
214,0.409424,50.060000,1.353423,0.000000,0.000000,0.693920,0.000000,0.000000,0.693920,0,17348,0,0,0,17348,17348,25000,15351,16080,15351,729,1997,0,0,0,0.000000,25000.000000,0.884886,0.954664
215,0.588760,50.950000,1.332773,0.000000,0.000000,0.694600,0.000040,0.002880,0.694640,1,17365,1,72,1,17366,17438,25000,14105,14886,14105,781,3261,68,4,72,0.944444,25000.000000,0.812219,0.947535
216,0.560103,49.610000,1.345500,0.000000,0.000000,0.715840,0.000000,0.000000,0.715840,0,17896,0,0,0,17896,17896,25000,14937,15546,14937,609,2959,0,0,0,0.000000,25000.000000,0.834656,0.960826
217,0.456737,50.620000,1.339870,0.000000,0.000000,0.696160,0.000000,0.000000,0.696160,0,17404,0,0,0,17404,17404,25000,15041,15700,15041,659,2363,0,0,0,0.000000,25000.000000,0.864227,0.958025
218,0.475109,50.140000,1.355149,0.000000,0.000000,0.685920,0.000000,0.000000,0.685920,0,17148,0,0,0,17148,17148,25000,14745,15367,14745,622,2403,0,0,0,0.000000,25000.000000,0.859867,0.959524
219,0.517729,50.790000,1.339707,0.000000,0.000000,0.688920,0.000000,0.000000,0.688920,0,17223,0,0,0,17223,17223,25000,14552,15215,14552,663,2671,0,0,0,0.000000,25000.000000,0.844917,0.956425
220,0.525463,49.120000,1.380722,0.000000,0.000000,0.695640,0.000040,0.001880,0.695680,1,17391,1,47,1,17392,17439,25000,14538,15217,14538,679,2854,45,2,47,0.957447,25000.000000,0.835902,0.955379
221,0.414779,50.590000,1.335126,0.000000,0.000000,0.717240,0.000000,0.000000,0.717240,0,17931,0,0,0,17931,17931,25000,15942,16628,15942,686,1989,0,0,0,0.000000,25000.000000,0.889075,0.958744
222,0.440801,49.760000,1.360050,0.000000,0.000000,0.694760,0.000000,0.000000,0.694760,0,17369,0,0,0,17369,17369,25000,15258,15920,15258,662,2111,0,0,0,0.000000,25000.000000,0.878462,0.958417
223,0.390335,50.730000,1.359416,0.000000,0.000000,0.688280,0.000000,0.000000,0.688280,0,17207,0,0,0,17207,17207,25000,15426,16146,15426,720,1781,0,0,0,0.000000,25000.000000,0.896496,0.955407
224,0.361531,50.440000,1.361227,0.000000,0.000000,0.700040,0.000000,0.000000,0.700040,0,17501,0,0,0,17501,17501,25000,15797,16477,15797,680,1704,0,0,0,0.000000,25000.000000,0.902634,0.958730
225,0.479750,51.870000,1.323891,0.000000,0.000000,0.685760,0.000000,0.001600,0.685760,1,17144,0,40,0,17144,17184,25000,14679,15341,14679,662,2465,39,1,40,0.975000,25000.000000,0.856218,0.956848
226,0.450682,50.490000,1.351650,0.000000,0.000000,0.692800,0.000000,0.000000,0.692800,0,17320,0,0,0,17320,17320,25000,15035,15707,15035,672,2285,0,0,0,0.000000,25000.000000,0.868072,0.957217
227,0.462364,50.120000,1.359269,0.000000,0.000000,0.686000,0.000000,0.000000,0.686000,0,17150,0,0,0,17150,17150,25000,14592,15244,14592,652,2558,0,0,0,0.000000,25000.000000,0.850845,0.957229
228,0.464265,50.790000,1.350267,0.000000,0.000000,0.689720,0.000000,0.000000,0.689720,0,17243,0,0,0,17243,17243,25000,14752,15403,14752,651,2491,0,0,0,0.000000,25000.000000,0.855536,0.957736
229,0.457461,49.880000,1.367815,0.000000,0.000000,0.687000,0.000000,0.000000,0.687000,0,17175,0,0,0,17175,17175,25000,14689,15354,14689,665,2486,0,0,0,0.000000,25000.000000,0.855255,0.956689
230,0.426764,51.190000,1.327625,0.000000,0.000000,0.694160,0.000000,0.002360,0.694160,1,17354,0,59,0,17354,17413,25000,15333,16103,15333,770,2021,55,4,59,0.932203,25000.000000,0.883543,0.952183
231,0.451007,50.880000,1.337179,0.000000,0.000000,0.712200,0.000000,0.000000,0.712200,0,17805,0,0,0,17805,17805,25000,15461,16139,15461,678,2344,0,0,0,0.000000,25000.000000,0.868352,0.957990
232,0.514898,49.680000,1.361911,0.000000,0.000000,0.670800,0.000000,0.000000,0.670800,0,16770,0,0,0,16770,16770,25000,14013,14641,14013,628,2757,0,0,0,0.000000,25000.000000,0.835599,0.957107
233,0.463207,50.380000,1.356851,0.000000,0.000000,0.707960,0.000000,0.000000,0.707960,0,17699,0,0,0,17699,17699,25000,15106,15678,15106,572,2593,0,0,0,0.000000,25000.000000,0.853495,0.963516
234,0.463037,50.980000,1.359764,0.000000,0.000000,0.686680,0.000000,0.000000,0.686680,0,17167,0,0,0,17167,17167,25000,14737,15339,14737,602,2430,0,0,0,0.000000,25000.000000,0.858449,0.960754
235,0.540851,49.760000,1.356511,0.000000,0.000000,0.700480,0.000000,0.002520,0.700480,1,17512,0,63,0,17512,17575,25000,14431,15077,14431,646,3081,59,4,63,0.936508,25000.000000,0.824063,0.957153
236,0.424821,49.500000,1.364458,0.000000,0.000000,0.710000,0.000000,0.000000,0.710000,0,17750,0,0,0,17750,17750,25000,15441,16070,15441,629,2309,0,0,0,0.000000,25000.000000,0.869915,0.960859
237,0.377954,49.010000,1.382614,0.000000,0.000000,0.680120,0.000000,0.000000,0.680120,0,17003,0,0,0,17003,17003,25000,15166,15905,15166,739,1837,0,0,0,0.000000,25000.000000,0.891960,0.953537
238,0.524586,50.270000,1.348100,0.000000,0.000000,0.700880,0.000000,0.000000,0.700880,0,17522,0,0,0,17522,17522,25000,14675,15328,14675,653,2847,0,0,0,0.000000,25000.000000,0.837519,0.957398
239,0.389566,50.300000,1.360100,0.000000,0.000000,0.689360,0.000000,0.000000,0.689360,0,17234,0,0,0,17234,17234,25000,15514,16221,15514,707,1720,0,0,0,0.000000,25000.000000,0.900197,0.956415
240,0.416784,49.850000,1.357893,0.000000,0.000000,0.675360,0.000000,0.001840,0.675360,1,16884,0,46,0,16884,16930,25000,14652,15398,14652,746,2232,44,2,46,0.956522,25000.000000,0.867804,0.951552
241,0.419968,49.930000,1.360022,0.000000,0.000000,0.689000,0.000000,0.000000,0.689000,0,17225,0,0,0,17225,17225,25000,15002,15668,15002,666,2223,0,0,0,0.000000,25000.000000,0.870943,0.957493
242,0.556048,50.440000,1.350162,0.000000,0.000000,0.669320,0.000000,0.000000,0.669320,0,16733,0,0,0,16733,16733,25000,13689,14331,13689,642,3044,0,0,0,0.000000,25000.000000,0.818084,0.955202
243,0.428817,50.590000,1.368825,0.000000,0.000000,0.684280,0.000000,0.000000,0.684280,0,17107,0,0,0,17107,17107,25000,14823,15467,14823,644,2284,0,0,0,0.000000,25000.000000,0.866487,0.958363
244,0.446860,50.480000,1.351202,0.000000,0.000000,0.692200,0.000000,0.000000,0.692200,0,17305,0,0,0,17305,17305,25000,14951,15530,14951,579,2354,0,0,0,0.000000,25000.000000,0.863970,0.962717
245,0.435756,50.590000,1.351981,0.000000,0.000000,0.694400,0.000040,0.001520,0.694440,1,17360,1,38,1,17361,17399,25000,14936,15636,14936,700,2425,34,4,38,0.894737,25000.000000,0.860319,0.955232
246,0.469817,50.540000,1.358870,0.000000,0.000000,0.712360,0.000000,0.000000,0.712360,0,17809,0,0,0,17809,17809,25000,15276,15908,15276,632,2533,0,0,0,0.000000,25000.000000,0.857769,0.960272
247,0.386833,50.660000,1.380915,0.000000,0.000000,0.674760,0.000000,0.000000,0.674760,0,16869,0,0,0,16869,16869,25000,14834,15536,14834,702,2035,0,0,0,0.000000,25000.000000,0.879365,0.954815
248,0.385385,50.000000,1.375318,0.000000,0.000000,0.686720,0.000000,0.000000,0.686720,0,17168,0,0,0,17168,17168,25000,15186,15867,15186,681,1982,0,0,0,0.000000,25000.000000,0.884553,0.957081
249,0.487326,48.770000,1.378815,0.000000,0.000000,0.691440,0.000000,0.000000,0.691440,0,17286,0,0,0,17286,17286,25000,14658,15277,14658,619,2628,0,0,0,0.000000,25000.000000,0.847969,0.959482
250,0.370328,51.330000,1.344759,0.000000,0.000000,0.701200,0.000080,0.002120,0.701280,1,17530,2,53,2,17532,17585,25000,15633,16384,15633,751,1899,48,5,53,0.905660,25000.000000,0.891684,0.954163
251,0.482491,50.640000,1.330530,0.000000,0.000000,0.686080,0.000000,0.000000,0.686080,0,17152,0,0,0,17152,17152,25000,14627,15194,14627,567,2525,0,0,0,0.000000,25000.000000,0.852787,0.962683
252,0.373075,51.530000,1.336377,0.000000,0.000000,0.676200,0.000000,0.000000,0.676200,0,16905,0,0,0,16905,16905,25000,15214,15841,15214,627,1691,0,0,0,0.000000,25000.000000,0.899970,0.960419
253,0.370583,51.760000,1.324644,0.000000,0.000000,0.695480,0.000000,0.000000,0.695480,0,17387,0,0,0,17387,17387,25000,15377,16001,15377,624,2010,0,0,0,0.000000,25000.000000,0.884396,0.961002
254,0.469714,50.440000,1.333580,0.000000,0.000000,0.711160,0.000000,0.000000,0.711160,0,17779,0,0,0,17779,17779,25000,15284,15926,15284,642,2495,0,0,0,0.000000,25000.000000,0.859666,0.959689
255,0.414038,50.590000,1.358397,0.000000,0.000000,0.700360,0.000200,0.001800,0.700560,1,17509,5,45,5,17514,17559,25000,15230,15917,15230,687,2284,42,3,45,0.933333,25000.000000,0.869590,0.956839
256,0.408679,50.410000,1.350545,0.000000,0.000000,0.686520,0.000000,0.000000,0.686520,0,17163,0,0,0,17163,17163,25000,14953,15589,14953,636,2210,0,0,0,0.000000,25000.000000,0.871235,0.959202
257,0.372565,50.960000,1.361487,0.000000,0.000000,0.692200,0.000000,0.000000,0.692200,0,17305,0,0,0,17305,17305,25000,15285,15852,15285,567,2020,0,0,0,0.000000,25000.000000,0.883271,0.964232
258,0.420862,50.650000,1.348400,0.000000,0.000000,0.685600,0.000000,0.000000,0.685600,0,17140,0,0,0,17140,17140,25000,14794,15404,14794,610,2346,0,0,0,0.000000,25000.000000,0.863127,0.960400
259,0.506548,51.180000,1.319025,0.000000,0.000000,0.704280,0.000000,0.000000,0.704280,0,17607,0,0,0,17607,17607,25000,14725,15319,14725,594,2882,0,0,0,0.000000,25000.000000,0.836315,0.961225
260,0.435095,50.420000,1.338516,0.000000,0.000000,0.691040,0.000000,0.002240,0.691040,1,17276,0,56,0,17276,17332,25000,14741,15399,14741,658,2535,52,4,56,0.928571,25000.000000,0.853265,0.957270
261,0.459462,51.260000,1.329434,0.000000,0.000000,0.687080,0.000000,0.000000,0.687080,0,17177,0,0,0,17177,17177,25000,14730,15339,14730,609,2447,0,0,0,0.000000,25000.000000,0.857542,0.960297
262,0.420455,51.000000,1.326712,0.000000,0.000000,0.725280,0.000000,0.000000,0.725280,0,18132,0,0,0,18132,18132,25000,15839,16502,15839,663,2293,0,0,0,0.000000,25000.000000,0.873538,0.959823
263,0.360583,51.060000,1.345743,0.000000,0.000000,0.696040,0.000000,0.000000,0.696040,0,17401,0,0,0,17401,17401,25000,15466,16133,15466,667,1935,0,0,0,0.000000,25000.000000,0.888799,0.958656
264,0.416754,51.110000,1.338877,0.000000,0.000000,0.694000,0.000000,0.000000,0.694000,0,17350,0,0,0,17350,17350,25000,15017,15550,15017,533,2333,0,0,0,0.000000,25000.000000,0.865533,0.965723
265,0.396095,50.900000,1.331772,0.000000,0.000000,0.688720,0.000080,0.001240,0.688800,1,17218,2,31,2,17220,17251,25000,15142,15801,15142,659,2078,28,3,31,0.903226,25000.000000,0.879326,0.958294
266,0.424403,52.290000,1.309806,0.000000,0.000000,0.716360,0.000000,0.000000,0.716360,0,17909,0,0,0,17909,17909,25000,15639,16295,15639,656,2270,0,0,0,0.000000,25000.000000,0.873248,0.959742
267,0.391556,52.080000,1.314671,0.000000,0.000000,0.700360,0.000000,0.000000,0.700360,0,17509,0,0,0,17509,17509,25000,15373,15936,15373,563,2136,0,0,0,0.000000,25000.000000,0.878006,0.964671
268,0.459319,51.620000,1.329721,0.000000,0.000000,0.699840,0.000000,0.000000,0.699840,0,17496,0,0,0,17496,17496,25000,14833,15471,14833,638,2663,0,0,0,0.000000,25000.000000,0.847794,0.958762
269,0.416109,49.790000,1.378954,0.000000,0.000000,0.688320,0.000000,0.000000,0.688320,0,17208,0,0,0,17208,17208,25000,14839,15452,14839,613,2369,0,0,0,0.000000,25000.000000,0.862331,0.960329
270,0.390620,50.160000,1.372487,0.000000,0.000000,0.703760,0.000080,0.002320,0.703840,1,17594,2,58,2,17596,17654,25000,15585,16327,15585,742,2011,54,4,58,0.931034,25000.000000,0.885713,0.954554
271,0.474122,50.170000,1.365090,0.000000,0.000000,0.681280,0.000000,0.000000,0.681280,0,17032,0,0,0,17032,17032,25000,14370,15009,14370,639,2662,0,0,0,0.000000,25000.000000,0.843706,0.957426
272,0.435809,51.310000,1.334398,0.000000,0.000000,0.683800,0.000000,0.000000,0.683800,0,17095,0,0,0,17095,17095,25000,14762,15432,14762,670,2333,0,0,0,0.000000,25000.000000,0.863527,0.956584
273,0.413974,51.790000,1.315957,0.000000,0.000000,0.688280,0.000000,0.000000,0.688280,0,17207,0,0,0,17207,17207,25000,14880,15444,14880,564,2327,0,0,0,0.000000,25000.000000,0.864764,0.963481
274,0.460303,50.970000,1.344075,0.000000,0.000000,0.716240,0.000000,0.000000,0.716240,0,17906,0,0,0,17906,17906,25000,15141,15718,15141,577,2765,0,0,0,0.000000,25000.000000,0.845582,0.963290
275,0.377161,51.030000,1.349160,0.000000,0.000000,0.697960,0.000120,0.002360,0.698080,1,17449,3,59,3,17452,17511,25000,15388,16085,15388,697,2064,56,3,59,0.949153,25000.000000,0.881733,0.956668
276,0.428615,51.180000,1.348633,0.000000,0.000000,0.704200,0.000000,0.000000,0.704200,0,17605,0,0,0,17605,17605,25000,15166,15734,15166,568,2439,0,0,0,0.000000,25000.000000,0.861460,0.963900
277,0.358125,51.260000,1.345033,0.000000,0.000000,0.711280,0.000000,0.000000,0.711280,0,17782,0,0,0,17782,17782,25000,15880,16533,15880,653,1902,0,0,0,0.000000,25000.000000,0.893038,0.960503
278,0.425573,51.500000,1.328144,0.000000,0.000000,0.717440,0.000000,0.000000,0.717440,0,17936,0,0,0,17936,17936,25000,15536,16087,15536,551,2400,0,0,0,0.000000,25000.000000,0.866191,0.965749
279,0.345545,51.320000,1.336790,0.000000,0.000000,0.693320,0.000000,0.000000,0.693320,0,17333,0,0,0,17333,17333,25000,15446,16075,15446,629,1887,0,0,0,0.000000,25000.000000,0.891133,0.960871
280,0.372438,50.860000,1.338391,0.000000,0.000000,0.713080,0.000080,0.002440,0.713160,1,17827,2,61,2,17829,17890,25000,15755,16443,15755,688,2074,55,6,61,0.901639,25000.000000,0.883673,0.958158
281,0.434871,50.740000,1.340263,0.000000,0.000000,0.702440,0.000000,0.000000,0.702440,0,17561,0,0,0,17561,17561,25000,14923,15517,14923,594,2638,0,0,0,0.000000,25000.000000,0.849781,0.961719
282,0.396370,51.200000,1.353499,0.000000,0.000000,0.692840,0.000000,0.000000,0.692840,0,17321,0,0,0,17321,17321,25000,15068,15767,15068,699,2253,0,0,0,0.000000,25000.000000,0.869927,0.955667
283,0.430118,51.300000,1.333532,0.000000,0.000000,0.696480,0.000000,0.000000,0.696480,0,17412,0,0,0,17412,17412,25000,14947,15588,14947,641,2465,0,0,0,0.000000,25000.000000,0.858431,0.958879
284,0.394044,50.870000,1.341233,0.000000,0.000000,0.711600,0.000000,0.000000,0.711600,0,17790,0,0,0,17790,17790,25000,15511,16163,15511,652,2279,0,0,0,0.000000,25000.000000,0.871894,0.959661
285,0.415368,51.160000,1.337904,0.000000,0.000000,0.709560,0.000000,0.001760,0.709560,1,17739,0,44,0,17739,17783,25000,15279,15902,15279,623,2460,31,13,44,0.704545,25000.000000,0.861323,0.960823
286,0.300295,51.550000,1.325012,0.000000,0.000000,0.698480,0.000000,0.000000,0.698480,0,17462,0,0,0,17462,17462,25000,15894,16583,15894,689,1568,0,0,0,0.000000,25000.000000,0.910205,0.958451
287,0.408414,51.500000,1.339763,0.000000,0.000000,0.690480,0.000000,0.000000,0.690480,0,17262,0,0,0,17262,17262,25000,14922,15524,14922,602,2340,0,0,0,0.000000,25000.000000,0.864442,0.961221
288,0.408752,51.340000,1.340895,0.000000,0.000000,0.698120,0.000000,0.000000,0.698120,0,17453,0,0,0,17453,17453,25000,15294,15955,15294,661,2159,0,0,0,0.000000,25000.000000,0.876296,0.958571
289,0.387674,50.400000,1.389349,0.000000,0.000000,0.713960,0.000000,0.000000,0.713960,0,17849,0,0,0,17849,17849,25000,15653,16268,15653,615,2196,0,0,0,0.000000,25000.000000,0.876968,0.962196
290,0.405390,50.600000,1.359613,0.000000,0.000000,0.687680,0.000080,0.002880,0.687760,1,17192,2,72,2,17194,17266,25000,14906,15511,14906,605,2288,67,5,72,0.930556,25000.000000,0.866930,0.960995
291,0.365086,50.610000,1.349107,0.000000,0.000000,0.705640,0.000000,0.000000,0.705640,0,17641,0,0,0,17641,17641,25000,15695,16357,15695,662,1946,0,0,0,0.000000,25000.000000,0.889689,0.959528
292,0.357424,50.680000,1.349447,0.000000,0.000000,0.697360,0.000000,0.000000,0.697360,0,17434,0,0,0,17434,17434,25000,15418,16116,15418,698,2016,0,0,0,0.000000,25000.000000,0.884364,0.956689
293,0.393765,51.990000,1.332219,0.000000,0.000000,0.712840,0.000000,0.000000,0.712840,0,17821,0,0,0,17821,17821,25000,15849,16479,15849,630,1972,0,0,0,0.000000,25000.000000,0.889344,0.961770
294,0.394312,50.850000,1.352869,0.000000,0.000000,0.691360,0.000000,0.000000,0.691360,0,17284,0,0,0,17284,17284,25000,15109,15729,15109,620,2175,0,0,0,0.000000,25000.000000,0.874161,0.960582
295,0.453433,51.710000,1.325240,0.000000,0.000000,0.711040,0.000040,0.002200,0.711080,1,17776,1,55,1,17777,17832,25000,15125,15780,15125,655,2652,49,6,55,0.890909,25000.000000,0.850818,0.958492
296,0.392645,50.570000,1.343092,0.000000,0.000000,0.720160,0.000000,0.000000,0.720160,0,18004,0,0,0,18004,18004,25000,15764,16330,15764,566,2240,0,0,0,0.000000,25000.000000,0.875583,0.965340
297,0.364985,50.950000,1.349772,0.000000,0.000000,0.693480,0.000000,0.000000,0.693480,0,17337,0,0,0,17337,17337,25000,15417,16181,15417,764,1920,0,0,0,0.000000,25000.000000,0.889254,0.952784
298,0.431236,51.380000,1.323043,0.000000,0.000000,0.715440,0.000000,0.000000,0.715440,0,17886,0,0,0,17886,17886,25000,15315,15877,15315,562,2571,0,0,0,0.000000,25000.000000,0.856256,0.964603
299,0.417307,50.820000,1.326432,0.000000,0.000000,0.712080,0.000000,0.000000,0.712080,0,17802,0,0,0,17802,17802,25000,15508,16071,15508,563,2294,0,0,0,0.000000,25000.000000,0.871138,0.964968
300,0.401823,51.040000,1.324324,0.000000,0.000000,0.684840,0.000000,0.001560,0.684840,1,17121,0,39,0,17121,17160,25000,14840,15503,14840,663,2281,35,4,39,0.897436,25000.000000,0.866772,0.957234
301,0.414415,50.520000,1.352135,0.000000,0.000000,0.705720,0.000000,0.000000,0.705720,0,17643,0,0,0,17643,17643,25000,15633,16243,15633,610,2010,0,0,0,0.000000,25000.000000,0.886074,0.962445
302,0.411469,52.080000,1.309661,0.000000,0.000000,0.696520,0.000000,0.000000,0.696520,0,17413,0,0,0,17413,17413,25000,15039,15684,15039,645,2374,0,0,0,0.000000,25000.000000,0.863665,0.958875
303,0.406412,51.700000,1.325937,0.000000,0.000000,0.696640,0.000000,0.000000,0.696640,0,17416,0,0,0,17416,17416,25000,15093,15684,15093,591,2323,0,0,0,0.000000,25000.000000,0.866617,0.962318
304,0.386382,51.270000,1.327137,0.000000,0.000000,0.694240,0.000000,0.000000,0.694240,0,17356,0,0,0,17356,17356,25000,14970,15575,14970,605,2386,0,0,0,0.000000,25000.000000,0.862526,0.961156
305,0.350717,51.960000,1.315436,0.000000,0.000000,0.721200,0.000080,0.001360,0.721280,1,18030,2,34,2,18032,18066,25000,16043,16665,16043,622,1989,34,0,34,1.000000,25000.000000,0.889696,0.962676
306,0.344227,50.980000,1.359631,0.000000,0.000000,0.709560,0.000000,0.000000,0.709560,0,17739,0,0,0,17739,17739,25000,15807,16485,15807,678,1932,0,0,0,0.000000,25000.000000,0.891087,0.958872
307,0.329917,52.050000,1.342234,0.000000,0.000000,0.708920,0.000000,0.000000,0.708920,0,17723,0,0,0,17723,17723,25000,15819,16551,15819,732,1904,0,0,0,0.000000,25000.000000,0.892569,0.955773
308,0.353900,51.460000,1.361147,0.000000,0.000000,0.702520,0.000000,0.000000,0.702520,0,17563,0,0,0,17563,17563,25000,15634,16283,15634,649,1929,0,0,0,0.000000,25000.000000,0.890167,0.960142
309,0.394196,51.740000,1.333396,0.000000,0.000000,0.712640,0.000000,0.000000,0.712640,0,17816,0,0,0,17816,17816,25000,15370,16008,15370,638,2446,0,0,0,0.000000,25000.000000,0.862708,0.960145
310,0.412988,51.690000,1.330942,0.000000,0.000000,0.701040,0.000240,0.002080,0.701280,1,17526,6,52,6,17532,17584,25000,15254,15848,15254,594,2278,44,8,52,0.846154,25000.000000,0.870066,0.962519
311,0.424315,50.700000,1.358793,0.000000,0.000000,0.690240,0.000000,0.000000,0.690240,0,17256,0,0,0,17256,17256,25000,14758,15334,14758,576,2498,0,0,0,0.000000,25000.000000,0.855239,0.962436
312,0.393187,51.620000,1.326841,0.000000,0.000000,0.704720,0.000000,0.000000,0.704720,0,17618,0,0,0,17618,17618,25000,15290,15913,15290,623,2328,0,0,0,0.000000,25000.000000,0.867862,0.960850
313,0.403421,51.320000,1.341944,0.000000,0.000000,0.699160,0.000000,0.000000,0.699160,0,17479,0,0,0,17479,17479,25000,15110,15660,15110,550,2369,0,0,0,0.000000,25000.000000,0.864466,0.964879
314,0.365216,50.670000,1.372243,0.000000,0.000000,0.695800,0.000000,0.000000,0.695800,0,17395,0,0,0,17395,17395,25000,15364,16006,15364,642,2031,0,0,0,0.000000,25000.000000,0.883242,0.959890
315,0.328645,51.910000,1.325801,0.000000,0.000000,0.703200,0.000280,0.002080,0.703480,1,17580,7,52,7,17587,17639,25000,15783,16475,15783,692,1804,45,7,52,0.865385,25000.000000,0.897424,0.957997
316,0.396445,51.130000,1.350196,0.000000,0.000000,0.706000,0.000000,0.000000,0.706000,0,17650,0,0,0,17650,17650,25000,15233,15914,15233,681,2417,0,0,0,0.000000,25000.000000,0.863059,0.957207
317,0.367328,50.620000,1.388356,0.000000,0.000000,0.705000,0.000000,0.000000,0.705000,0,17625,0,0,0,17625,17625,25000,15561,16129,15561,568,2064,0,0,0,0.000000,25000.000000,0.882894,0.964784
318,0.409922,51.360000,1.347652,0.000000,0.000000,0.717480,0.000000,0.000000,0.717480,0,17937,0,0,0,17937,17937,25000,15375,15925,15375,550,2562,0,0,0,0.000000,25000.000000,0.857167,0.965463
319,0.355407,51.550000,1.330245,0.000000,0.000000,0.698680,0.000000,0.000000,0.698680,0,17467,0,0,0,17467,17467,25000,15413,16002,15413,589,2054,0,0,0,0.000000,25000.000000,0.882407,0.963192
320,0.465622,51.500000,1.344711,0.000000,0.000000,0.682200,0.000280,0.001800,0.682480,1,17055,7,45,7,17062,17107,25000,14415,14961,14415,546,2647,42,3,45,0.933333,25000.000000,0.844860,0.963505
321,0.406299,51.490000,1.326929,0.000000,0.000000,0.723640,0.000000,0.000000,0.723640,0,18091,0,0,0,18091,18091,25000,15691,16276,15691,585,2400,0,0,0,0.000000,25000.000000,0.867337,0.964058
322,0.390733,51.730000,1.337138,0.000000,0.000000,0.691160,0.000000,0.000000,0.691160,0,17279,0,0,0,17279,17279,25000,15012,15647,15012,635,2267,0,0,0,0.000000,25000.000000,0.868800,0.959417
323,0.345078,50.830000,1.364939,0.000000,0.000000,0.723160,0.000000,0.000000,0.723160,0,18079,0,0,0,18079,18079,25000,16150,16798,16150,648,1929,0,0,0,0.000000,25000.000000,0.893302,0.961424
324,0.389931,51.310000,1.370290,0.000000,0.000000,0.675480,0.000000,0.000000,0.675480,0,16887,0,0,0,16887,16887,25000,14653,15273,14653,620,2234,0,0,0,0.000000,25000.000000,0.867709,0.959405
325,0.348870,51.110000,1.334767,0.000000,0.000000,0.696440,0.000040,0.001800,0.696480,1,17411,1,45,1,17412,17457,25000,15439,16111,15439,672,1973,38,7,45,0.844444,25000.000000,0.886687,0.958289
326,0.361943,51.490000,1.320319,0.000000,0.000000,0.699760,0.000000,0.000000,0.699760,0,17494,0,0,0,17494,17494,25000,15262,15908,15262,646,2232,0,0,0,0.000000,25000.000000,0.872413,0.959392
327,0.321021,51.810000,1.334472,0.000000,0.000000,0.701720,0.000000,0.000000,0.701720,0,17543,0,0,0,17543,17543,25000,15684,16284,15684,600,1859,0,0,0,0.000000,25000.000000,0.894032,0.963154
328,0.405663,52.050000,1.331993,0.000000,0.000000,0.685600,0.000000,0.000000,0.685600,0,17140,0,0,0,17140,17140,25000,14725,15343,14725,618,2415,0,0,0,0.000000,25000.000000,0.859102,0.959721
329,0.378655,51.630000,1.346226,0.000000,0.000000,0.698600,0.000000,0.000000,0.698600,0,17465,0,0,0,17465,17465,25000,15298,15934,15298,636,2167,0,0,0,0.000000,25000.000000,0.875923,0.960085
330,0.376082,51.830000,1.336484,0.000000,0.000000,0.689000,0.000320,0.001680,0.689320,1,17225,8,42,8,17233,17275,25000,15024,15660,15024,636,2209,36,6,42,0.857143,25000.000000,0.871816,0.959387
331,0.366628,51.410000,1.336274,0.000000,0.000000,0.690000,0.000000,0.000000,0.690000,0,17250,0,0,0,17250,17250,25000,15082,15683,15082,601,2168,0,0,0,0.000000,25000.000000,0.874319,0.961678
332,0.373187,51.110000,1.346018,0.000000,0.000000,0.716520,0.000000,0.000000,0.716520,0,17913,0,0,0,17913,17913,25000,15602,16181,15602,579,2311,0,0,0,0.000000,25000.000000,0.870988,0.964217
333,0.366285,51.370000,1.346656,0.000000,0.000000,0.697520,0.000000,0.000000,0.697520,0,17438,0,0,0,17438,17438,25000,15227,15886,15227,659,2211,0,0,0,0.000000,25000.000000,0.873208,0.958517
334,0.382051,50.990000,1.356414,0.000000,0.000000,0.705600,0.000000,0.000000,0.705600,0,17640,0,0,0,17640,17640,25000,15406,15995,15406,589,2234,0,0,0,0.000000,25000.000000,0.873356,0.963176
335,0.313117,52.200000,1.326344,0.000000,0.000000,0.714440,0.000160,0.001880,0.714600,1,17861,4,47,4,17865,17912,25000,16009,16595,16009,586,1856,40,7,47,0.851064,25000.000000,0.896110,0.964688
336,0.422595,51.140000,1.340756,0.000000,0.000000,0.690960,0.000000,0.000000,0.690960,0,17274,0,0,0,17274,17274,25000,14731,15319,14731,588,2543,0,0,0,0.000000,25000.000000,0.852785,0.961616
337,0.376363,51.900000,1.334872,0.000000,0.000000,0.700160,0.000000,0.000000,0.700160,0,17504,0,0,0,17504,17504,25000,15272,15893,15272,621,2232,0,0,0,0.000000,25000.000000,0.872486,0.960926
338,0.318813,51.740000,1.336567,0.000000,0.000000,0.696400,0.000000,0.000000,0.696400,0,17410,0,0,0,17410,17410,25000,15596,16207,15596,611,1814,0,0,0,0.000000,25000.000000,0.895807,0.962300
339,0.349307,51.830000,1.330251,0.000000,0.000000,0.694040,0.000000,0.000000,0.694040,0,17351,0,0,0,17351,17351,25000,15471,16155,15471,684,1880,0,0,0,0.000000,25000.000000,0.891649,0.957660
340,0.349135,52.920000,1.295967,0.000000,0.000000,0.685120,0.000200,0.001560,0.685320,1,17128,5,39,5,17133,17172,25000,14960,15582,14960,622,2173,35,4,39,0.897436,25000.000000,0.873169,0.960082
341,0.316439,52.390000,1.337454,0.000000,0.000000,0.705040,0.000000,0.000000,0.705040,0,17626,0,0,0,17626,17626,25000,15815,16379,15815,564,1811,0,0,0,0.000000,25000.000000,0.897254,0.965566
342,0.371314,52.030000,1.359532,0.000000,0.000000,0.704680,0.000000,0.000000,0.704680,0,17617,0,0,0,17617,17617,25000,15187,15750,15187,563,2430,0,0,0,0.000000,25000.000000,0.862065,0.964254
343,0.332686,51.040000,1.346421,0.000000,0.000000,0.715320,0.000000,0.000000,0.715320,0,17883,0,0,0,17883,17883,25000,15939,16535,15939,596,1944,0,0,0,0.000000,25000.000000,0.891293,0.963955
344,0.322148,51.160000,1.352995,0.000000,0.000000,0.720360,0.000000,0.000000,0.720360,0,18009,0,0,0,18009,18009,25000,16115,16691,16115,576,1894,0,0,0,0.000000,25000.000000,0.894830,0.965490
345,0.351824,51.570000,1.356292,0.000000,0.000000,0.701200,0.000160,0.002120,0.701360,1,17530,4,53,4,17534,17587,25000,15479,16033,15479,554,2055,49,4,53,0.924528,25000.000000,0.882799,0.965446
346,0.361927,52.310000,1.327414,0.000000,0.000000,0.702760,0.000000,0.000000,0.702760,0,17569,0,0,0,17569,17569,25000,15393,16028,15393,635,2176,0,0,0,0.000000,25000.000000,0.876145,0.960382
347,0.374156,52.040000,1.335414,0.000000,0.000000,0.700320,0.000000,0.000000,0.700320,0,17508,0,0,0,17508,17508,25000,15156,15674,15156,518,2352,0,0,0,0.000000,25000.000000,0.865661,0.966952
348,0.304169,52.680000,1.308699,0.000000,0.000000,0.695320,0.000000,0.000000,0.695320,0,17383,0,0,0,17383,17383,25000,15618,16258,15618,640,1765,0,0,0,0.000000,25000.000000,0.898464,0.960635
349,0.355821,52.190000,1.326381,0.000000,0.000000,0.699680,0.000000,0.000000,0.699680,0,17492,0,0,0,17492,17492,25000,15284,15875,15284,591,2208,0,0,0,0.000000,25000.000000,0.873771,0.962772
350,0.388623,51.890000,1.347610,0.000000,0.000000,0.706800,0.000040,0.001360,0.706840,1,17670,1,34,1,17671,17705,25000,15531,16153,15531,622,2140,32,2,34,0.941176,25000.000000,0.878898,0.961493
351,0.336547,52.310000,1.349382,0.000000,0.000000,0.708280,0.000000,0.000000,0.708280,0,17707,0,0,0,17707,17707,25000,15782,16439,15782,657,1925,0,0,0,0.000000,25000.000000,0.891286,0.960034
352,0.400206,53.070000,1.308895,0.000000,0.000000,0.704360,0.000000,0.000000,0.704360,0,17609,0,0,0,17609,17609,25000,15323,15985,15323,662,2286,0,0,0,0.000000,25000.000000,0.870180,0.958586
353,0.327695,52.690000,1.319664,0.000000,0.000000,0.703560,0.000000,0.000000,0.703560,0,17589,0,0,0,17589,17589,25000,15520,16075,15520,555,2069,0,0,0,0.000000,25000.000000,0.882370,0.965474
354,0.352482,52.680000,1.308658,0.000000,0.000000,0.671920,0.000000,0.000000,0.671920,0,16798,0,0,0,16798,16798,25000,14580,15182,14580,602,2218,0,0,0,0.000000,25000.000000,0.867960,0.960348
355,0.331613,52.970000,1.301648,0.000000,0.000000,0.698680,0.000360,0.001960,0.699040,1,17467,9,49,9,17476,17525,25000,15567,16291,15567,724,1909,48,1,49,0.979592,25000.000000,0.890764,0.955558
356,0.284989,52.290000,1.322127,0.000000,0.000000,0.725400,0.000000,0.000000,0.725400,0,18135,0,0,0,18135,18135,25000,16390,17004,16390,614,1745,0,0,0,0.000000,25000.000000,0.903777,0.963891
357,0.336782,52.330000,1.342001,0.000000,0.000000,0.706920,0.000000,0.000000,0.706920,0,17673,0,0,0,17673,17673,25000,15506,16097,15506,591,2167,0,0,0,0.000000,25000.000000,0.877384,0.963285
358,0.291282,52.930000,1.327791,0.000000,0.000000,0.703720,0.000000,0.000000,0.703720,0,17593,0,0,0,17593,17593,25000,16177,16831,16177,654,1416,0,0,0,0.000000,25000.000000,0.919513,0.961143
359,0.314838,52.630000,1.310721,0.000000,0.000000,0.729120,0.000000,0.000000,0.729120,0,18228,0,0,0,18228,18228,25000,16349,16944,16349,595,1879,0,0,0,0.000000,25000.000000,0.896917,0.964884
360,0.299030,53.070000,1.297847,0.000000,0.000000,0.717200,0.000040,0.001520,0.717240,1,17930,1,38,1,17931,17969,25000,16244,16896,16244,652,1687,34,4,38,0.894737,25000.000000,0.905917,0.961411
361,0.329309,52.450000,1.327307,0.000000,0.000000,0.705760,0.000000,0.000000,0.705760,0,17644,0,0,0,17644,17644,25000,15525,16086,15525,561,2119,0,0,0,0.000000,25000.000000,0.879903,0.965125
362,0.382183,52.320000,1.339319,0.000000,0.000000,0.724840,0.000000,0.000000,0.724840,0,18121,0,0,0,18121,18121,25000,15953,16502,15953,549,2168,0,0,0,0.000000,25000.000000,0.880360,0.966731
363,0.343679,52.210000,1.357506,0.000000,0.000000,0.717440,0.000000,0.000000,0.717440,0,17936,0,0,0,17936,17936,25000,15965,16647,15965,682,1971,0,0,0,0.000000,25000.000000,0.890109,0.959032
364,0.384696,53.330000,1.294808,0.000000,0.000000,0.707120,0.000000,0.000000,0.707120,0,17678,0,0,0,17678,17678,25000,15355,15978,15355,623,2323,0,0,0,0.000000,25000.000000,0.868594,0.961009
365,0.350474,52.600000,1.318008,0.000000,0.000000,0.718480,0.000240,0.001720,0.718720,1,17962,6,43,6,17968,18011,25000,15792,16390,15792,598,2176,37,6,43,0.860465,25000.000000,0.878896,0.963514
366,0.331022,52.140000,1.341985,0.000000,0.000000,0.698800,0.000000,0.000000,0.698800,0,17470,0,0,0,17470,17470,25000,15502,16052,15502,550,1968,0,0,0,0.000000,25000.000000,0.887350,0.965736
367,0.348396,53.290000,1.302451,0.000000,0.000000,0.730960,0.000000,0.000000,0.730960,0,18274,0,0,0,18274,18274,25000,16157,16768,16157,611,2117,0,0,0,0.000000,25000.000000,0.884152,0.963562
368,0.391358,52.430000,1.334987,0.000000,0.000000,0.715640,0.000000,0.000000,0.715640,0,17891,0,0,0,17891,17891,25000,15545,16192,15545,647,2346,0,0,0,0.000000,25000.000000,0.868873,0.960042
369,0.312050,52.900000,1.313871,0.000000,0.000000,0.723760,0.000000,0.000000,0.723760,0,18094,0,0,0,18094,18094,25000,16274,16895,16274,621,1820,0,0,0,0.000000,25000.000000,0.899414,0.963244
370,0.306642,52.120000,1.336704,0.000000,0.000000,0.705560,0.000160,0.001400,0.705720,1,17639,4,35,4,17643,17678,25000,15772,16408,15772,636,1871,31,4,35,0.885714,25000.000000,0.893952,0.961238
371,0.403703,53.040000,1.312836,0.000000,0.000000,0.716720,0.000000,0.000000,0.716720,0,17918,0,0,0,17918,17918,25000,15523,16100,15523,577,2395,0,0,0,0.000000,25000.000000,0.866336,0.964161
372,0.360274,52.470000,1.333893,0.000000,0.000000,0.712760,0.000000,0.000000,0.712760,0,17819,0,0,0,17819,17819,25000,15999,16592,15999,593,1820,0,0,0,0.000000,25000.000000,0.897862,0.964260
373,0.281702,52.470000,1.343028,0.000000,0.000000,0.723520,0.000000,0.000000,0.723520,0,18088,0,0,0,18088,18088,25000,16599,17232,16599,633,1489,0,0,0,0.000000,25000.000000,0.917680,0.963266
374,0.361570,53.480000,1.300083,0.000000,0.000000,0.705920,0.000000,0.000000,0.705920,0,17648,0,0,0,17648,17648,25000,15453,15997,15453,544,2195,0,0,0,0.000000,25000.000000,0.875623,0.965994
375,0.341188,52.930000,1.315434,0.000000,0.000000,0.701200,0.000120,0.001080,0.701320,1,17530,3,27,3,17533,17560,25000,15427,16024,15427,597,2106,25,2,27,0.925926,25000.000000,0.879884,0.962743
376,0.328950,52.990000,1.315145,0.000000,0.000000,0.691800,0.000000,0.000000,0.691800,0,17295,0,0,0,17295,17295,25000,15263,15783,15263,520,2032,0,0,0,0.000000,25000.000000,0.882509,0.967053
377,0.314375,52.760000,1.338649,0.000000,0.000000,0.708840,0.000000,0.000000,0.708840,0,17721,0,0,0,17721,17721,25000,15670,16276,15670,606,2051,0,0,0,0.000000,25000.000000,0.884262,0.962767
378,0.334441,52.950000,1.330385,0.000000,0.000000,0.685920,0.000000,0.000000,0.685920,0,17148,0,0,0,17148,17148,25000,15093,15704,15093,611,2055,0,0,0,0.000000,25000.000000,0.880161,0.961093
379,0.336650,53.730000,1.311643,0.000000,0.000000,0.707440,0.000000,0.000000,0.707440,0,17686,0,0,0,17686,17686,25000,15519,16051,15519,532,2167,0,0,0,0.000000,25000.000000,0.877474,0.966856
380,0.313022,52.550000,1.351658,0.000000,0.000000,0.690480,0.000240,0.001720,0.690720,1,17262,6,43,6,17268,17311,25000,15225,15842,15225,617,2043,40,3,43,0.930233,25000.000000,0.881689,0.961053
381,0.330982,53.020000,1.337853,0.000000,0.000000,0.719760,0.000000,0.000000,0.719760,0,17994,0,0,0,17994,17994,25000,16125,16788,16125,663,1869,0,0,0,0.000000,25000.000000,0.896132,0.960508
382,0.316966,52.250000,1.344620,0.000000,0.000000,0.710600,0.000000,0.000000,0.710600,0,17765,0,0,0,17765,17765,25000,15879,16507,15879,628,1886,0,0,0,0.000000,25000.000000,0.893836,0.961956
383,0.384095,53.420000,1.311691,0.000000,0.000000,0.706160,0.000000,0.000000,0.706160,0,17654,0,0,0,17654,17654,25000,15496,16061,15496,565,2158,0,0,0,0.000000,25000.000000,0.877761,0.964822
384,0.325941,53.290000,1.311383,0.000000,0.000000,0.743320,0.000000,0.000000,0.743320,0,18583,0,0,0,18583,18583,25000,16472,17028,16472,556,2111,0,0,0,0.000000,25000.000000,0.886402,0.967348
385,0.323051,53.750000,1.307415,0.000000,0.000000,0.703880,0.000360,0.001960,0.704240,1,17597,9,49,9,17606,17655,25000,15538,16215,15538,677,2068,45,4,49,0.918367,25000.000000,0.882540,0.958249
386,0.311249,52.720000,1.312681,0.000000,0.000000,0.711760,0.000000,0.000000,0.711760,0,17794,0,0,0,17794,17794,25000,15813,16459,15813,646,1981,0,0,0,0.000000,25000.000000,0.888670,0.960751
387,0.318588,52.790000,1.317183,0.000000,0.000000,0.722080,0.000000,0.000000,0.722080,0,18052,0,0,0,18052,18052,25000,16182,16832,16182,650,1870,0,0,0,0.000000,25000.000000,0.896410,0.961383
388,0.300831,52.270000,1.342532,0.000000,0.000000,0.748720,0.000000,0.000000,0.748720,0,18718,0,0,0,18718,18718,25000,17094,17679,17094,585,1624,0,0,0,0.000000,25000.000000,0.913239,0.966910
389,0.340321,52.480000,1.324761,0.000000,0.000000,0.711560,0.000000,0.000000,0.711560,0,17789,0,0,0,17789,17789,25000,15645,16152,15645,507,2144,0,0,0,0.000000,25000.000000,0.879476,0.968611
390,0.294394,52.400000,1.331021,0.000000,0.000000,0.710680,0.000200,0.001720,0.710880,1,17767,5,43,5,17772,17815,25000,16138,16729,16138,591,1634,39,4,43,0.906977,25000.000000,0.908058,0.964672
391,0.343625,53.880000,1.313674,0.000000,0.000000,0.692840,0.000000,0.000000,0.692840,0,17321,0,0,0,17321,17321,25000,15221,15797,15221,576,2100,0,0,0,0.000000,25000.000000,0.878760,0.963537
392,0.346699,53.720000,1.308386,0.000000,0.000000,0.709520,0.000000,0.000000,0.709520,0,17738,0,0,0,17738,17738,25000,15469,16081,15469,612,2269,0,0,0,0.000000,25000.000000,0.872083,0.961943
393,0.361443,53.120000,1.321733,0.000000,0.000000,0.702600,0.000000,0.000000,0.702600,0,17565,0,0,0,17565,17565,25000,15400,15961,15400,561,2165,0,0,0,0.000000,25000.000000,0.876744,0.964852
394,0.327813,53.660000,1.293758,0.000000,0.000000,0.707640,0.000000,0.000000,0.707640,0,17691,0,0,0,17691,17691,25000,15718,16337,15718,619,1973,0,0,0,0.000000,25000.000000,0.888474,0.962111
395,0.256934,53.280000,1.320332,0.000000,0.000000,0.722280,0.000080,0.001680,0.722360,1,18057,2,42,2,18059,18101,25000,16430,17081,16430,651,1629,36,6,42,0.857143,25000.000000,0.909796,0.961887
396,0.369558,53.770000,1.311930,0.000000,0.000000,0.700840,0.000000,0.000000,0.700840,0,17521,0,0,0,17521,17521,25000,15301,15842,15301,541,2220,0,0,0,0.000000,25000.000000,0.873295,0.965850
397,0.389956,52.430000,1.334464,0.000000,0.000000,0.730200,0.000000,0.000000,0.730200,0,18255,0,0,0,18255,18255,25000,16067,16639,16067,572,2188,0,0,0,0.000000,25000.000000,0.880142,0.965623
398,0.289543,53.640000,1.313340,0.000000,0.000000,0.702160,0.000000,0.000000,0.702160,0,17554,0,0,0,17554,17554,25000,15802,16396,15802,594,1752,0,0,0,0.000000,25000.000000,0.900194,0.963772
399,0.320956,53.740000,1.307622,0.000000,0.000000,0.703480,0.000000,0.000000,0.703480,0,17587,0,0,0,17587,17587,25000,15637,16205,15637,568,1950,0,0,0,0.000000,25000.000000,0.889123,0.964949
400,0.313508,52.570000,1.353207,0.000000,0.000000,0.672680,0.000120,0.001720,0.672800,1,16817,3,43,3,16820,16863,25000,15044,15670,15044,626,1776,40,3,43,0.930233,25000.000000,0.894411,0.960051
401,0.309938,53.240000,1.321147,0.000000,0.000000,0.719800,0.000000,0.000000,0.719800,0,17995,0,0,0,17995,17995,25000,16158,16734,16158,576,1837,0,0,0,0.000000,25000.000000,0.897916,0.965579
402,0.264817,53.530000,1.318643,0.000000,0.000000,0.720240,0.000000,0.000000,0.720240,0,18006,0,0,0,18006,18006,25000,16407,17034,16407,627,1599,0,0,0,0.000000,25000.000000,0.911196,0.963191
403,0.301538,51.690000,1.363501,0.000000,0.000000,0.694600,0.000000,0.000000,0.694600,0,17365,0,0,0,17365,17365,25000,15366,15863,15366,497,1999,0,0,0,0.000000,25000.000000,0.884883,0.968669
404,0.350310,52.740000,1.314160,0.000000,0.000000,0.723000,0.000000,0.000000,0.723000,0,18075,0,0,0,18075,18075,25000,15904,16455,15904,551,2171,0,0,0,0.000000,25000.000000,0.879889,0.966515
405,0.260795,53.830000,1.314066,0.000000,0.000000,0.721840,0.000080,0.001400,0.721920,1,18046,2,35,2,18048,18083,25000,16493,17141,16493,648,1555,27,8,35,0.771429,25000.000000,0.913841,0.962196
406,0.259578,53.030000,1.354566,0.000000,0.000000,0.716760,0.000000,0.000000,0.716760,0,17919,0,0,0,17919,17919,25000,16238,16843,16238,605,1681,0,0,0,0.000000,25000.000000,0.906189,0.964080
407,0.303805,54.030000,1.320189,0.000000,0.000000,0.714480,0.000000,0.000000,0.714480,0,17862,0,0,0,17862,17862,25000,16228,16844,16228,616,1634,0,0,0,0.000000,25000.000000,0.908521,0.963429
408,0.404079,53.250000,1.322117,0.000000,0.000000,0.704240,0.000000,0.000000,0.704240,0,17606,0,0,0,17606,17606,25000,15182,15679,15182,497,2424,0,0,0,0.000000,25000.000000,0.862320,0.968302
409,0.296762,53.490000,1.330784,0.000000,0.000000,0.700960,0.000000,0.000000,0.700960,0,17524,0,0,0,17524,17524,25000,15584,16069,15584,485,1940,0,0,0,0.000000,25000.000000,0.889295,0.969818
410,0.360994,53.240000,1.318863,0.000000,0.000000,0.684360,0.000040,0.001720,0.684400,1,17109,1,43,1,17110,17153,25000,14686,15253,14686,567,2424,39,4,43,0.906977,25000.000000,0.858328,0.962827
411,0.275908,54.000000,1.311310,0.000000,0.000000,0.718800,0.000000,0.000000,0.718800,0,17970,0,0,0,17970,17970,25000,16308,16910,16308,602,1662,0,0,0,0.000000,25000.000000,0.907513,0.964400
412,0.286317,53.100000,1.335737,0.000000,0.000000,0.714200,0.000000,0.000000,0.714200,0,17855,0,0,0,17855,17855,25000,15970,16539,15970,569,1885,0,0,0,0.000000,25000.000000,0.894427,0.965596
413,0.299790,52.760000,1.327315,0.000000,0.000000,0.717600,0.000000,0.000000,0.717600,0,17940,0,0,0,17940,17940,25000,16200,16752,16200,552,1740,0,0,0,0.000000,25000.000000,0.903010,0.967049
414,0.274287,53.750000,1.305553,0.000000,0.000000,0.720360,0.000000,0.000000,0.720360,0,18009,0,0,0,18009,18009,25000,16469,17113,16469,644,1540,0,0,0,0.000000,25000.000000,0.914487,0.962368
415,0.276862,54.000000,1.302427,0.000000,0.000000,0.705720,0.000120,0.001880,0.705840,1,17643,3,47,3,17646,17693,25000,15798,16519,15798,721,1848,46,1,47,0.978723,25000.000000,0.895274,0.956353
416,0.307737,54.050000,1.303895,0.000000,0.000000,0.705880,0.000000,0.000000,0.705880,0,17647,0,0,0,17647,17647,25000,15879,16455,15879,576,1768,0,0,0,0.000000,25000.000000,0.899813,0.964995
417,0.292151,53.900000,1.306776,0.000000,0.000000,0.718960,0.000000,0.000000,0.718960,0,17974,0,0,0,17974,17974,25000,16223,16835,16223,612,1751,0,0,0,0.000000,25000.000000,0.902582,0.963647
418,0.306704,54.180000,1.317455,0.000000,0.000000,0.723760,0.000000,0.000000,0.723760,0,18094,0,0,0,18094,18094,25000,16418,17015,16418,597,1676,0,0,0,0.000000,25000.000000,0.907373,0.964913
419,0.352240,54.300000,1.302563,0.000000,0.000000,0.698760,0.000000,0.000000,0.698760,0,17469,0,0,0,17469,17469,25000,15229,15753,15229,524,2240,0,0,0,0.000000,25000.000000,0.871773,0.966736
420,0.347661,53.190000,1.320389,0.000000,0.000000,0.729320,0.000360,0.001800,0.729680,1,18233,9,45,9,18242,18287,25000,16259,16877,16259,618,1983,40,5,45,0.888889,25000.000000,0.891295,0.963382
421,0.345014,53.130000,1.330770,0.000000,0.000000,0.706000,0.000000,0.000000,0.706000,0,17650,0,0,0,17650,17650,25000,15836,16435,15836,599,1814,0,0,0,0.000000,25000.000000,0.897224,0.963553
422,0.299851,53.490000,1.328016,0.000000,0.000000,0.718840,0.000000,0.000000,0.718840,0,17971,0,0,0,17971,17971,25000,16095,16713,16095,618,1876,0,0,0,0.000000,25000.000000,0.895610,0.963023
423,0.363445,52.880000,1.346168,0.000000,0.000000,0.707480,0.000000,0.000000,0.707480,0,17687,0,0,0,17687,17687,25000,15489,16040,15489,551,2198,0,0,0,0.000000,25000.000000,0.875728,0.965648
424,0.319912,53.250000,1.346108,0.000000,0.000000,0.743120,0.000000,0.000000,0.743120,0,18578,0,0,0,18578,18578,25000,16623,17201,16623,578,1955,0,0,0,0.000000,25000.000000,0.894768,0.966397
425,0.359398,52.980000,1.342138,0.000000,0.000000,0.723120,0.000280,0.001640,0.723400,1,18078,7,41,7,18085,18126,25000,15612,16143,15612,531,2473,35,6,41,0.853659,25000.000000,0.863257,0.967106
426,0.320319,53.120000,1.346890,0.000000,0.000000,0.708000,0.000000,0.000000,0.708000,0,17700,0,0,0,17700,17700,25000,15563,16134,15563,571,2137,0,0,0,0.000000,25000.000000,0.879266,0.964609
427,0.326841,53.280000,1.322531,0.000000,0.000000,0.729360,0.000000,0.000000,0.729360,0,18234,0,0,0,18234,18234,25000,16172,16787,16172,615,2062,0,0,0,0.000000,25000.000000,0.886915,0.963365
428,0.336278,53.130000,1.327771,0.000000,0.000000,0.702520,0.000000,0.000000,0.702520,0,17563,0,0,0,17563,17563,25000,15418,15913,15418,495,2145,0,0,0,0.000000,25000.000000,0.877868,0.968893
429,0.347302,51.710000,1.363418,0.000000,0.000000,0.716760,0.000000,0.000000,0.716760,0,17919,0,0,0,17919,17919,25000,15937,16499,15937,562,1982,0,0,0,0.000000,25000.000000,0.889391,0.965937
430,0.305647,52.910000,1.335846,0.000000,0.000000,0.716560,0.000080,0.001000,0.716640,1,17914,2,25,2,17916,17941,25000,15913,16490,15913,577,2003,22,3,25,0.880000,25000.000000,0.888200,0.965009
431,0.391227,51.810000,1.347418,0.000000,0.000000,0.687960,0.000000,0.000000,0.687960,0,17199,0,0,0,17199,17199,25000,14573,15060,14573,487,2626,0,0,0,0.000000,25000.000000,0.847317,0.967663
432,0.316725,51.550000,1.362887,0.000000,0.000000,0.726120,0.000000,0.000000,0.726120,0,18153,0,0,0,18153,18153,25000,16039,16641,16039,602,2114,0,0,0,0.000000,25000.000000,0.883545,0.963824
433,0.297678,52.350000,1.341917,0.000000,0.000000,0.702400,0.000000,0.000000,0.702400,0,17560,0,0,0,17560,17560,25000,15629,16202,15629,573,1931,0,0,0,0.000000,25000.000000,0.890034,0.964634
434,0.319095,53.240000,1.321059,0.000000,0.000000,0.721480,0.000000,0.000000,0.721480,0,18037,0,0,0,18037,18037,25000,16125,16645,16125,520,1912,0,0,0,0.000000,25000.000000,0.893996,0.968759
435,0.313286,52.260000,1.365730,0.000000,0.000000,0.714240,0.000280,0.001320,0.714520,1,17856,7,33,7,17863,17896,25000,15791,16407,15791,616,2072,29,4,33,0.878788,25000.000000,0.884006,0.962455
436,0.292176,53.360000,1.337981,0.000000,0.000000,0.698520,0.000000,0.000000,0.698520,0,17463,0,0,0,17463,17463,25000,15531,16045,15531,514,1932,0,0,0,0.000000,25000.000000,0.889366,0.967965
437,0.318328,54.270000,1.289490,0.000000,0.000000,0.716960,0.000000,0.000000,0.716960,0,17924,0,0,0,17924,17924,25000,15974,16554,15974,580,1950,0,0,0,0.000000,25000.000000,0.891207,0.964963
438,0.288219,53.600000,1.316532,0.000000,0.000000,0.724640,0.000000,0.000000,0.724640,0,18116,0,0,0,18116,18116,25000,16404,16982,16404,578,1712,0,0,0,0.000000,25000.000000,0.905498,0.965964
439,0.259407,54.190000,1.321528,0.000000,0.000000,0.693320,0.000000,0.000000,0.693320,0,17333,0,0,0,17333,17333,25000,15675,16308,15675,633,1658,0,0,0,0.000000,25000.000000,0.904344,0.961185
440,0.319526,54.200000,1.289232,0.000000,0.000000,0.696120,0.000200,0.001560,0.696320,1,17403,5,39,5,17408,17447,25000,15495,16055,15495,560,1913,35,4,39,0.897436,25000.000000,0.890108,0.965120
441,0.247135,54.130000,1.306444,0.000000,0.000000,0.725640,0.000000,0.000000,0.725640,0,18141,0,0,0,18141,18141,25000,16598,17131,16598,533,1543,0,0,0,0.000000,25000.000000,0.914944,0.968887
442,0.326715,53.430000,1.312281,0.000000,0.000000,0.717920,0.000000,0.000000,0.717920,0,17948,0,0,0,17948,17948,25000,15761,16223,15761,462,2187,0,0,0,0.000000,25000.000000,0.878148,0.971522
443,0.305901,52.660000,1.358469,0.000000,0.000000,0.691200,0.000000,0.000000,0.691200,0,17280,0,0,0,17280,17280,25000,15176,15676,15176,500,2104,0,0,0,0.000000,25000.000000,0.878241,0.968104
444,0.293243,53.620000,1.343064,0.000000,0.000000,0.730000,0.000000,0.000000,0.730000,0,18250,0,0,0,18250,18250,25000,16228,16747,16228,519,2022,0,0,0,0.000000,25000.000000,0.889205,0.969009
445,0.313241,53.580000,1.331551,0.000000,0.000000,0.730880,0.000280,0.001240,0.731160,1,18272,7,31,7,18279,18310,25000,16370,16890,16370,520,1909,28,3,31,0.903226,25000.000000,0.895563,0.969213
446,0.290612,52.840000,1.368503,0.000000,0.000000,0.708080,0.000000,0.000000,0.708080,0,17702,0,0,0,17702,17702,25000,15805,16397,15805,592,1897,0,0,0,0.000000,25000.000000,0.892837,0.963896
447,0.340246,52.680000,1.345890,0.000000,0.000000,0.695120,0.000000,0.000000,0.695120,0,17378,0,0,0,17378,17378,25000,14997,15535,14997,538,2381,0,0,0,0.000000,25000.000000,0.862988,0.965369
448,0.246697,53.380000,1.319107,0.000000,0.000000,0.717880,0.000000,0.000000,0.717880,0,17947,0,0,0,17947,17947,25000,16430,16993,16430,563,1517,0,0,0,0.000000,25000.000000,0.915473,0.966869
449,0.233687,52.090000,1.365977,0.000000,0.000000,0.713840,0.000000,0.000000,0.713840,0,17846,0,0,0,17846,17846,25000,16382,16952,16382,570,1464,0,0,0,0.000000,25000.000000,0.917965,0.966376
450,0.248335,52.430000,1.359102,0.000000,0.000000,0.725960,0.000080,0.001120,0.726040,1,18149,2,28,2,18151,18179,25000,16590,17144,16590,554,1561,23,5,28,0.821429,25000.000000,0.913999,0.967685
451,0.304304,53.900000,1.313298,0.000000,0.000000,0.717280,0.000000,0.000000,0.717280,0,17932,0,0,0,17932,17932,25000,16176,16741,16176,565,1756,0,0,0,0.000000,25000.000000,0.902075,0.966251
452,0.213455,54.430000,1.309487,0.000000,0.000000,0.754840,0.000000,0.000000,0.754840,0,18871,0,0,0,18871,18871,25000,17657,18241,17657,584,1214,0,0,0,0.000000,25000.000000,0.935668,0.967984
453,0.268953,53.910000,1.341228,0.000000,0.000000,0.728800,0.000000,0.000000,0.728800,0,18220,0,0,0,18220,18220,25000,16516,17031,16516,515,1704,0,0,0,0.000000,25000.000000,0.906476,0.969761
454,0.356286,54.430000,1.294694,0.000000,0.000000,0.711160,0.000000,0.000000,0.711160,0,17779,0,0,0,17779,17779,25000,15666,16303,15666,637,2113,0,0,0,0.000000,25000.000000,0.881152,0.960927
455,0.302829,53.500000,1.321483,0.000000,0.000000,0.715880,0.000280,0.002120,0.716160,1,17897,7,53,7,17904,17957,25000,15951,16458,15951,507,1953,52,1,53,0.981132,25000.000000,0.890918,0.969194
456,0.203808,53.420000,1.337002,0.000000,0.000000,0.726600,0.000000,0.000000,0.726600,0,18165,0,0,0,18165,18165,25000,16942,17464,16942,522,1223,0,0,0,0.000000,25000.000000,0.932673,0.970110
457,0.272657,53.520000,1.345580,0.000000,0.000000,0.724560,0.000000,0.000000,0.724560,0,18114,0,0,0,18114,18114,25000,16261,16774,16261,513,1853,0,0,0,0.000000,25000.000000,0.897703,0.969417
458,0.292600,53.850000,1.313914,0.000000,0.000000,0.707240,0.000000,0.000000,0.707240,0,17681,0,0,0,17681,17681,25000,15786,16381,15786,595,1895,0,0,0,0.000000,25000.000000,0.892823,0.963677
459,0.281227,54.000000,1.297965,0.000000,0.000000,0.727200,0.000000,0.000000,0.727200,0,18180,0,0,0,18180,18180,25000,16407,16961,16407,554,1773,0,0,0,0.000000,25000.000000,0.902475,0.967337
460,0.279488,54.180000,1.314046,0.000000,0.000000,0.710440,0.000680,0.001520,0.711120,1,17761,17,38,17,17778,17816,25000,16173,16824,16173,651,1605,35,3,38,0.921053,25000.000000,0.909720,0.961305
461,0.261504,54.140000,1.298248,0.000000,0.000000,0.728000,0.000000,0.000000,0.728000,0,18200,0,0,0,18200,18200,25000,16577,17144,16577,567,1623,0,0,0,0.000000,25000.000000,0.910824,0.966927
462,0.307143,54.280000,1.303597,0.000000,0.000000,0.695280,0.000000,0.000000,0.695280,0,17382,0,0,0,17382,17382,25000,15356,15860,15356,504,2026,0,0,0,0.000000,25000.000000,0.883443,0.968222
463,0.277731,54.430000,1.334837,0.000000,0.000000,0.719200,0.000000,0.000000,0.719200,0,17980,0,0,0,17980,17980,25000,16357,16881,16357,524,1623,0,0,0,0.000000,25000.000000,0.909733,0.968959
464,0.247616,54.360000,1.344545,0.000000,0.000000,0.717200,0.000000,0.000000,0.717200,0,17930,0,0,0,17930,17930,25000,16287,16880,16287,593,1643,0,0,0,0.000000,25000.000000,0.908366,0.964870
465,0.272348,54.590000,1.307938,0.000000,0.000000,0.693600,0.000200,0.001240,0.693800,1,17340,5,31,5,17345,17376,25000,15636,16167,15636,531,1709,26,5,31,0.838710,25000.000000,0.901470,0.967155
466,0.316211,54.280000,1.312898,0.000000,0.000000,0.697080,0.000000,0.000000,0.697080,0,17427,0,0,0,17427,17427,25000,15654,16215,15654,561,1773,0,0,0,0.000000,25000.000000,0.898261,0.965402
467,0.261115,53.410000,1.359963,0.000000,0.000000,0.734360,0.000000,0.000000,0.734360,0,18359,0,0,0,18359,18359,25000,16711,17280,16711,569,1648,0,0,0,0.000000,25000.000000,0.910235,0.967072
468,0.277664,53.400000,1.328822,0.000000,0.000000,0.713440,0.000000,0.000000,0.713440,0,17836,0,0,0,17836,17836,25000,16063,16519,16063,456,1773,0,0,0,0.000000,25000.000000,0.900594,0.972395
469,0.309749,53.870000,1.336252,0.000000,0.000000,0.693200,0.000000,0.000000,0.693200,0,17330,0,0,0,17330,17330,25000,15255,15775,15255,520,2075,0,0,0,0.000000,25000.000000,0.880265,0.967036
470,0.231456,53.850000,1.324313,0.000000,0.000000,0.713240,0.000080,0.001280,0.713320,1,17831,2,32,2,17833,17865,25000,16393,17010,16393,617,1440,29,3,32,0.906250,25000.000000,0.919251,0.963727
471,0.232275,54.050000,1.315734,0.000000,0.000000,0.715040,0.000000,0.000000,0.715040,0,17876,0,0,0,17876,17876,25000,16424,17041,16424,617,1452,0,0,0,0.000000,25000.000000,0.918774,0.963793
472,0.261949,54.220000,1.315412,0.000000,0.000000,0.713480,0.000000,0.000000,0.713480,0,17837,0,0,0,17837,17837,25000,16225,16769,16225,544,1612,0,0,0,0.000000,25000.000000,0.909626,0.967559
473,0.266160,53.460000,1.335197,0.000000,0.000000,0.716400,0.000000,0.000000,0.716400,0,17910,0,0,0,17910,17910,25000,16208,16733,16208,525,1702,0,0,0,0.000000,25000.000000,0.904969,0.968625
474,0.254441,54.180000,1.302101,0.000000,0.000000,0.708360,0.000000,0.000000,0.708360,0,17709,0,0,0,17709,17709,25000,15942,16547,15942,605,1767,0,0,0,0.000000,25000.000000,0.900220,0.963437
475,0.291072,54.720000,1.300189,0.000000,0.000000,0.707480,0.000040,0.001280,0.707520,1,17687,1,32,1,17688,17720,25000,15582,16136,15582,554,2106,29,3,32,0.906250,25000.000000,0.880936,0.965667
476,0.311002,54.380000,1.291992,0.000000,0.000000,0.730920,0.000000,0.000000,0.730920,0,18273,0,0,0,18273,18273,25000,16281,16797,16281,516,1992,0,0,0,0.000000,25000.000000,0.890987,0.969280
477,0.254907,53.970000,1.320192,0.000000,0.000000,0.724560,0.000000,0.000000,0.724560,0,18114,0,0,0,18114,18114,25000,16453,17074,16453,621,1661,0,0,0,0.000000,25000.000000,0.908303,0.963629
478,0.256706,53.390000,1.326696,0.000000,0.000000,0.705240,0.000000,0.000000,0.705240,0,17631,0,0,0,17631,17631,25000,15966,16518,15966,552,1665,0,0,0,0.000000,25000.000000,0.905564,0.966582
479,0.274939,53.020000,1.348995,0.000000,0.000000,0.711720,0.000000,0.000000,0.711720,0,17793,0,0,0,17793,17793,25000,16328,16849,16328,521,1465,0,0,0,0.000000,25000.000000,0.917664,0.969078
480,0.315289,53.340000,1.340377,0.000000,0.000000,0.707640,0.000480,0.002160,0.708120,1,17691,12,54,12,17703,17757,25000,15639,16225,15639,586,2064,45,9,54,0.833333,25000.000000,0.883410,0.963883
481,0.210131,53.920000,1.327516,0.000000,0.000000,0.702080,0.000000,0.000000,0.702080,0,17552,0,0,0,17552,17552,25000,16199,16797,16199,598,1353,0,0,0,0.000000,25000.000000,0.922915,0.964398
482,0.319351,54.150000,1.331842,0.000000,0.000000,0.739000,0.000000,0.000000,0.739000,0,18475,0,0,0,18475,18475,25000,16258,16780,16258,522,2217,0,0,0,0.000000,25000.000000,0.880000,0.968892
483,0.304920,54.060000,1.332581,0.000000,0.000000,0.700960,0.000000,0.000000,0.700960,0,17524,0,0,0,17524,17524,25000,15330,15820,15330,490,2194,0,0,0,0.000000,25000.000000,0.874800,0.969027
484,0.266953,53.440000,1.348982,0.000000,0.000000,0.712920,0.000000,0.000000,0.712920,0,17823,0,0,0,17823,17823,25000,16118,16626,16118,508,1705,0,0,0,0.000000,25000.000000,0.904337,0.969445
485,0.295747,53.860000,1.321009,0.000000,0.000000,0.724800,0.000400,0.001760,0.725200,1,18120,10,44,10,18130,18174,25000,16222,16780,16222,558,1908,37,7,44,0.840909,25000.000000,0.894760,0.966746
486,0.294396,54.160000,1.310466,0.000000,0.000000,0.680520,0.000000,0.000000,0.680520,0,17013,0,0,0,17013,17013,25000,14948,15353,14948,405,2065,0,0,0,0.000000,25000.000000,0.878622,0.973621
487,0.254985,54.220000,1.320264,0.000000,0.000000,0.714960,0.000000,0.000000,0.714960,0,17874,0,0,0,17874,17874,25000,16276,16860,16276,584,1598,0,0,0,0.000000,25000.000000,0.910596,0.965362
488,0.274838,54.440000,1.307185,0.000000,0.000000,0.699320,0.000000,0.000000,0.699320,0,17483,0,0,0,17483,17483,25000,15704,16233,15704,529,1779,0,0,0,0.000000,25000.000000,0.898244,0.967412
489,0.217293,54.200000,1.338767,0.000000,0.000000,0.719600,0.000000,0.000000,0.719600,0,17990,0,0,0,17990,17990,25000,16760,17389,16760,629,1230,0,0,0,0.000000,25000.000000,0.931629,0.963828
490,0.253976,53.560000,1.354509,0.000000,0.000000,0.732720,0.000400,0.001600,0.733120,1,18318,10,40,10,18328,18368,25000,16757,17388,16757,631,1571,35,5,40,0.875000,25000.000000,0.914284,0.963711
491,0.298994,54.210000,1.324871,0.000000,0.000000,0.725920,0.000000,0.000000,0.725920,0,18148,0,0,0,18148,18148,25000,16095,16580,16095,485,2053,0,0,0,0.000000,25000.000000,0.886875,0.970748
492,0.263563,53.340000,1.330099,0.000000,0.000000,0.703760,0.000000,0.000000,0.703760,0,17594,0,0,0,17594,17594,25000,15993,16498,15993,505,1601,0,0,0,0.000000,25000.000000,0.909003,0.969390
493,0.264955,54.430000,1.298478,0.000000,0.000000,0.726440,0.000000,0.000000,0.726440,0,18161,0,0,0,18161,18161,25000,16734,17288,16734,554,1427,0,0,0,0.000000,25000.000000,0.921425,0.967955
494,0.239438,54.700000,1.304116,0.000000,0.000000,0.703640,0.000000,0.000000,0.703640,0,17591,0,0,0,17591,17591,25000,15970,16493,15970,523,1621,0,0,0,0.000000,25000.000000,0.907851,0.968290
495,0.259332,54.890000,1.293667,0.000000,0.000000,0.720040,0.000200,0.000880,0.720240,1,18001,5,22,5,18006,18028,25000,16231,16767,16231,536,1775,20,2,22,0.909091,25000.000000,0.901422,0.968032
496,0.260502,54.900000,1.297473,0.000000,0.000000,0.689920,0.000000,0.000000,0.689920,0,17248,0,0,0,17248,17248,25000,15570,16080,15570,510,1678,0,0,0,0.000000,25000.000000,0.902713,0.968284
497,0.228953,54.480000,1.316957,0.000000,0.000000,0.718360,0.000000,0.000000,0.718360,0,17959,0,0,0,17959,17959,25000,16430,16970,16430,540,1529,0,0,0,0.000000,25000.000000,0.914862,0.968179
498,0.246701,53.960000,1.347363,0.000000,0.000000,0.715160,0.000000,0.000000,0.715160,0,17879,0,0,0,17879,17879,25000,16283,16857,16283,574,1596,0,0,0,0.000000,25000.000000,0.910733,0.965949
499,0.250907,55.040000,1.300423,0.000000,0.000000,0.729920,0.000000,0.000000,0.729920,0,18248,0,0,0,18248,18248,25000,16615,17250,16615,635,1633,0,0,0,0.000000,25000.000000,0.910511,0.963188
