epoch,global_test_acc,global_test_loss,train_loss,clean_ratio,net2_holdout_acc,net2_holdout_loss
0,19.150000,2.269931,1.588454,1.000000,-1,-1
1,21.450000,2.160755,1.619299,1.000000,-1,-1
2,17.680000,2.203298,1.434766,1.000000,-1,-1
3,25.770000,2.118398,1.572967,1.000000,-1,-1
4,27.310000,2.122470,1.646175,1.000000,-1,-1
5,27.580000,2.136883,1.907932,1.000000,-1,-1
6,26.800000,2.097312,1.600663,1.000000,-1,-1
7,24.240000,2.135445,1.412939,1.000000,-1,-1
8,29.130000,2.063031,1.127569,1.000000,-1,-1
9,23.120000,2.100148,1.544508,1.000000,-1,-1
10,20.430000,2.140887,1.585076,1.000000,-1,-1
11,25.230000,2.085686,1.555286,1.000000,-1,-1
12,23.660000,2.130763,1.693999,1.000000,-1,-1
13,24.020000,2.095039,1.485035,1.000000,-1,-1
14,24.970000,2.071405,1.315745,1.000000,-1,-1
15,18.920000,2.082445,1.480525,1.000000,-1,-1
16,32.490000,2.024807,1.289428,1.000000,-1,-1
17,30.750000,2.013831,1.641555,1.000000,-1,-1
18,25.530000,2.045467,1.658874,1.000000,-1,-1
19,30.100000,2.041733,1.671764,1.000000,-1,-1
20,31.510000,2.012835,1.385237,1.000000,-1,-1
21,34.500000,1.970762,1.503128,1.000000,-1,-1
22,26.980000,2.036964,1.484993,1.000000,-1,-1
23,27.940000,2.057660,1.500320,1.000000,-1,-1
24,26.090000,2.051456,1.501970,1.000000,-1,-1
25,29.270000,2.012433,1.351088,1.000000,-1,-1
26,27.430000,2.022807,1.484334,1.000000,-1,-1
27,31.260000,1.981712,1.356676,1.000000,-1,-1
28,31.640000,2.001249,1.518653,1.000000,-1,-1
29,31.760000,2.013261,1.410103,1.000000,-1,-1
30,24.280000,2.023779,1.256279,1.000000,-1,-1
31,29.960000,1.990619,1.470440,1.000000,-1,-1
32,33.200000,1.980596,1.650530,1.000000,-1,-1
33,33.070000,1.986146,1.677044,1.000000,-1,-1
34,33.970000,1.957396,1.275067,1.000000,-1,-1
35,33.220000,1.978086,1.569438,1.000000,-1,-1
36,18.580000,2.067843,1.287543,1.000000,-1,-1
37,27.280000,1.988831,1.424790,1.000000,-1,-1
38,31.130000,2.014561,1.863867,1.000000,-1,-1
39,30.890000,2.001692,1.505867,1.000000,-1,-1
40,28.840000,1.993267,1.376743,1.000000,-1,-1
41,27.470000,2.008844,1.449043,1.000000,-1,-1
42,32.980000,1.984876,1.475536,1.000000,-1,-1
43,30.720000,1.965669,1.386177,1.000000,-1,-1
44,32.020000,1.959831,1.532468,1.000000,-1,-1
45,29.860000,1.970153,1.385273,1.000000,-1,-1
46,25.840000,2.029304,1.472828,1.000000,-1,-1
47,29.970000,1.995464,1.279160,1.000000,-1,-1
48,28.880000,1.994933,1.505329,1.000000,-1,-1
49,29.990000,2.025388,1.752609,1.000000,-1,-1
50,27.490000,2.016760,1.470678,1.000000,-1,-1
51,30.820000,2.034783,1.641751,1.000000,-1,-1
52,29.470000,2.037922,1.363900,1.000000,-1,-1
53,30.190000,2.019055,1.432031,1.000000,-1,-1
54,28.150000,2.028970,1.654359,1.000000,-1,-1
55,27.200000,1.995968,1.165712,1.000000,-1,-1
56,31.780000,1.969403,1.412172,1.000000,-1,-1
57,31.720000,1.970376,1.366552,1.000000,-1,-1
58,32.380000,1.951104,1.467844,1.000000,-1,-1
59,28.220000,1.986261,1.206367,1.000000,-1,-1
60,30.000000,1.999391,1.553079,1.000000,-1,-1
61,30.290000,1.961787,1.250517,1.000000,-1,-1
62,33.500000,1.954420,1.513517,1.000000,-1,-1
63,32.600000,1.933023,1.444782,1.000000,-1,-1
64,31.000000,1.944550,1.172205,1.000000,-1,-1
65,30.990000,1.997173,1.609663,1.000000,-1,-1
66,33.130000,1.960104,1.638278,1.000000,-1,-1
67,32.000000,1.983592,1.464619,1.000000,-1,-1
68,32.000000,1.964963,1.316769,1.000000,-1,-1
69,29.430000,2.006870,1.604743,1.000000,-1,-1
70,33.610000,1.970751,1.330133,1.000000,-1,-1
71,24.070000,2.066927,1.551261,1.000000,-1,-1
72,27.780000,2.048346,1.614160,1.000000,-1,-1
73,32.770000,1.971344,1.440012,1.000000,-1,-1
74,25.560000,2.023792,1.439033,1.000000,-1,-1
75,34.580000,1.921381,1.186107,1.000000,-1,-1
76,30.450000,2.003858,1.702274,1.000000,-1,-1
77,30.920000,1.987674,1.107802,1.000000,-1,-1
78,27.720000,2.013985,1.731446,1.000000,-1,-1
79,33.520000,1.950721,1.233887,1.000000,-1,-1
80,28.620000,2.042581,1.940812,1.000000,-1,-1
81,29.650000,2.045942,1.604054,1.000000,-1,-1
82,31.710000,1.969567,1.315002,1.000000,-1,-1
83,30.450000,2.013475,1.628130,1.000000,-1,-1
84,30.940000,2.007600,1.329418,1.000000,-1,-1
85,27.760000,2.024273,1.331305,1.000000,-1,-1
86,26.400000,2.036637,1.691519,1.000000,-1,-1
87,27.410000,2.031124,1.340351,1.000000,-1,-1
88,28.060000,2.012218,1.357403,1.000000,-1,-1
89,30.060000,2.019272,1.540901,1.000000,-1,-1
90,30.020000,2.022541,1.098346,1.000000,-1,-1
91,29.490000,2.021428,1.388170,1.000000,-1,-1
92,28.080000,2.073253,1.464692,1.000000,-1,-1
93,28.990000,2.012696,1.107916,1.000000,-1,-1
94,29.730000,2.001383,1.569428,1.000000,-1,-1
95,30.480000,1.955149,0.847416,1.000000,-1,-1
96,33.460000,1.957531,1.022371,1.000000,-1,-1
97,29.540000,2.017513,1.816373,1.000000,-1,-1
98,26.490000,2.033978,1.241653,1.000000,-1,-1
99,28.140000,1.985364,1.062981,1.000000,-1,-1
100,33.220000,1.947445,0.510331,0.582200,-1,-1
101,28.430000,2.124745,0.342455,0.603400,-1,-1
102,29.630000,2.254734,0.311472,0.572000,-1,-1
103,35.880000,2.083755,0.510932,0.586800,-1,-1
104,33.330000,2.167342,0.709114,0.616200,-1,-1
105,25.050000,2.545127,0.241529,0.476000,-1,-1
106,34.680000,2.226083,0.636929,0.579800,-1,-1
107,32.850000,2.341425,0.264439,0.569800,-1,-1
108,38.490000,2.435900,0.479562,0.648600,-1,-1
109,32.000000,2.713792,0.435467,0.525800,-1,-1
110,38.870000,2.640011,1.002209,0.595800,-1,-1
111,37.360000,2.781372,0.833597,0.505600,-1,-1
112,38.670000,2.843403,0.319310,0.614200,-1,-1
113,30.690000,3.068459,0.606423,0.488800,-1,-1
114,33.110000,3.039068,1.094452,0.634200,-1,-1
115,25.670000,3.217814,0.692608,0.568800,-1,-1
116,29.420000,3.173233,0.889908,0.686000,-1,-1
117,34.640000,3.113361,0.648700,0.628800,-1,-1
118,25.220000,3.287830,0.991776,0.595600,-1,-1
119,31.300000,2.986577,0.742391,0.549200,-1,-1
120,19.790000,3.221389,0.829254,0.592800,-1,-1
121,29.740000,2.940095,1.003841,0.633000,-1,-1
122,34.400000,2.918972,0.970500,0.723200,-1,-1
123,27.120000,3.102709,1.154424,0.688600,-1,-1
124,29.630000,3.033223,1.191901,0.642200,-1,-1
125,29.080000,3.074212,1.025327,0.654400,-1,-1
126,19.700000,3.363940,1.034650,0.682800,-1,-1
127,28.270000,3.133430,1.180866,0.775400,-1,-1
128,23.110000,3.283147,1.232144,0.557200,-1,-1
129,23.800000,3.276692,1.029534,0.743000,-1,-1
130,24.660000,3.277778,1.210051,0.655200,-1,-1
131,27.050000,3.264134,1.355811,0.655200,-1,-1
132,28.450000,3.244552,1.189447,0.718000,-1,-1
133,26.260000,3.291259,1.068916,0.722800,-1,-1
134,32.380000,3.227761,0.804683,0.705200,-1,-1
135,26.650000,3.309279,1.093502,0.664000,-1,-1
136,26.360000,3.337326,0.865502,0.664600,-1,-1
137,26.430000,3.156813,0.887517,0.651400,-1,-1
138,31.330000,3.129797,1.006438,0.743600,-1,-1
139,22.400000,3.112073,0.897549,0.657000,-1,-1
140,24.480000,3.087116,1.195097,0.668000,-1,-1
141,28.540000,3.040350,1.222703,0.757200,-1,-1
142,27.220000,3.126828,0.812728,0.758600,-1,-1
143,24.770000,3.235688,0.751391,0.686600,-1,-1
144,30.160000,3.112316,0.845809,0.668600,-1,-1
145,25.270000,3.291789,0.826322,0.692800,-1,-1
146,20.380000,3.304939,0.959507,0.775800,-1,-1
147,25.640000,3.212631,1.295998,0.645200,-1,-1
148,24.810000,3.264860,1.020984,0.709200,-1,-1
149,29.760000,3.173692,1.135202,0.631800,-1,-1
150,26.600000,3.215689,1.141551,0.691600,-1,-1
151,30.550000,3.201515,1.042561,0.640400,-1,-1
152,29.460000,3.169740,1.045144,0.722600,-1,-1
153,28.660000,3.205002,0.870119,0.692200,-1,-1
154,24.200000,3.261512,0.778143,0.720400,-1,-1
155,31.520000,3.133991,1.099603,0.713000,-1,-1
156,22.530000,3.351246,0.807712,0.743000,-1,-1
157,22.470000,3.280713,0.938019,0.557600,-1,-1
158,27.640000,3.170319,0.708484,0.708800,-1,-1
159,21.940000,3.181387,1.148820,0.607000,-1,-1
160,31.570000,2.913307,1.070087,0.722200,-1,-1
161,29.100000,2.839273,0.931626,0.720600,-1,-1
162,26.830000,2.896337,1.035214,0.747200,-1,-1
163,24.770000,2.947123,0.887113,0.707600,-1,-1
164,27.780000,2.928073,1.144813,0.830800,-1,-1
165,28.230000,2.873557,1.109755,0.821000,-1,-1
166,31.020000,2.896155,1.380073,0.795400,-1,-1
167,28.010000,2.943056,0.979651,0.735000,-1,-1
168,25.710000,2.946635,1.374060,0.695600,-1,-1
169,22.700000,3.063450,0.933885,0.735000,-1,-1
170,26.230000,3.027631,0.882128,0.804600,-1,-1
171,33.440000,2.947163,1.023619,0.813200,-1,-1
172,32.810000,2.882781,1.259066,0.829000,-1,-1
173,32.130000,2.926359,1.062212,0.651800,-1,-1
174,29.660000,3.025588,0.783574,0.786600,-1,-1
175,29.380000,2.935910,1.218151,0.821400,-1,-1
176,32.450000,2.909097,1.079163,0.798600,-1,-1
177,25.210000,3.039770,0.877639,0.820600,-1,-1
178,27.620000,3.003243,1.277662,0.670400,-1,-1
179,29.370000,2.964736,1.002609,0.820400,-1,-1
180,35.660000,2.857042,0.840071,0.871400,-1,-1
181,30.160000,2.958450,0.998417,0.762800,-1,-1
182,28.690000,2.980352,1.540414,0.825000,-1,-1
183,23.710000,3.058960,1.085885,0.823800,-1,-1
184,28.970000,3.014579,1.268849,0.760600,-1,-1
185,27.340000,3.032411,0.835811,0.663200,-1,-1
186,22.700000,3.192941,0.898678,0.802600,-1,-1
187,26.400000,3.095259,1.081581,0.696800,-1,-1
188,23.670000,3.088171,1.247755,0.757800,-1,-1
189,28.260000,3.026598,1.124484,0.764000,-1,-1
190,31.390000,2.972800,0.858635,0.839600,-1,-1
191,32.220000,2.972284,1.016691,0.771600,-1,-1
192,31.330000,2.985579,1.156153,0.778800,-1,-1
193,31.860000,2.976743,1.087905,0.794600,-1,-1
194,32.650000,2.935472,1.140161,0.811600,-1,-1
195,28.610000,3.002275,1.089649,0.781800,-1,-1
196,23.180000,3.142729,1.331016,0.754400,-1,-1
197,30.090000,3.014558,0.969874,0.904600,-1,-1
198,26.460000,3.112260,1.248095,0.753400,-1,-1
199,28.180000,3.026832,1.206313,0.821600,-1,-1
200,29.230000,3.031557,1.085674,0.751800,-1,-1
201,25.780000,3.052074,1.042720,0.720000,-1,-1
202,26.320000,3.082973,0.923347,0.790400,-1,-1
203,26.140000,3.133846,0.737224,0.748800,-1,-1
204,29.670000,3.043194,1.298104,0.809200,-1,-1
205,24.350000,3.110901,1.239303,0.813000,-1,-1
206,23.070000,3.160922,1.021120,0.788600,-1,-1
207,29.660000,3.058689,1.034100,0.786600,-1,-1
208,26.050000,3.134683,1.479964,0.766400,-1,-1
209,23.000000,3.130720,1.194235,0.766000,-1,-1
210,26.280000,3.162299,0.934716,0.787200,-1,-1
211,28.330000,3.083443,0.952530,0.783400,-1,-1
212,24.150000,3.191046,1.017009,0.727000,-1,-1
213,25.680000,3.100817,1.143462,0.832000,-1,-1
214,20.330000,3.324603,0.969010,0.729200,-1,-1
215,26.030000,3.141730,0.814254,0.741000,-1,-1
216,26.480000,3.128511,1.002349,0.775400,-1,-1
217,29.410000,3.093975,1.006763,0.768200,-1,-1
218,25.590000,3.113716,1.423621,0.723000,-1,-1
219,30.270000,3.048629,0.801998,0.827400,-1,-1
220,25.840000,3.161619,1.148682,0.850200,-1,-1
221,25.280000,3.114502,1.483641,0.799000,-1,-1
222,23.670000,3.165729,1.210400,0.756000,-1,-1
223,25.250000,3.165572,1.184716,0.799000,-1,-1
224,28.330000,3.117753,1.022979,0.855400,-1,-1
225,24.830000,3.179261,1.135085,0.876600,-1,-1
226,16.200000,3.355519,1.134957,0.773400,-1,-1
227,23.360000,3.232786,1.023094,0.728400,-1,-1
228,26.160000,3.168338,1.016276,0.751800,-1,-1
229,29.120000,3.137110,1.159800,0.839000,-1,-1
230,27.830000,3.123774,1.106856,0.789800,-1,-1
231,24.990000,3.179448,1.321414,0.724200,-1,-1
232,28.430000,3.133402,1.135620,0.791200,-1,-1
233,22.940000,3.211175,1.048670,0.763800,-1,-1
234,24.300000,3.206177,1.311198,0.790000,-1,-1
235,25.080000,3.195568,1.153461,0.785200,-1,-1
236,24.100000,3.202045,0.969554,0.850200,-1,-1
237,27.590000,3.190447,0.867868,0.848800,-1,-1
238,25.100000,3.200479,1.472676,0.728400,-1,-1
239,26.390000,3.186962,1.075430,0.772600,-1,-1
240,21.570000,3.267572,1.334121,0.657600,-1,-1
241,23.370000,3.345708,0.848960,0.786400,-1,-1
242,29.320000,3.141678,0.801379,0.739400,-1,-1
243,22.500000,3.263935,1.188391,0.758400,-1,-1
244,26.680000,3.215051,0.940239,0.806200,-1,-1
245,26.860000,3.223603,1.096739,0.804800,-1,-1
246,21.480000,3.328625,1.285615,0.734000,-1,-1
247,27.370000,3.260168,0.934930,0.777400,-1,-1
248,29.780000,3.183752,1.078205,0.819800,-1,-1
249,28.720000,3.275530,0.840032,0.746200,-1,-1
250,23.700000,3.262464,1.059707,0.771800,-1,-1
251,27.170000,3.171699,0.895762,0.805200,-1,-1
252,28.440000,3.187378,0.763917,0.749000,-1,-1
253,19.810000,3.444311,1.020263,0.790200,-1,-1
254,30.280000,3.141710,0.873983,0.855600,-1,-1
255,27.830000,3.213763,1.163266,0.829200,-1,-1
256,29.500000,3.223221,1.142889,0.773200,-1,-1
257,29.440000,3.227918,0.896980,0.825800,-1,-1
258,26.200000,3.279106,1.056372,0.711600,-1,-1
259,25.830000,3.277054,1.221757,0.716600,-1,-1
260,22.370000,3.330077,1.041144,0.825600,-1,-1
261,27.470000,3.253303,1.147975,0.790600,-1,-1
262,25.020000,3.339664,1.148839,0.736800,-1,-1
263,26.190000,3.330701,0.967080,0.797800,-1,-1
264,27.720000,3.218170,1.088045,0.739600,-1,-1
265,23.880000,3.293994,0.964176,0.839800,-1,-1
266,28.140000,3.264542,1.067018,0.738000,-1,-1
267,25.060000,3.358710,1.064845,0.805600,-1,-1
268,23.660000,3.276754,1.068026,0.856000,-1,-1
269,26.740000,3.206821,0.956959,0.814600,-1,-1
270,28.060000,3.214353,0.937579,0.823200,-1,-1
271,28.370000,3.216692,0.926791,0.800400,-1,-1
272,24.740000,3.248508,1.100475,0.742400,-1,-1
273,28.840000,3.199473,1.163568,0.796000,-1,-1
274,28.600000,3.199835,0.880909,0.731000,-1,-1
275,28.080000,3.199718,1.076794,0.816000,-1,-1
276,28.520000,3.234199,0.794439,0.752400,-1,-1
277,25.360000,3.245511,1.128943,0.863800,-1,-1
278,25.580000,3.324263,0.851291,0.744000,-1,-1
279,25.960000,3.242926,1.199207,0.804400,-1,-1
280,24.320000,3.255610,0.792593,0.810200,-1,-1
281,25.720000,3.225151,1.199153,0.797000,-1,-1
282,23.470000,3.304648,1.151389,0.769600,-1,-1
283,26.030000,3.282400,0.890231,0.829400,-1,-1
284,28.490000,3.279430,0.980085,0.812400,-1,-1
285,21.790000,3.418755,1.194104,0.738200,-1,-1
286,25.910000,3.300760,1.035129,0.781600,-1,-1
287,26.200000,3.317548,1.029425,0.770400,-1,-1
288,21.200000,3.362553,1.489448,0.815200,-1,-1
289,23.120000,3.326586,1.131237,0.729600,-1,-1
290,25.270000,3.282476,0.773361,0.838400,-1,-1
291,25.100000,3.287719,1.262266,0.788200,-1,-1
292,21.360000,3.360193,1.081124,0.743200,-1,-1
293,24.590000,3.403619,1.001481,0.778800,-1,-1
294,26.160000,3.292139,1.107260,0.823200,-1,-1
295,26.320000,3.268910,0.961342,0.804200,-1,-1
296,29.170000,3.240520,1.037281,0.821400,-1,-1
297,27.860000,3.263379,0.933452,0.805000,-1,-1
298,24.970000,3.294763,1.212579,0.782000,-1,-1
299,24.970000,3.377629,0.910910,0.719000,-1,-1
300,26.040000,3.350170,1.223429,0.782800,-1,-1
301,26.930000,3.391018,0.773050,0.754000,-1,-1
302,26.380000,3.292391,0.962928,0.873400,-1,-1
303,23.150000,3.341180,1.188288,0.749800,-1,-1
304,23.110000,3.349168,1.229749,0.749000,-1,-1
305,24.700000,3.328730,1.168322,0.780600,-1,-1
306,23.620000,3.386675,1.173253,0.743600,-1,-1
307,23.860000,3.339534,1.383121,0.733000,-1,-1
308,25.380000,3.307097,1.023291,0.795000,-1,-1
309,25.640000,3.298359,0.945219,0.815400,-1,-1
310,25.550000,3.404912,0.851389,0.834600,-1,-1
311,22.670000,3.364924,1.235342,0.798000,-1,-1
312,24.950000,3.377194,0.668845,0.799400,-1,-1
313,26.200000,3.317549,1.134029,0.770200,-1,-1
314,26.080000,3.321073,0.919352,0.728200,-1,-1
315,22.900000,3.370994,1.014021,0.872400,-1,-1
316,23.970000,3.405507,0.802631,0.874200,-1,-1
317,28.940000,3.274096,0.991432,0.763000,-1,-1
318,24.460000,3.340494,1.187922,0.784800,-1,-1
319,26.180000,3.319675,0.989325,0.860000,-1,-1
320,27.090000,3.319666,0.889575,0.795600,-1,-1
321,24.930000,3.357036,1.063890,0.752200,-1,-1
322,23.470000,3.400346,0.874807,0.751600,-1,-1
323,24.650000,3.410132,0.928829,0.754600,-1,-1
324,22.760000,3.446454,0.973474,0.839400,-1,-1
325,26.970000,3.389135,0.865420,0.741200,-1,-1
326,25.740000,3.359789,1.194728,0.808600,-1,-1
327,22.870000,3.414197,0.905385,0.765800,-1,-1
328,22.400000,3.407965,1.369440,0.840000,-1,-1
329,23.590000,3.390071,1.176306,0.802800,-1,-1
330,24.130000,3.392469,0.894261,0.799200,-1,-1
331,24.760000,3.401884,0.858747,0.813600,-1,-1
332,27.480000,3.300189,0.815035,0.787400,-1,-1
333,26.910000,3.311265,0.801566,0.858200,-1,-1
334,26.400000,3.338178,1.015850,0.833200,-1,-1
335,28.020000,3.350814,0.991841,0.761800,-1,-1
336,23.920000,3.415531,0.926151,0.752600,-1,-1
337,25.770000,3.316716,0.873954,0.715800,-1,-1
338,24.540000,3.401522,1.054490,0.719000,-1,-1
339,28.570000,3.349215,0.893468,0.764800,-1,-1
340,23.430000,3.406866,1.215209,0.806400,-1,-1
341,25.220000,3.356905,0.964776,0.802600,-1,-1
342,27.620000,3.391076,0.668243,0.835000,-1,-1
343,28.720000,3.308785,0.843579,0.821000,-1,-1
344,27.150000,3.351370,0.961467,0.811200,-1,-1
345,22.300000,3.530341,0.920181,0.719600,-1,-1
346,26.780000,3.357513,1.021558,0.772200,-1,-1
347,23.090000,3.364658,1.367340,0.737000,-1,-1
348,24.650000,3.380809,0.818546,0.734200,-1,-1
349,26.360000,3.334024,1.171269,0.801400,-1,-1
350,26.980000,3.333014,0.942418,0.888600,-1,-1
351,26.160000,3.417161,0.925643,0.848800,-1,-1
352,27.780000,3.279527,0.973385,0.834600,-1,-1
353,26.270000,3.305256,1.157194,0.852400,-1,-1
354,24.260000,3.401077,1.111513,0.747000,-1,-1
355,29.730000,3.270292,0.804493,0.854200,-1,-1
356,23.170000,3.428707,1.064402,0.731200,-1,-1
357,28.740000,3.321699,0.900578,0.846400,-1,-1
358,25.760000,3.395993,0.925135,0.800000,-1,-1
359,28.020000,3.326792,0.755758,0.859800,-1,-1
360,30.180000,3.360786,0.757016,0.773200,-1,-1
361,26.970000,3.372383,1.035782,0.750400,-1,-1
362,25.860000,3.402441,1.098120,0.773400,-1,-1
363,28.450000,3.350196,0.966586,0.757600,-1,-1
364,23.810000,3.482983,0.839039,0.876200,-1,-1
365,26.160000,3.354685,0.866964,0.824200,-1,-1
366,28.050000,3.362111,0.806578,0.746800,-1,-1
367,22.570000,3.561644,0.800818,0.751000,-1,-1
368,25.190000,3.373621,0.867668,0.905800,-1,-1
369,30.720000,3.282449,0.616239,0.838600,-1,-1
370,26.290000,3.395649,0.988374,0.780000,-1,-1
371,27.270000,3.350502,0.912278,0.795800,-1,-1
372,24.330000,3.427172,1.119089,0.769800,-1,-1
373,28.170000,3.355417,0.711817,0.803600,-1,-1
374,26.610000,3.390975,1.155482,0.765000,-1,-1
375,25.000000,3.451711,1.006857,0.852400,-1,-1
376,28.210000,3.290309,0.687099,0.849800,-1,-1
377,22.740000,3.482934,0.931847,0.832800,-1,-1
378,27.280000,3.359091,1.002297,0.862600,-1,-1
379,26.440000,3.355689,0.753845,0.809000,-1,-1
380,24.800000,3.401458,1.221841,0.776200,-1,-1
381,24.860000,3.405962,1.190021,0.809200,-1,-1
382,25.910000,3.385747,1.055023,0.762000,-1,-1
383,26.370000,3.404379,0.914147,0.851200,-1,-1
384,22.900000,3.604937,0.868582,0.837800,-1,-1
385,28.450000,3.388078,1.032197,0.831800,-1,-1
386,25.580000,3.396517,0.983362,0.716200,-1,-1
387,24.560000,3.408433,1.036376,0.814400,-1,-1
388,27.930000,3.315595,0.909799,0.782400,-1,-1
389,26.810000,3.358447,1.117397,0.797600,-1,-1
390,26.020000,3.462165,0.969801,0.803800,-1,-1
