epoch,train_loss,global_test_acc,global_test_loss,personal_apa,personal_loss,core_clean_ratio,recover_ratio,train_ratio,agreement_ratio,recovery_trigger,core_count,recover_count,train_count,total_count,actual_train_clean_count,actual_round_clean_count,missed_clean_count,false_clean_count,total_wrong_count,actual_train_clean_ratio,clean_recall,recover_true_clean_count,recover_false_clean_count,recover_precision
0,1.585491,20.210000,2.254845,0.000000,0.000000,1.000000,0.000000,1.000000,0.000000,0,5000,0,5000,5000,3216,3216,0,1784,1784,0.643200,1.000000,0,0,0.000000
1,1.620795,21.780000,2.169602,0.000000,0.000000,1.000000,0.000000,1.000000,0.000000,0,5000,0,5000,5000,2980,2980,0,2020,2020,0.596000,1.000000,0,0,0.000000
2,1.442791,16.240000,2.232108,0.000000,0.000000,1.000000,0.000000,1.000000,0.000000,0,5000,0,5000,5000,3112,3112,0,1888,1888,0.622400,1.000000,0,0,0.000000
3,1.575735,25.080000,2.118563,0.000000,0.000000,1.000000,0.000000,1.000000,0.000000,0,5000,0,5000,5000,3096,3096,0,1904,1904,0.619200,1.000000,0,0,0.000000
4,1.663191,24.920000,2.144852,0.000000,0.000000,1.000000,0.000000,1.000000,0.000000,0,5000,0,5000,5000,2924,2924,0,2076,2076,0.584800,1.000000,0,0,0.000000
5,1.896569,25.220000,2.147658,0.000000,0.000000,1.000000,0.000000,1.000000,0.000000,0,5000,0,5000,5000,2272,2272,0,2728,2728,0.454400,1.000000,0,0,0.000000
6,1.580252,23.870000,2.109902,0.000000,0.000000,1.000000,0.000000,1.000000,0.000000,0,5000,0,5000,5000,3012,3012,0,1988,1988,0.602400,1.000000,0,0,0.000000
7,1.408231,24.410000,2.131922,0.000000,0.000000,1.000000,0.000000,1.000000,0.000000,0,5000,0,5000,5000,3164,3164,0,1836,1836,0.632800,1.000000,0,0,0.000000
8,1.132060,29.150000,2.053989,0.000000,0.000000,1.000000,0.000000,1.000000,0.000000,0,5000,0,5000,5000,3772,3772,0,1228,1228,0.754400,1.000000,0,0,0.000000
9,1.538533,24.520000,2.060629,0.000000,0.000000,1.000000,0.000000,1.000000,0.000000,0,5000,0,5000,5000,2752,2752,0,2248,2248,0.550400,1.000000,0,0,0.000000
10,1.589413,20.480000,2.149312,0.000000,0.000000,1.000000,0.000000,1.000000,0.000000,0,5000,0,5000,5000,2888,2888,0,2112,2112,0.577600,1.000000,0,0,0.000000
11,1.555886,26.400000,2.066669,0.000000,0.000000,1.000000,0.000000,1.000000,0.000000,0,5000,0,5000,5000,2940,2940,0,2060,2060,0.588000,1.000000,0,0,0.000000
12,1.682956,28.520000,2.049900,0.000000,0.000000,1.000000,0.000000,1.000000,0.000000,0,5000,0,5000,5000,2736,2736,0,2264,2264,0.547200,1.000000,0,0,0.000000
13,1.469710,26.700000,2.055704,0.000000,0.000000,1.000000,0.000000,1.000000,0.000000,0,5000,0,5000,5000,3148,3148,0,1852,1852,0.629600,1.000000,0,0,0.000000
14,1.305206,25.870000,2.067106,0.000000,0.000000,1.000000,0.000000,1.000000,0.000000,0,5000,0,5000,5000,3492,3492,0,1508,1508,0.698400,1.000000,0,0,0.000000
15,1.471408,21.210000,2.059925,0.000000,0.000000,1.000000,0.000000,1.000000,0.000000,0,5000,0,5000,5000,3160,3160,0,1840,1840,0.632000,1.000000,0,0,0.000000
16,1.287481,31.000000,2.027091,0.000000,0.000000,1.000000,0.000000,1.000000,0.000000,0,5000,0,5000,5000,3508,3508,0,1492,1492,0.701600,1.000000,0,0,0.000000
17,1.640757,30.130000,2.022702,0.000000,0.000000,1.000000,0.000000,1.000000,0.000000,0,5000,0,5000,5000,2780,2780,0,2220,2220,0.556000,1.000000,0,0,0.000000
18,1.665293,25.250000,2.067795,0.000000,0.000000,1.000000,0.000000,1.000000,0.000000,0,5000,0,5000,5000,2632,2632,0,2368,2368,0.526400,1.000000,0,0,0.000000
19,1.666067,30.810000,2.037423,0.000000,0.000000,1.000000,0.000000,1.000000,0.000000,0,5000,0,5000,5000,2716,2716,0,2284,2284,0.543200,1.000000,0,0,0.000000
20,1.383901,32.200000,2.014372,0.000000,0.000000,1.000000,0.000000,1.000000,0.000000,0,5000,0,5000,5000,3272,3272,0,1728,1728,0.654400,1.000000,0,0,0.000000
21,1.505957,33.830000,1.991720,0.000000,0.000000,1.000000,0.000000,1.000000,0.000000,0,5000,0,5000,5000,3172,3172,0,1828,1828,0.634400,1.000000,0,0,0.000000
22,1.480041,27.960000,2.019344,0.000000,0.000000,1.000000,0.000000,1.000000,0.000000,0,5000,0,5000,5000,3028,3028,0,1972,1972,0.605600,1.000000,0,0,0.000000
23,1.500318,27.410000,2.051220,0.000000,0.000000,1.000000,0.000000,1.000000,0.000000,0,5000,0,5000,5000,3004,3004,0,1996,1996,0.600800,1.000000,0,0,0.000000
24,1.503128,25.100000,2.056002,0.000000,0.000000,1.000000,0.000000,1.000000,0.000000,0,5000,0,5000,5000,3028,3028,0,1972,1972,0.605600,1.000000,0,0,0.000000
25,1.349067,31.550000,1.981896,0.000000,0.000000,1.000000,0.000000,1.000000,0.000000,0,5000,0,5000,5000,3364,3364,0,1636,1636,0.672800,1.000000,0,0,0.000000
26,1.492015,29.070000,2.015465,0.000000,0.000000,1.000000,0.000000,1.000000,0.000000,0,5000,0,5000,5000,3208,3208,0,1792,1792,0.641600,1.000000,0,0,0.000000
27,1.357714,29.370000,2.014472,0.000000,0.000000,1.000000,0.000000,1.000000,0.000000,0,5000,0,5000,5000,3324,3324,0,1676,1676,0.664800,1.000000,0,0,0.000000
28,1.529777,33.880000,1.987116,0.000000,0.000000,1.000000,0.000000,1.000000,0.000000,0,5000,0,5000,5000,2968,2968,0,2032,2032,0.593600,1.000000,0,0,0.000000
29,1.410559,29.250000,2.029355,0.000000,0.000000,1.000000,0.000000,1.000000,0.000000,0,5000,0,5000,5000,3264,3264,0,1736,1736,0.652800,1.000000,0,0,0.000000
30,1.255870,23.940000,2.039436,0.000000,0.000000,1.000000,0.000000,1.000000,0.000000,0,5000,0,5000,5000,3504,3504,0,1496,1496,0.700800,1.000000,0,0,0.000000
31,1.465205,29.770000,2.005568,0.000000,0.000000,1.000000,0.000000,1.000000,0.000000,0,5000,0,5000,5000,3148,3148,0,1852,1852,0.629600,1.000000,0,0,0.000000
32,1.652272,31.810000,1.987434,0.000000,0.000000,1.000000,0.000000,1.000000,0.000000,0,5000,0,5000,5000,2788,2788,0,2212,2212,0.557600,1.000000,0,0,0.000000
33,1.681280,29.830000,2.033999,0.000000,0.000000,1.000000,0.000000,1.000000,0.000000,0,5000,0,5000,5000,2796,2796,0,2204,2204,0.559200,1.000000,0,0,0.000000
34,1.265058,32.510000,1.997828,0.000000,0.000000,1.000000,0.000000,1.000000,0.000000,0,5000,0,5000,5000,3496,3496,0,1504,1504,0.699200,1.000000,0,0,0.000000
35,1.554361,30.580000,2.003290,0.000000,0.000000,1.000000,0.000000,1.000000,0.000000,0,5000,0,5000,5000,2908,2908,0,2092,2092,0.581600,1.000000,0,0,0.000000
36,1.290039,19.210000,2.099973,0.000000,0.000000,1.000000,0.000000,1.000000,0.000000,0,5000,0,5000,5000,3428,3428,0,1572,1572,0.685600,1.000000,0,0,0.000000
37,1.424092,30.030000,1.988780,0.000000,0.000000,1.000000,0.000000,1.000000,0.000000,0,5000,0,5000,5000,3196,3196,0,1804,1804,0.639200,1.000000,0,0,0.000000
38,1.864275,32.850000,2.019007,0.000000,0.000000,1.000000,0.000000,1.000000,0.000000,0,5000,0,5000,5000,2148,2148,0,2852,2852,0.429600,1.000000,0,0,0.000000
39,1.486745,28.440000,2.050643,0.000000,0.000000,1.000000,0.000000,1.000000,0.000000,0,5000,0,5000,5000,3172,3172,0,1828,1828,0.634400,1.000000,0,0,0.000000
40,1.377756,31.970000,1.989969,0.000000,0.000000,1.000000,0.000000,1.000000,0.000000,0,5000,0,5000,5000,3196,3196,0,1804,1804,0.639200,1.000000,0,0,0.000000
41,1.439399,26.830000,2.008813,0.000000,0.000000,1.000000,0.000000,1.000000,0.000000,0,5000,0,5000,5000,3036,3036,0,1964,1964,0.607200,1.000000,0,0,0.000000
42,1.460758,32.260000,1.997228,0.000000,0.000000,1.000000,0.000000,1.000000,0.000000,0,5000,0,5000,5000,3112,3112,0,1888,1888,0.622400,1.000000,0,0,0.000000
43,1.387821,29.260000,1.997495,0.000000,0.000000,1.000000,0.000000,1.000000,0.000000,0,5000,0,5000,5000,3152,3152,0,1848,1848,0.630400,1.000000,0,0,0.000000
44,1.527878,32.170000,1.988146,0.000000,0.000000,1.000000,0.000000,1.000000,0.000000,0,5000,0,5000,5000,2976,2976,0,2024,2024,0.595200,1.000000,0,0,0.000000
45,1.393449,32.020000,1.969256,0.000000,0.000000,1.000000,0.000000,1.000000,0.000000,0,5000,0,5000,5000,3204,3204,0,1796,1796,0.640800,1.000000,0,0,0.000000
46,1.473114,27.590000,2.000861,0.000000,0.000000,1.000000,0.000000,1.000000,0.000000,0,5000,0,5000,5000,2872,2872,0,2128,2128,0.574400,1.000000,0,0,0.000000
47,1.274316,29.040000,1.998770,0.000000,0.000000,1.000000,0.000000,1.000000,0.000000,0,5000,0,5000,5000,3396,3396,0,1604,1604,0.679200,1.000000,0,0,0.000000
48,1.509620,28.810000,2.003762,0.000000,0.000000,1.000000,0.000000,1.000000,0.000000,0,5000,0,5000,5000,2756,2756,0,2244,2244,0.551200,1.000000,0,0,0.000000
49,1.755240,28.400000,2.049890,0.000000,0.000000,1.000000,0.000000,1.000000,0.000000,0,5000,0,5000,5000,2452,2452,0,2548,2548,0.490400,1.000000,0,0,0.000000
50,1.469824,25.800000,2.054689,0.000000,0.000000,1.000000,0.000000,1.000000,0.000000,0,5000,0,5000,5000,2912,2912,0,2088,2088,0.582400,1.000000,0,0,0.000000
51,1.648000,28.290000,2.067285,0.000000,0.000000,1.000000,0.000000,1.000000,0.000000,0,5000,0,5000,5000,2612,2612,0,2388,2388,0.522400,1.000000,0,0,0.000000
52,1.368853,29.370000,2.052905,0.000000,0.000000,1.000000,0.000000,1.000000,0.000000,0,5000,0,5000,5000,3136,3136,0,1864,1864,0.627200,1.000000,0,0,0.000000
53,1.428028,29.850000,2.014451,0.000000,0.000000,1.000000,0.000000,1.000000,0.000000,0,5000,0,5000,5000,2952,2952,0,2048,2048,0.590400,1.000000,0,0,0.000000
54,1.652527,27.290000,2.031087,0.000000,0.000000,1.000000,0.000000,1.000000,0.000000,0,5000,0,5000,5000,2556,2556,0,2444,2444,0.511200,1.000000,0,0,0.000000
55,1.149160,27.600000,1.997188,0.000000,0.000000,1.000000,0.000000,1.000000,0.000000,0,5000,0,5000,5000,3536,3536,0,1464,1464,0.707200,1.000000,0,0,0.000000
56,1.412753,31.360000,1.979225,0.000000,0.000000,1.000000,0.000000,1.000000,0.000000,0,5000,0,5000,5000,3120,3120,0,1880,1880,0.624000,1.000000,0,0,0.000000
57,1.357385,30.780000,2.006698,0.000000,0.000000,1.000000,0.000000,1.000000,0.000000,0,5000,0,5000,5000,3276,3276,0,1724,1724,0.655200,1.000000,0,0,0.000000
58,1.467139,32.420000,1.954183,0.000000,0.000000,1.000000,0.000000,1.000000,0.000000,0,5000,0,5000,5000,3048,3048,0,1952,1952,0.609600,1.000000,0,0,0.000000
59,1.203367,28.800000,1.977319,0.000000,0.000000,1.000000,0.000000,1.000000,0.000000,0,5000,0,5000,5000,3620,3620,0,1380,1380,0.724000,1.000000,0,0,0.000000
60,1.557565,32.470000,1.995924,0.000000,0.000000,1.000000,0.000000,1.000000,0.000000,0,5000,0,5000,5000,2920,2920,0,2080,2080,0.584000,1.000000,0,0,0.000000
61,1.237603,30.380000,1.998171,0.000000,0.000000,1.000000,0.000000,1.000000,0.000000,0,5000,0,5000,5000,3400,3400,0,1600,1600,0.680000,1.000000,0,0,0.000000
62,1.515035,30.520000,1.995980,0.000000,0.000000,1.000000,0.000000,1.000000,0.000000,0,5000,0,5000,5000,2884,2884,0,2116,2116,0.576800,1.000000,0,0,0.000000
63,1.433809,32.330000,1.959984,0.000000,0.000000,1.000000,0.000000,1.000000,0.000000,0,5000,0,5000,5000,3140,3140,0,1860,1860,0.628000,1.000000,0,0,0.000000
64,1.166728,30.040000,1.950631,0.000000,0.000000,1.000000,0.000000,1.000000,0.000000,0,5000,0,5000,5000,3464,3464,0,1536,1536,0.692800,1.000000,0,0,0.000000
65,1.627288,28.490000,2.027900,0.000000,0.000000,1.000000,0.000000,1.000000,0.000000,0,5000,0,5000,5000,2692,2692,0,2308,2308,0.538400,1.000000,0,0,0.000000
66,1.634255,32.230000,1.982477,0.000000,0.000000,1.000000,0.000000,1.000000,0.000000,0,5000,0,5000,5000,2648,2648,0,2352,2352,0.529600,1.000000,0,0,0.000000
67,1.456221,33.870000,1.959032,0.000000,0.000000,1.000000,0.000000,1.000000,0.000000,0,5000,0,5000,5000,3004,3004,0,1996,1996,0.600800,1.000000,0,0,0.000000
68,1.318763,32.430000,1.962575,0.000000,0.000000,1.000000,0.000000,1.000000,0.000000,0,5000,0,5000,5000,3332,3332,0,1668,1668,0.666400,1.000000,0,0,0.000000
69,1.617700,30.270000,2.009037,0.000000,0.000000,1.000000,0.000000,1.000000,0.000000,0,5000,0,5000,5000,2700,2700,0,2300,2300,0.540000,1.000000,0,0,0.000000
70,1.336270,33.610000,1.945205,0.000000,0.000000,1.000000,0.000000,1.000000,0.000000,0,5000,0,5000,5000,3208,3208,0,1792,1792,0.641600,1.000000,0,0,0.000000
71,1.554450,27.190000,1.995186,0.000000,0.000000,1.000000,0.000000,1.000000,0.000000,0,5000,0,5000,5000,2824,2824,0,2176,2176,0.564800,1.000000,0,0,0.000000
72,1.615238,24.270000,2.041448,0.000000,0.000000,1.000000,0.000000,1.000000,0.000000,0,5000,0,5000,5000,2612,2612,0,2388,2388,0.522400,1.000000,0,0,0.000000
73,1.444721,31.300000,1.994783,0.000000,0.000000,1.000000,0.000000,1.000000,0.000000,0,5000,0,5000,5000,3000,3000,0,2000,2000,0.600000,1.000000,0,0,0.000000
74,1.442697,25.740000,2.036684,0.000000,0.000000,1.000000,0.000000,1.000000,0.000000,0,5000,0,5000,5000,2980,2980,0,2020,2020,0.596000,1.000000,0,0,0.000000
75,1.185453,33.830000,1.928420,0.000000,0.000000,1.000000,0.000000,1.000000,0.000000,0,5000,0,5000,5000,3596,3596,0,1404,1404,0.719200,1.000000,0,0,0.000000
76,1.712951,29.060000,2.022582,0.000000,0.000000,1.000000,0.000000,1.000000,0.000000,0,5000,0,5000,5000,2544,2544,0,2456,2456,0.508800,1.000000,0,0,0.000000
77,1.115035,27.310000,2.024798,0.000000,0.000000,1.000000,0.000000,1.000000,0.000000,0,5000,0,5000,5000,3592,3592,0,1408,1408,0.718400,1.000000,0,0,0.000000
78,1.717290,29.230000,2.019016,0.000000,0.000000,1.000000,0.000000,1.000000,0.000000,0,5000,0,5000,5000,2380,2380,0,2620,2620,0.476000,1.000000,0,0,0.000000
79,1.236938,36.170000,1.919621,0.000000,0.000000,1.000000,0.000000,1.000000,0.000000,0,5000,0,5000,5000,3336,3336,0,1664,1664,0.667200,1.000000,0,0,0.000000
80,1.931694,27.410000,2.073634,0.000000,0.000000,1.000000,0.000000,1.000000,0.000000,0,5000,0,5000,5000,1824,1824,0,3176,3176,0.364800,1.000000,0,0,0.000000
81,1.594842,29.700000,2.035026,0.000000,0.000000,1.000000,0.000000,1.000000,0.000000,0,5000,0,5000,5000,2576,2576,0,2424,2424,0.515200,1.000000,0,0,0.000000
82,1.331004,31.890000,1.975903,0.000000,0.000000,1.000000,0.000000,1.000000,0.000000,0,5000,0,5000,5000,3364,3364,0,1636,1636,0.672800,1.000000,0,0,0.000000
83,1.632691,28.510000,2.049668,0.000000,0.000000,1.000000,0.000000,1.000000,0.000000,0,5000,0,5000,5000,2552,2552,0,2448,2448,0.510400,1.000000,0,0,0.000000
84,1.330991,27.160000,2.062915,0.000000,0.000000,1.000000,0.000000,1.000000,0.000000,0,5000,0,5000,5000,3192,3192,0,1808,1808,0.638400,1.000000,0,0,0.000000
85,1.335062,27.040000,2.023228,0.000000,0.000000,1.000000,0.000000,1.000000,0.000000,0,5000,0,5000,5000,3024,3024,0,1976,1976,0.604800,1.000000,0,0,0.000000
86,1.676668,27.480000,2.048398,0.000000,0.000000,1.000000,0.000000,1.000000,0.000000,0,5000,0,5000,5000,2456,2456,0,2544,2544,0.491200,1.000000,0,0,0.000000
87,1.343458,25.360000,2.055564,0.000000,0.000000,1.000000,0.000000,1.000000,0.000000,0,5000,0,5000,5000,3204,3204,0,1796,1796,0.640800,1.000000,0,0,0.000000
88,1.360676,27.920000,2.010406,0.000000,0.000000,1.000000,0.000000,1.000000,0.000000,0,5000,0,5000,5000,3096,3096,0,1904,1904,0.619200,1.000000,0,0,0.000000
89,1.551094,30.490000,2.022279,0.000000,0.000000,1.000000,0.000000,1.000000,0.000000,0,5000,0,5000,5000,2840,2840,0,2160,2160,0.568000,1.000000,0,0,0.000000
90,1.099670,30.730000,2.013004,0.000000,0.000000,1.000000,0.000000,1.000000,0.000000,0,5000,0,5000,5000,3548,3548,0,1452,1452,0.709600,1.000000,0,0,0.000000
91,1.394792,30.580000,2.016039,0.000000,0.000000,1.000000,0.000000,1.000000,0.000000,0,5000,0,5000,5000,2784,2784,0,2216,2216,0.556800,1.000000,0,0,0.000000
92,1.467893,25.270000,2.096249,0.000000,0.000000,1.000000,0.000000,1.000000,0.000000,0,5000,0,5000,5000,2812,2812,0,2188,2188,0.562400,1.000000,0,0,0.000000
93,1.106806,31.700000,2.024266,0.000000,0.000000,1.000000,0.000000,1.000000,0.000000,0,5000,0,5000,5000,3648,3648,0,1352,1352,0.729600,1.000000,0,0,0.000000
94,1.560927,27.770000,2.028098,0.000000,0.000000,1.000000,0.000000,1.000000,0.000000,0,5000,0,5000,5000,2692,2692,0,2308,2308,0.538400,1.000000,0,0,0.000000
95,0.846229,30.600000,1.962093,0.000000,0.000000,1.000000,0.000000,1.000000,0.000000,0,5000,0,5000,5000,4060,4060,0,940,940,0.812000,1.000000,0,0,0.000000
96,1.042566,31.490000,1.959059,0.000000,0.000000,1.000000,0.000000,1.000000,0.000000,0,5000,0,5000,5000,3888,3888,0,1112,1112,0.777600,1.000000,0,0,0.000000
97,1.812169,32.410000,1.978759,0.000000,0.000000,1.000000,0.000000,1.000000,0.000000,0,5000,0,5000,5000,2108,2108,0,2892,2892,0.421600,1.000000,0,0,0.000000
98,1.253721,29.250000,1.991125,0.000000,0.000000,1.000000,0.000000,1.000000,0.000000,0,5000,0,5000,5000,3424,3424,0,1576,1576,0.684800,1.000000,0,0,0.000000
99,1.071149,29.950000,1.955927,0.000000,0.000000,1.000000,0.000000,1.000000,0.000000,0,5000,0,5000,5000,3648,3648,0,1352,1352,0.729600,1.000000,0,0,0.000000
100,0.547688,33.110000,1.935438,0.000000,0.000000,0.609200,0.000000,0.609200,0.090400,1,3046,0,3046,5000,2611,3124,513,435,948,0.857190,0.835787,0,0,0.000000
101,0.684452,34.470000,1.967180,0.000000,0.000000,0.550800,0.000000,0.550800,0.076000,1,2754,0,2754,5000,2203,2816,613,551,1164,0.799927,0.782315,0,0,0.000000
102,0.501069,27.440000,2.105769,0.000000,0.000000,0.570000,0.000000,0.570000,0.092400,1,2850,0,2850,5000,2469,2908,439,381,820,0.866316,0.849037,0,0,0.000000
103,0.747914,37.240000,2.021252,0.000000,0.000000,0.572800,0.000000,0.572800,0.080800,1,2864,0,2864,5000,2259,2344,85,605,690,0.788757,0.963737,0,0,0.000000
104,0.753212,43.130000,2.015895,0.000000,0.000000,0.559600,0.000000,0.559600,0.090400,1,2798,0,2798,5000,2041,3028,987,757,1744,0.729450,0.674042,0,0,0.000000
105,0.588151,36.090000,2.240823,0.000000,0.000000,0.701000,0.000000,0.701000,0.168400,1,3505,0,3505,5000,2976,3424,448,529,977,0.849073,0.869159,0,0,0.000000
106,0.368104,36.260000,2.211460,0.000000,0.000000,0.670000,0.000000,0.670000,0.092600,1,3350,0,3350,5000,3129,3436,307,221,528,0.934030,0.910652,0,0,0.000000
107,0.909463,33.170000,2.318014,0.000000,0.000000,0.732000,0.000000,0.732000,0.075800,1,3660,0,3660,5000,2684,3000,316,976,1292,0.733333,0.894667,0,0,0.000000
108,0.976700,39.520000,2.282459,0.000000,0.000000,0.663600,0.000000,0.663600,0.096600,1,3318,0,3318,5000,2204,2584,380,1114,1494,0.664256,0.852941,0,0,0.000000
109,1.225117,36.070000,2.261900,0.000000,0.000000,0.748800,0.000000,0.748800,0.113800,1,3744,0,3744,5000,2088,2640,552,1656,2208,0.557692,0.790909,0,0,0.000000
110,0.749389,25.460000,2.473668,0.000000,0.000000,0.656000,0.000000,0.656000,0.111800,1,3280,0,3280,5000,2534,3232,698,746,1444,0.772561,0.784035,0,0,0.000000
111,0.344109,29.290000,2.550071,0.000000,0.000000,0.604400,0.000000,0.604400,0.099400,1,3022,0,3022,5000,2713,3588,875,309,1184,0.897750,0.756132,0,0,0.000000
112,0.308378,31.050000,2.539598,0.000000,0.000000,0.608200,0.000000,0.608200,0.062400,1,3041,0,3041,5000,2677,3720,1043,364,1407,0.880303,0.719624,0,0,0.000000
113,1.112240,29.730000,2.528777,0.000000,0.000000,0.727600,0.000000,0.727600,0.124800,1,3638,0,3638,5000,2192,2908,716,1446,2162,0.602529,0.753783,0,0,0.000000
114,0.663679,28.590000,2.537682,0.000000,0.000000,0.730000,0.000000,0.730000,0.078600,1,3650,0,3650,5000,2985,3728,743,665,1408,0.817808,0.800697,0,0,0.000000
115,1.279694,31.480000,2.520750,0.000000,0.000000,0.775000,0.000000,0.775000,0.143600,1,3875,0,3875,5000,2273,2628,355,1602,1957,0.586581,0.864916,0,0,0.000000
116,0.714100,32.240000,2.567807,0.000000,0.000000,0.696400,0.000000,0.696400,0.091600,1,3482,0,3482,5000,2617,3232,615,865,1480,0.751580,0.809715,0,0,0.000000
117,0.638254,32.060000,2.435353,0.000000,0.000000,0.790600,0.000000,0.790600,0.125800,1,3953,0,3953,5000,3222,3484,262,731,993,0.815077,0.924799,0,0,0.000000
118,0.568343,34.710000,2.373563,0.000000,0.000000,0.759200,0.000000,0.759200,0.136800,1,3796,0,3796,5000,3146,3416,270,650,920,0.828767,0.920960,0,0,0.000000
119,1.258751,37.390000,2.382908,0.000000,0.000000,0.660400,0.000000,0.660400,0.104800,1,3302,0,3302,5000,1712,2640,928,1590,2518,0.518474,0.648485,0,0,0.000000
120,0.776533,26.850000,2.529609,0.000000,0.000000,0.763400,0.000000,0.763400,0.101800,1,3817,0,3817,5000,2767,3256,489,1050,1539,0.724915,0.849816,0,0,0.000000
121,0.911023,33.340000,2.446944,0.000000,0.000000,0.733800,0.000000,0.733800,0.100800,1,3669,0,3669,5000,2557,3000,443,1112,1555,0.696920,0.852333,0,0,0.000000
122,1.186734,28.310000,2.574821,0.000000,0.000000,0.728400,0.000000,0.728400,0.082200,1,3642,0,3642,5000,2054,2824,770,1588,2358,0.563976,0.727337,0,0,0.000000
123,0.618893,33.190000,2.405000,0.000000,0.000000,0.664200,0.000000,0.664200,0.175400,1,3321,0,3321,5000,2677,3700,1023,644,1667,0.806083,0.723514,0,0,0.000000
124,1.234455,34.010000,2.281416,0.000000,0.000000,0.826400,0.000000,0.826400,0.117200,1,4132,0,4132,5000,2407,2716,309,1725,2034,0.582527,0.886230,0,0,0.000000
125,1.402568,32.150000,2.292411,0.000000,0.000000,0.779400,0.000000,0.779400,0.132600,1,3897,0,3897,5000,1857,2312,455,2040,2495,0.476520,0.803201,0,0,0.000000
126,0.583010,30.640000,2.325332,0.000000,0.000000,0.789000,0.000000,0.789000,0.087000,1,3945,0,3945,5000,3268,3400,132,677,809,0.828390,0.961176,0,0,0.000000
127,1.089091,32.650000,2.266336,0.000000,0.000000,0.816200,0.000000,0.816200,0.085400,1,4081,0,4081,5000,2480,2932,452,1601,2053,0.607694,0.845839,0,0,0.000000
128,0.783599,38.390000,2.198591,0.000000,0.000000,0.810200,0.000000,0.810200,0.113000,1,4051,0,4051,5000,3140,3360,220,911,1131,0.775117,0.934524,0,0,0.000000
129,1.041273,34.460000,2.260669,0.000000,0.000000,0.870400,0.000000,0.870400,0.133800,1,4352,0,4352,5000,2933,2968,35,1419,1454,0.673943,0.988208,0,0,0.000000
130,1.002622,30.850000,2.326186,0.000000,0.000000,0.799000,0.000000,0.799000,0.151600,1,3995,0,3995,5000,2623,2932,309,1372,1681,0.656571,0.894611,0,0,0.000000
131,1.015437,27.340000,2.385786,0.000000,0.000000,0.854600,0.000000,0.854600,0.100000,1,4273,0,4273,5000,2819,3012,193,1454,1647,0.659724,0.935923,0,0,0.000000
132,1.292242,36.020000,2.274389,0.000000,0.000000,0.859200,0.000000,0.859200,0.119000,1,4296,0,4296,5000,2549,2764,215,1747,1962,0.593343,0.922214,0,0,0.000000
133,1.033794,34.640000,2.317888,0.000000,0.000000,0.860400,0.000000,0.860400,0.146200,1,4302,0,4302,5000,2697,2772,75,1605,1680,0.626918,0.972944,0,0,0.000000
134,1.487045,27.770000,2.402292,0.000000,0.000000,0.890600,0.000000,0.890600,0.122000,1,4453,0,4453,5000,2129,2140,11,2324,2335,0.478105,0.994860,0,0,0.000000
135,0.929656,32.740000,2.337736,0.000000,0.000000,0.829600,0.000000,0.829600,0.129800,1,4148,0,4148,5000,2870,3060,190,1278,1468,0.691900,0.937908,0,0,0.000000
136,1.182708,31.410000,2.354575,0.000000,0.000000,0.817000,0.000000,0.817000,0.139800,1,4085,0,4085,5000,2384,2588,204,1701,1905,0.583599,0.921175,0,0,0.000000
137,1.345367,33.490000,2.333343,0.000000,0.000000,0.878400,0.000000,0.878400,0.079400,1,4392,0,4392,5000,2419,2604,185,1973,2158,0.550774,0.928955,0,0,0.000000
138,1.183006,25.220000,2.473062,0.000000,0.000000,0.803200,0.000000,0.803200,0.074800,1,4016,0,4016,5000,2252,2808,556,1764,2320,0.560757,0.801994,0,0,0.000000
139,1.077329,25.650000,2.444754,0.000000,0.000000,0.826200,0.000000,0.826200,0.117200,1,4131,0,4131,5000,2473,2840,367,1658,2025,0.598644,0.870775,0,0,0.000000
140,0.868901,30.810000,2.388233,0.000000,0.000000,0.831800,0.000000,0.831800,0.169000,1,4159,0,4159,5000,2991,3236,245,1168,1413,0.719163,0.924289,0,0,0.000000
141,1.288527,35.110000,2.326580,0.000000,0.000000,0.851200,0.000000,0.851200,0.143000,1,4256,0,4256,5000,2411,2512,101,1845,1946,0.566494,0.959793,0,0,0.000000
142,0.794925,35.490000,2.344350,0.000000,0.000000,0.823600,0.000000,0.823600,0.074400,1,4118,0,4118,5000,3221,3492,271,897,1168,0.782176,0.922394,0,0,0.000000
143,1.351039,32.090000,2.391421,0.000000,0.000000,0.783600,0.000000,0.783600,0.091000,1,3918,0,3918,5000,1955,2516,561,1963,2524,0.498979,0.777027,0,0,0.000000
144,1.230154,35.440000,2.331767,0.000000,0.000000,0.836400,0.000000,0.836400,0.128200,1,4182,0,4182,5000,2436,2628,192,1746,1938,0.582496,0.926941,0,0,0.000000
145,0.750961,26.630000,2.521950,0.000000,0.000000,0.771000,0.000000,0.771000,0.118600,1,3855,0,3855,5000,2891,3384,493,964,1457,0.749935,0.854314,0,0,0.000000
146,1.018397,22.170000,2.545416,0.000000,0.000000,0.810000,0.000000,0.810000,0.093000,1,4050,0,4050,5000,2577,2876,299,1473,1772,0.636296,0.896036,0,0,0.000000
147,0.924561,26.250000,2.434495,0.000000,0.000000,0.763400,0.000000,0.763400,0.081600,1,3817,0,3817,5000,2607,3104,497,1210,1707,0.682997,0.839884,0,0,0.000000
148,1.290376,31.740000,2.385310,0.000000,0.000000,0.828200,0.000000,0.828200,0.136400,1,4141,0,4141,5000,2558,2920,362,1583,1945,0.617725,0.876027,0,0,0.000000
149,1.249220,30.250000,2.428744,0.000000,0.000000,0.854200,0.000000,0.854200,0.102600,1,4271,0,4271,5000,2392,2700,308,1879,2187,0.560056,0.885926,0,0,0.000000
150,1.477486,24.360000,2.494320,0.000000,0.000000,0.849000,0.000000,0.849000,0.177800,1,4245,0,4245,5000,2067,2472,405,2178,2583,0.486926,0.836165,0,0,0.000000
151,1.164006,26.540000,2.477548,0.000000,0.000000,0.802000,0.000000,0.802000,0.151400,1,4010,0,4010,5000,2502,2968,466,1508,1974,0.623940,0.842992,0,0,0.000000
152,0.920957,30.170000,2.429402,0.000000,0.000000,0.856000,0.000000,0.856000,0.094400,1,4280,0,4280,5000,3196,3612,416,1084,1500,0.746729,0.884828,0,0,0.000000
153,1.019139,25.570000,2.466234,0.000000,0.000000,0.858200,0.000000,0.858200,0.146600,1,4291,0,4291,5000,2809,3072,263,1482,1745,0.654626,0.914388,0,0,0.000000
154,1.027332,35.260000,2.336431,0.000000,0.000000,0.834000,0.000000,0.834000,0.143000,1,4170,0,4170,5000,2857,3236,379,1313,1692,0.685132,0.882880,0,0,0.000000
155,1.339575,31.120000,2.434287,0.000000,0.000000,0.874200,0.000000,0.874200,0.105800,1,4371,0,4371,5000,2158,2476,318,2213,2531,0.493709,0.871567,0,0,0.000000
156,0.988063,28.500000,2.467043,0.000000,0.000000,0.794600,0.000000,0.794600,0.088600,1,3973,0,3973,5000,2791,3316,525,1182,1707,0.702492,0.841677,0,0,0.000000
157,1.096250,26.280000,2.486303,0.000000,0.000000,0.851400,0.000000,0.851400,0.154800,1,4257,0,4257,5000,2799,3020,221,1458,1679,0.657505,0.926821,0,0,0.000000
158,1.239543,30.100000,2.447768,0.000000,0.000000,0.845400,0.000000,0.845400,0.096400,1,4227,0,4227,5000,2598,2976,378,1629,2007,0.614620,0.872984,0,0,0.000000
159,0.797933,34.350000,2.371200,0.000000,0.000000,0.872600,0.000000,0.872600,0.116200,1,4363,0,4363,5000,3404,3424,20,959,979,0.780197,0.994159,0,0,0.000000
160,0.746333,36.470000,2.351727,0.000000,0.000000,0.850400,0.000000,0.850400,0.124000,1,4252,0,4252,5000,3320,3412,92,932,1024,0.780809,0.973036,0,0,0.000000
161,1.078862,37.610000,2.329931,0.000000,0.000000,0.848800,0.000000,0.848800,0.112400,1,4244,0,4244,5000,2661,2808,147,1583,1730,0.627003,0.947650,0,0,0.000000
162,1.126692,37.570000,2.329194,0.000000,0.000000,0.877400,0.000000,0.877400,0.103600,1,4387,0,4387,5000,2789,2912,123,1598,1721,0.635742,0.957761,0,0,0.000000
163,0.961273,35.050000,2.369559,0.000000,0.000000,0.853800,0.000000,0.853800,0.118000,1,4269,0,4269,5000,2917,3340,423,1352,1775,0.683298,0.873353,0,0,0.000000
164,0.940149,26.500000,2.519061,0.000000,0.000000,0.829600,0.000000,0.829600,0.111600,1,4148,0,4148,5000,2734,2816,82,1414,1496,0.659113,0.970881,0,0,0.000000
165,0.612911,34.200000,2.436636,0.000000,0.000000,0.782600,0.000000,0.782600,0.114400,1,3913,0,3913,5000,3275,3484,209,638,847,0.836954,0.940011,0,0,0.000000
166,1.311864,32.350000,2.428753,0.000000,0.000000,0.865600,0.000000,0.865600,0.101800,1,4328,0,4328,5000,2217,2424,207,2111,2318,0.512246,0.914604,0,0,0.000000
167,1.123142,26.610000,2.503942,0.000000,0.000000,0.925800,0.000000,0.925800,0.128200,1,4629,0,4629,5000,2935,2940,5,1694,1699,0.634046,0.998299,0,0,0.000000
168,0.832230,27.100000,2.458839,0.000000,0.000000,0.879000,0.000000,0.879000,0.098200,1,4395,0,4395,5000,3343,3428,85,1052,1137,0.760637,0.975204,0,0,0.000000
169,0.918152,30.990000,2.455391,0.000000,0.000000,0.844400,0.000000,0.844400,0.211400,1,4222,0,4222,5000,2905,3024,119,1317,1436,0.688063,0.960648,0,0,0.000000
170,0.772741,36.710000,2.347913,0.000000,0.000000,0.875000,0.000000,0.875000,0.107600,1,4375,0,4375,5000,3245,3452,207,1130,1337,0.741714,0.940035,0,0,0.000000
171,1.421229,29.780000,2.487415,0.000000,0.000000,0.843000,0.000000,0.843000,0.117000,1,4215,0,4215,5000,2042,2512,470,2173,2643,0.484460,0.812898,0,0,0.000000
172,1.394496,25.820000,2.544229,0.000000,0.000000,0.831200,0.000000,0.831200,0.180800,1,4156,0,4156,5000,2074,2680,606,2082,2688,0.499038,0.773881,0,0,0.000000
173,0.744025,29.490000,2.527980,0.000000,0.000000,0.876400,0.000000,0.876400,0.124000,1,4382,0,4382,5000,3399,3504,105,983,1088,0.775673,0.970034,0,0,0.000000
174,0.919584,30.730000,2.571266,0.000000,0.000000,0.805400,0.000000,0.805400,0.113600,1,4027,0,4027,5000,2686,3216,530,1341,1871,0.666998,0.835199,0,0,0.000000
175,1.266765,33.510000,2.411744,0.000000,0.000000,0.836200,0.000000,0.836200,0.154600,1,4181,0,4181,5000,2427,2896,469,1754,2223,0.580483,0.838052,0,0,0.000000
176,0.793770,32.180000,2.436078,0.000000,0.000000,0.818600,0.000000,0.818600,0.103200,1,4093,0,4093,5000,3167,3604,437,926,1363,0.773760,0.878746,0,0,0.000000
177,1.011132,30.220000,2.479069,0.000000,0.000000,0.840000,0.000000,0.840000,0.148600,1,4200,0,4200,5000,2817,2956,139,1383,1522,0.670714,0.952977,0,0,0.000000
178,1.091518,35.600000,2.416949,0.000000,0.000000,0.899000,0.000000,0.899000,0.117200,1,4495,0,4495,5000,2896,2924,28,1599,1627,0.644271,0.990424,0,0,0.000000
179,0.812574,33.970000,2.410513,0.000000,0.000000,0.779000,0.000000,0.779000,0.185600,1,3895,0,3895,5000,2952,3568,616,943,1559,0.757895,0.827354,0,0,0.000000
180,1.317781,32.820000,2.462063,0.000000,0.000000,0.901600,0.000000,0.901600,0.146800,1,4508,0,4508,5000,2486,2584,98,2022,2120,0.551464,0.962074,0,0,0.000000
181,0.731913,37.680000,2.397458,0.000000,0.000000,0.873000,0.000000,0.873000,0.083400,1,4365,0,4365,5000,3489,3508,19,876,895,0.799313,0.994584,0,0,0.000000
182,1.381644,31.960000,2.465116,0.000000,0.000000,0.890600,0.000000,0.890600,0.093000,1,4453,0,4453,5000,2383,2632,249,2070,2319,0.535145,0.905395,0,0,0.000000
183,0.861474,33.540000,2.453707,0.000000,0.000000,0.809200,0.000000,0.809200,0.105400,1,4046,0,4046,5000,3035,3404,369,1011,1380,0.750124,0.891598,0,0,0.000000
184,1.384798,31.190000,2.489157,0.000000,0.000000,0.839000,0.000000,0.839000,0.168800,1,4195,0,4195,5000,2041,2364,323,2154,2477,0.486532,0.863367,0,0,0.000000
185,1.297687,31.460000,2.481432,0.000000,0.000000,0.889800,0.000000,0.889800,0.152200,1,4449,0,4449,5000,2705,3020,315,1744,2059,0.608002,0.895695,0,0,0.000000
186,1.243932,26.840000,2.588162,0.000000,0.000000,0.842800,0.000000,0.842800,0.137400,1,4214,0,4214,5000,2514,3064,550,1700,2250,0.596583,0.820496,0,0,0.000000
187,1.257075,23.550000,2.637164,0.000000,0.000000,0.857000,0.000000,0.857000,0.114600,1,4285,0,4285,5000,2404,2476,72,1881,1953,0.561027,0.970921,0,0,0.000000
188,1.252904,27.610000,2.584083,0.000000,0.000000,0.820200,0.000000,0.820200,0.160200,1,4101,0,4101,5000,2164,2744,580,1937,2517,0.527676,0.788630,0,0,0.000000
189,0.768522,31.610000,2.483103,0.000000,0.000000,0.803600,0.000000,0.803600,0.129200,1,4018,0,4018,5000,3113,3540,427,905,1332,0.774764,0.879379,0,0,0.000000
190,0.930615,30.930000,2.471778,0.000000,0.000000,0.767600,0.000000,0.767600,0.142400,1,3838,0,3838,5000,2532,3180,648,1306,1954,0.659719,0.796226,0,0,0.000000
191,1.284217,29.340000,2.533955,0.000000,0.000000,0.898800,0.000000,0.898800,0.149200,1,4494,0,4494,5000,2426,2500,74,2068,2142,0.539831,0.970400,0,0,0.000000
192,0.891286,32.900000,2.455141,0.000000,0.000000,0.817200,0.000000,0.817200,0.139800,1,4086,0,4086,5000,2901,3532,631,1185,1816,0.709985,0.821348,0,0,0.000000
193,0.886608,32.530000,2.474646,0.000000,0.000000,0.838200,0.000000,0.838200,0.109000,1,4191,0,4191,5000,2940,3164,224,1251,1475,0.701503,0.929204,0,0,0.000000
194,0.984902,33.190000,2.443757,0.000000,0.000000,0.847000,0.000000,0.847000,0.115400,1,4235,0,4235,5000,2900,3260,360,1335,1695,0.684770,0.889571,0,0,0.000000
195,1.291801,32.900000,2.459366,0.000000,0.000000,0.790600,0.000000,0.790600,0.091800,1,3953,0,3953,5000,2118,2872,754,1835,2589,0.535796,0.737465,0,0,0.000000
196,1.114460,31.330000,2.476357,0.000000,0.000000,0.894200,0.000000,0.894200,0.125800,1,4471,0,4471,5000,2981,3152,171,1490,1661,0.666741,0.945749,0,0,0.000000
197,1.327913,26.870000,2.584305,0.000000,0.000000,0.876800,0.000000,0.876800,0.084600,1,4384,0,4384,5000,2257,2616,359,2127,2486,0.514827,0.862768,0,0,0.000000
198,1.155399,24.220000,2.623041,0.000000,0.000000,0.785400,0.000000,0.785400,0.157800,1,3927,0,3927,5000,2337,2948,611,1590,2201,0.595111,0.792741,0,0,0.000000
199,1.292711,29.430000,2.526481,0.000000,0.000000,0.838800,0.000000,0.838800,0.120200,1,4194,0,4194,5000,2340,2696,356,1854,2210,0.557940,0.867953,0,0,0.000000
200,1.104502,28.980000,2.538659,0.000000,0.000000,0.890600,0.000000,0.890600,0.099200,1,4453,0,4453,5000,2949,3140,191,1504,1695,0.662250,0.939172,0,0,0.000000
201,0.952087,29.870000,2.542753,0.000000,0.000000,0.787000,0.000000,0.787000,0.144200,1,3935,0,3935,5000,2710,3268,558,1225,1783,0.688691,0.829253,0,0,0.000000
202,1.019642,26.370000,2.584535,0.000000,0.000000,0.898400,0.000000,0.898400,0.106400,1,4492,0,4492,5000,2921,3032,111,1571,1682,0.650267,0.963391,0,0,0.000000
203,1.243914,30.440000,2.503247,0.000000,0.000000,0.904200,0.000000,0.904200,0.121400,1,4521,0,4521,5000,2567,2632,65,1954,2019,0.567795,0.975304,0,0,0.000000
204,1.147735,30.230000,2.546644,0.000000,0.000000,0.868600,0.000000,0.868600,0.103800,1,4343,0,4343,5000,2489,2876,387,1854,2241,0.573106,0.865438,0,0,0.000000
205,1.200456,28.280000,2.535910,0.000000,0.000000,0.865400,0.000000,0.865400,0.134000,1,4327,0,4327,5000,2621,2848,227,1706,1933,0.605731,0.920295,0,0,0.000000
206,1.341002,26.470000,2.574832,0.000000,0.000000,0.883200,0.000000,0.883200,0.084200,1,4416,0,4416,5000,2271,2544,273,2145,2418,0.514266,0.892689,0,0,0.000000
207,1.245035,29.880000,2.508988,0.000000,0.000000,0.815800,0.000000,0.815800,0.122800,1,4079,0,4079,5000,2165,2852,687,1914,2601,0.530767,0.759116,0,0,0.000000
208,0.731018,32.110000,2.478927,0.000000,0.000000,0.818000,0.000000,0.818000,0.093000,1,4090,0,4090,5000,3261,3820,559,829,1388,0.797311,0.853665,0,0,0.000000
209,1.299360,24.610000,2.614413,0.000000,0.000000,0.858000,0.000000,0.858000,0.199200,1,4290,0,4290,5000,2290,2672,382,2000,2382,0.533800,0.857036,0,0,0.000000
210,0.937973,31.170000,2.525536,0.000000,0.000000,0.830400,0.000000,0.830400,0.118200,1,4152,0,4152,5000,2855,3440,585,1297,1882,0.687620,0.829942,0,0,0.000000
211,1.362272,30.840000,2.513526,0.000000,0.000000,0.885400,0.000000,0.885400,0.163800,1,4427,0,4427,5000,2297,2576,279,2130,2409,0.518862,0.891693,0,0,0.000000
212,0.909237,26.770000,2.593198,0.000000,0.000000,0.909000,0.000000,0.909000,0.099800,1,4545,0,4545,5000,3357,3364,7,1188,1195,0.738614,0.997919,0,0,0.000000
213,1.157672,25.920000,2.636953,0.000000,0.000000,0.832200,0.000000,0.832200,0.119200,1,4161,0,4161,5000,2457,2988,531,1704,2235,0.590483,0.822289,0,0,0.000000
214,1.104256,25.480000,2.584035,0.000000,0.000000,0.847000,0.000000,0.847000,0.111000,1,4235,0,4235,5000,2671,2980,309,1564,1873,0.630697,0.896309,0,0,0.000000
215,1.017865,32.890000,2.493283,0.000000,0.000000,0.859000,0.000000,0.859000,0.153600,1,4295,0,4295,5000,2898,3024,126,1397,1523,0.674738,0.958333,0,0,0.000000
216,1.062149,32.690000,2.482253,0.000000,0.000000,0.818200,0.000000,0.818200,0.117200,1,4091,0,4091,5000,2568,2984,416,1523,1939,0.627719,0.860590,0,0,0.000000
217,1.094159,31.630000,2.512413,0.000000,0.000000,0.896600,0.000000,0.896600,0.140000,1,4483,0,4483,5000,2942,3032,90,1541,1631,0.656257,0.970317,0,0,0.000000
218,1.209076,27.320000,2.587003,0.000000,0.000000,0.885400,0.000000,0.885400,0.095000,1,4427,0,4427,5000,2630,2728,98,1797,1895,0.594082,0.964076,0,0,0.000000
219,1.191091,34.150000,2.472025,0.000000,0.000000,0.851000,0.000000,0.851000,0.111000,1,4255,0,4255,5000,2503,2832,329,1752,2081,0.588249,0.883828,0,0,0.000000
220,0.832949,30.250000,2.508160,0.000000,0.000000,0.801600,0.000000,0.801600,0.122800,1,4008,0,4008,5000,2771,3336,565,1237,1802,0.691367,0.830635,0,0,0.000000
221,0.984145,31.110000,2.471801,0.000000,0.000000,0.843400,0.000000,0.843400,0.175600,1,4217,0,4217,5000,3000,3264,264,1217,1481,0.711406,0.919118,0,0,0.000000
222,1.062269,33.230000,2.467623,0.000000,0.000000,0.826000,0.000000,0.826000,0.110800,1,4130,0,4130,5000,2602,3012,410,1528,1938,0.630024,0.863878,0,0,0.000000
223,1.252426,32.090000,2.502027,0.000000,0.000000,0.854800,0.000000,0.854800,0.155000,1,4274,0,4274,5000,2429,2828,399,1845,2244,0.568320,0.858911,0,0,0.000000
224,0.930874,32.650000,2.528499,0.000000,0.000000,0.896200,0.000000,0.896200,0.135800,1,4481,0,4481,5000,2928,3064,136,1553,1689,0.653426,0.955614,0,0,0.000000
225,1.184125,33.310000,2.478088,0.000000,0.000000,0.837600,0.000000,0.837600,0.101400,1,4188,0,4188,5000,2466,2868,402,1722,2124,0.588825,0.859833,0,0,0.000000
226,0.972592,31.120000,2.515595,0.000000,0.000000,0.898000,0.000000,0.898000,0.147200,1,4490,0,4490,5000,3114,3124,10,1376,1386,0.693541,0.996799,0,0,0.000000
227,1.145905,29.690000,2.512414,0.000000,0.000000,0.856400,0.000000,0.856400,0.103800,1,4282,0,4282,5000,2451,2976,525,1831,2356,0.572396,0.823589,0,0,0.000000
228,1.330060,28.170000,2.562392,0.000000,0.000000,0.869000,0.000000,0.869000,0.122600,1,4345,0,4345,5000,2362,2824,462,1983,2445,0.543613,0.836402,0,0,0.000000
229,1.130193,31.530000,2.546313,0.000000,0.000000,0.878400,0.000000,0.878400,0.116000,1,4392,0,4392,5000,2676,2792,116,1716,1832,0.609290,0.958453,0,0,0.000000
230,0.957248,30.680000,2.540068,0.000000,0.000000,0.891600,0.000000,0.891600,0.151400,1,4458,0,4458,5000,3130,3376,246,1328,1574,0.702109,0.927133,0,0,0.000000
231,1.105459,25.330000,2.666787,0.000000,0.000000,0.887600,0.000000,0.887600,0.131000,1,4438,0,4438,5000,2857,2948,91,1581,1672,0.643758,0.969132,0,0,0.000000
232,1.161824,28.080000,2.598449,0.000000,0.000000,0.891400,0.000000,0.891400,0.084600,1,4457,0,4457,5000,2872,3048,176,1585,1761,0.644380,0.942257,0,0,0.000000
