epoch,train_loss,global_test_acc,global_test_loss,rec_apa,rec_loss,personal_apa,personal_loss,core_clean_ratio,recover_ratio,train_ratio,agreement_ratio,recovery_trigger,w_rn,w_rec,w_pfl,core_count,recover_count,train_count,total_count,actual_train_clean_count,actual_round_clean_count,missed_clean_count,false_clean_count,total_wrong_count,actual_train_clean_ratio,clean_recall
0,2.019064,23.860000,2.139978,0.000000,0.000000,0.000000,0.000000,1.000000,0.000000,1.000000,0.000000,0,1.000000,0.000000,0.000000,5000,0,5000,5000,2744,2744,0,2256,2256,0.548800,1.000000
1,1.795789,30.930000,1.995784,0.000000,0.000000,0.000000,0.000000,1.000000,0.000000,1.000000,0.000000,0,1.000000,0.000000,0.000000,5000,0,5000,5000,3284,3284,0,1716,1716,0.656800,1.000000
2,1.823128,27.120000,1.984386,0.000000,0.000000,0.000000,0.000000,1.000000,0.000000,1.000000,0.000000,0,1.000000,0.000000,0.000000,5000,0,5000,5000,2960,2960,0,2040,2040,0.592000,1.000000
3,1.773028,37.000000,1.885183,0.000000,0.000000,0.000000,0.000000,1.000000,0.000000,1.000000,0.000000,0,1.000000,0.000000,0.000000,5000,0,5000,5000,3028,3028,0,1972,1972,0.605600,1.000000
4,1.938694,33.640000,1.916137,0.000000,0.000000,0.000000,0.000000,1.000000,0.000000,1.000000,0.000000,0,1.000000,0.000000,0.000000,5000,0,5000,5000,2624,2624,0,2376,2376,0.524800,1.000000
5,1.685399,29.340000,1.917980,0.000000,0.000000,0.000000,0.000000,1.000000,0.000000,1.000000,0.000000,0,1.000000,0.000000,0.000000,5000,0,5000,5000,3128,3128,0,1872,1872,0.625600,1.000000
6,1.788237,36.970000,1.849067,0.000000,0.000000,0.000000,0.000000,1.000000,0.000000,1.000000,0.000000,0,1.000000,0.000000,0.000000,5000,0,5000,5000,2976,2976,0,2024,2024,0.595200,1.000000
7,1.637192,35.330000,1.848083,0.000000,0.000000,0.000000,0.000000,1.000000,0.000000,1.000000,0.000000,0,1.000000,0.000000,0.000000,5000,0,5000,5000,3188,3188,0,1812,1812,0.637600,1.000000
8,1.733909,39.320000,1.806929,0.000000,0.000000,0.000000,0.000000,1.000000,0.000000,1.000000,0.000000,0,1.000000,0.000000,0.000000,5000,0,5000,5000,3012,3012,0,1988,1988,0.602400,1.000000
9,1.807754,38.360000,1.860669,0.000000,0.000000,0.000000,0.000000,1.000000,0.000000,1.000000,0.000000,0,1.000000,0.000000,0.000000,5000,0,5000,5000,2584,2584,0,2416,2416,0.516800,1.000000
10,1.634637,41.170000,1.817309,0.000000,0.000000,0.000000,0.000000,1.000000,0.000000,1.000000,0.000000,0,1.000000,0.000000,0.000000,5000,0,5000,5000,3300,3300,0,1700,1700,0.660000,1.000000
11,1.701057,38.010000,1.825299,0.000000,0.000000,0.000000,0.000000,1.000000,0.000000,1.000000,0.000000,0,1.000000,0.000000,0.000000,5000,0,5000,5000,3100,3100,0,1900,1900,0.620000,1.000000
12,1.640972,36.870000,1.848283,0.000000,0.000000,0.000000,0.000000,1.000000,0.000000,1.000000,0.000000,0,1.000000,0.000000,0.000000,5000,0,5000,5000,3040,3040,0,1960,1960,0.608000,1.000000
13,1.865452,43.020000,1.798219,0.000000,0.000000,0.000000,0.000000,1.000000,0.000000,1.000000,0.000000,0,1.000000,0.000000,0.000000,5000,0,5000,5000,2588,2588,0,2412,2412,0.517600,1.000000
14,1.770629,42.270000,1.824320,0.000000,0.000000,0.000000,0.000000,1.000000,0.000000,1.000000,0.000000,0,1.000000,0.000000,0.000000,5000,0,5000,5000,2760,2760,0,2240,2240,0.552000,1.000000
15,1.746955,38.040000,1.851231,0.000000,0.000000,0.000000,0.000000,1.000000,0.000000,1.000000,0.000000,0,1.000000,0.000000,0.000000,5000,0,5000,5000,2912,2912,0,2088,2088,0.582400,1.000000
16,1.690145,36.120000,1.809902,0.000000,0.000000,0.000000,0.000000,1.000000,0.000000,1.000000,0.000000,0,1.000000,0.000000,0.000000,5000,0,5000,5000,3216,3216,0,1784,1784,0.643200,1.000000
17,1.755930,44.910000,1.757682,0.000000,0.000000,0.000000,0.000000,1.000000,0.000000,1.000000,0.000000,0,1.000000,0.000000,0.000000,5000,0,5000,5000,2824,2824,0,2176,2176,0.564800,1.000000
18,1.798139,47.360000,1.766765,0.000000,0.000000,0.000000,0.000000,1.000000,0.000000,1.000000,0.000000,0,1.000000,0.000000,0.000000,5000,0,5000,5000,2808,2808,0,2192,2192,0.561600,1.000000
19,1.721897,46.960000,1.720667,0.000000,0.000000,0.000000,0.000000,1.000000,0.000000,1.000000,0.000000,0,1.000000,0.000000,0.000000,5000,0,5000,5000,3060,3060,0,1940,1940,0.612000,1.000000
20,1.713097,42.160000,1.723454,0.000000,0.000000,0.000000,0.000000,1.000000,0.000000,1.000000,0.000000,0,1.000000,0.000000,0.000000,5000,0,5000,5000,3140,3140,0,1860,1860,0.628000,1.000000
21,1.665959,49.260000,1.695022,0.000000,0.000000,0.000000,0.000000,1.000000,0.000000,1.000000,0.000000,0,1.000000,0.000000,0.000000,5000,0,5000,5000,3084,3084,0,1916,1916,0.616800,1.000000
22,1.580511,44.810000,1.719334,0.000000,0.000000,0.000000,0.000000,1.000000,0.000000,1.000000,0.000000,0,1.000000,0.000000,0.000000,5000,0,5000,5000,3252,3252,0,1748,1748,0.650400,1.000000
23,1.699560,47.890000,1.736858,0.000000,0.000000,0.000000,0.000000,1.000000,0.000000,1.000000,0.000000,0,1.000000,0.000000,0.000000,5000,0,5000,5000,2928,2928,0,2072,2072,0.585600,1.000000
24,1.333219,41.860000,1.700714,0.000000,0.000000,0.000000,0.000000,1.000000,0.000000,1.000000,0.000000,0,1.000000,0.000000,0.000000,5000,0,5000,5000,3712,3712,0,1288,1288,0.742400,1.000000
25,1.778067,47.670000,1.702620,0.000000,0.000000,0.000000,0.000000,1.000000,0.000000,1.000000,0.000000,0,1.000000,0.000000,0.000000,5000,0,5000,5000,2760,2760,0,2240,2240,0.552000,1.000000
26,1.511240,48.750000,1.621765,0.000000,0.000000,0.000000,0.000000,1.000000,0.000000,1.000000,0.000000,0,1.000000,0.000000,0.000000,5000,0,5000,5000,3532,3532,0,1468,1468,0.706400,1.000000
27,1.719703,40.960000,1.711436,0.000000,0.000000,0.000000,0.000000,1.000000,0.000000,1.000000,0.000000,0,1.000000,0.000000,0.000000,5000,0,5000,5000,2784,2784,0,2216,2216,0.556800,1.000000
28,1.448248,46.840000,1.617936,0.000000,0.000000,0.000000,0.000000,1.000000,0.000000,1.000000,0.000000,0,1.000000,0.000000,0.000000,5000,0,5000,5000,3376,3376,0,1624,1624,0.675200,1.000000
29,1.507711,50.000000,1.626854,0.000000,0.000000,0.000000,0.000000,1.000000,0.000000,1.000000,0.000000,0,1.000000,0.000000,0.000000,5000,0,5000,5000,3232,3232,0,1768,1768,0.646400,1.000000
30,1.552750,46.130000,1.614669,0.000000,0.000000,0.000000,0.000000,1.000000,0.000000,1.000000,0.000000,0,1.000000,0.000000,0.000000,5000,0,5000,5000,3256,3256,0,1744,1744,0.651200,1.000000
31,1.711176,43.600000,1.700389,0.000000,0.000000,0.000000,0.000000,1.000000,0.000000,1.000000,0.000000,0,1.000000,0.000000,0.000000,5000,0,5000,5000,2836,2836,0,2164,2164,0.567200,1.000000
32,1.714598,48.790000,1.635606,0.000000,0.000000,0.000000,0.000000,1.000000,0.000000,1.000000,0.000000,0,1.000000,0.000000,0.000000,5000,0,5000,5000,2908,2908,0,2092,2092,0.581600,1.000000
33,1.685391,50.160000,1.686429,0.000000,0.000000,0.000000,0.000000,1.000000,0.000000,1.000000,0.000000,0,1.000000,0.000000,0.000000,5000,0,5000,5000,2784,2784,0,2216,2216,0.556800,1.000000
34,1.631159,47.990000,1.667013,0.000000,0.000000,0.000000,0.000000,1.000000,0.000000,1.000000,0.000000,0,1.000000,0.000000,0.000000,5000,0,5000,5000,3108,3108,0,1892,1892,0.621600,1.000000
35,1.544880,39.180000,1.756791,0.000000,0.000000,0.000000,0.000000,1.000000,0.000000,1.000000,0.000000,0,1.000000,0.000000,0.000000,5000,0,5000,5000,3176,3176,0,1824,1824,0.635200,1.000000
36,1.945996,45.760000,1.785054,0.000000,0.000000,0.000000,0.000000,1.000000,0.000000,1.000000,0.000000,0,1.000000,0.000000,0.000000,5000,0,5000,5000,2116,2116,0,2884,2884,0.423200,1.000000
37,1.817474,46.320000,1.753410,0.000000,0.000000,0.000000,0.000000,1.000000,0.000000,1.000000,0.000000,0,1.000000,0.000000,0.000000,5000,0,5000,5000,2564,2564,0,2436,2436,0.512800,1.000000
38,1.277633,48.660000,1.577144,0.000000,0.000000,0.000000,0.000000,1.000000,0.000000,1.000000,0.000000,0,1.000000,0.000000,0.000000,5000,0,5000,5000,3948,3948,0,1052,1052,0.789600,1.000000
39,1.579908,46.210000,1.641486,0.000000,0.000000,0.000000,0.000000,1.000000,0.000000,1.000000,0.000000,0,1.000000,0.000000,0.000000,5000,0,5000,5000,3096,3096,0,1904,1904,0.619200,1.000000
40,1.510101,44.360000,1.686712,0.000000,0.000000,0.000000,0.000000,1.000000,0.000000,1.000000,0.000000,0,1.000000,0.000000,0.000000,5000,0,5000,5000,3244,3244,0,1756,1756,0.648800,1.000000
41,1.585955,48.540000,1.641750,0.000000,0.000000,0.000000,0.000000,1.000000,0.000000,1.000000,0.000000,0,1.000000,0.000000,0.000000,5000,0,5000,5000,3092,3092,0,1908,1908,0.618400,1.000000
42,1.742122,51.710000,1.657343,0.000000,0.000000,0.000000,0.000000,1.000000,0.000000,1.000000,0.000000,0,1.000000,0.000000,0.000000,5000,0,5000,5000,2736,2736,0,2264,2264,0.547200,1.000000
43,1.624259,51.770000,1.612107,0.000000,0.000000,0.000000,0.000000,1.000000,0.000000,1.000000,0.000000,0,1.000000,0.000000,0.000000,5000,0,5000,5000,3060,3060,0,1940,1940,0.612000,1.000000
44,1.503692,51.360000,1.592441,0.000000,0.000000,0.000000,0.000000,1.000000,0.000000,1.000000,0.000000,0,1.000000,0.000000,0.000000,5000,0,5000,5000,3368,3368,0,1632,1632,0.673600,1.000000
45,1.498701,44.640000,1.685639,0.000000,0.000000,0.000000,0.000000,1.000000,0.000000,1.000000,0.000000,0,1.000000,0.000000,0.000000,5000,0,5000,5000,3160,3160,0,1840,1840,0.632000,1.000000
46,1.652579,47.150000,1.628714,0.000000,0.000000,0.000000,0.000000,1.000000,0.000000,1.000000,0.000000,0,1.000000,0.000000,0.000000,5000,0,5000,5000,3044,3044,0,1956,1956,0.608800,1.000000
47,1.600311,45.550000,1.673672,0.000000,0.000000,0.000000,0.000000,1.000000,0.000000,1.000000,0.000000,0,1.000000,0.000000,0.000000,5000,0,5000,5000,2976,2976,0,2024,2024,0.595200,1.000000
48,1.679629,52.280000,1.630247,0.000000,0.000000,0.000000,0.000000,1.000000,0.000000,1.000000,0.000000,0,1.000000,0.000000,0.000000,5000,0,5000,5000,2856,2856,0,2144,2144,0.571200,1.000000
49,1.536672,50.130000,1.603241,0.000000,0.000000,0.000000,0.000000,1.000000,0.000000,1.000000,0.000000,0,1.000000,0.000000,0.000000,5000,0,5000,5000,3144,3144,0,1856,1856,0.628800,1.000000
50,1.886849,52.700000,1.693664,0.000000,0.000000,0.000000,0.000000,1.000000,0.000000,1.000000,0.000000,0,1.000000,0.000000,0.000000,5000,0,5000,5000,2236,2236,0,2764,2764,0.447200,1.000000
51,1.583300,48.430000,1.669306,0.000000,0.000000,0.000000,0.000000,1.000000,0.000000,1.000000,0.000000,0,1.000000,0.000000,0.000000,5000,0,5000,5000,2964,2964,0,2036,2036,0.592800,1.000000
52,1.686513,52.640000,1.627683,0.000000,0.000000,0.000000,0.000000,1.000000,0.000000,1.000000,0.000000,0,1.000000,0.000000,0.000000,5000,0,5000,5000,2876,2876,0,2124,2124,0.575200,1.000000
53,1.472250,40.670000,1.678736,0.000000,0.000000,0.000000,0.000000,1.000000,0.000000,1.000000,0.000000,0,1.000000,0.000000,0.000000,5000,0,5000,5000,3384,3384,0,1616,1616,0.676800,1.000000
54,1.606942,51.700000,1.605256,0.000000,0.000000,0.000000,0.000000,1.000000,0.000000,1.000000,0.000000,0,1.000000,0.000000,0.000000,5000,0,5000,5000,2868,2868,0,2132,2132,0.573600,1.000000
55,1.628988,52.190000,1.633747,0.000000,0.000000,0.000000,0.000000,1.000000,0.000000,1.000000,0.000000,0,1.000000,0.000000,0.000000,5000,0,5000,5000,2920,2920,0,2080,2080,0.584000,1.000000
56,1.712762,52.600000,1.611748,0.000000,0.000000,0.000000,0.000000,1.000000,0.000000,1.000000,0.000000,0,1.000000,0.000000,0.000000,5000,0,5000,5000,2724,2724,0,2276,2276,0.544800,1.000000
57,1.713056,51.390000,1.647539,0.000000,0.000000,0.000000,0.000000,1.000000,0.000000,1.000000,0.000000,0,1.000000,0.000000,0.000000,5000,0,5000,5000,2772,2772,0,2228,2228,0.554400,1.000000
58,1.636607,50.360000,1.696181,0.000000,0.000000,0.000000,0.000000,1.000000,0.000000,1.000000,0.000000,0,1.000000,0.000000,0.000000,5000,0,5000,5000,2832,2832,0,2168,2168,0.566400,1.000000
59,1.678538,50.260000,1.642279,0.000000,0.000000,0.000000,0.000000,1.000000,0.000000,1.000000,0.000000,0,1.000000,0.000000,0.000000,5000,0,5000,5000,2796,2796,0,2204,2204,0.559200,1.000000
60,1.642312,49.880000,1.635108,0.000000,0.000000,0.000000,0.000000,1.000000,0.000000,1.000000,0.000000,0,1.000000,0.000000,0.000000,5000,0,5000,5000,2828,2828,0,2172,2172,0.565600,1.000000
61,1.548625,48.230000,1.626874,0.000000,0.000000,0.000000,0.000000,1.000000,0.000000,1.000000,0.000000,0,1.000000,0.000000,0.000000,5000,0,5000,5000,3060,3060,0,1940,1940,0.612000,1.000000
62,1.448515,49.320000,1.586096,0.000000,0.000000,0.000000,0.000000,1.000000,0.000000,1.000000,0.000000,0,1.000000,0.000000,0.000000,5000,0,5000,5000,3308,3308,0,1692,1692,0.661600,1.000000
63,1.687342,49.430000,1.622379,0.000000,0.000000,0.000000,0.000000,1.000000,0.000000,1.000000,0.000000,0,1.000000,0.000000,0.000000,5000,0,5000,5000,2756,2756,0,2244,2244,0.551200,1.000000
64,1.631743,54.840000,1.579460,0.000000,0.000000,0.000000,0.000000,1.000000,0.000000,1.000000,0.000000,0,1.000000,0.000000,0.000000,5000,0,5000,5000,2896,2896,0,2104,2104,0.579200,1.000000
65,1.293623,51.490000,1.489857,0.000000,0.000000,0.000000,0.000000,1.000000,0.000000,1.000000,0.000000,0,1.000000,0.000000,0.000000,5000,0,5000,5000,3724,3724,0,1276,1276,0.744800,1.000000
66,1.371054,51.130000,1.488636,0.000000,0.000000,0.000000,0.000000,1.000000,0.000000,1.000000,0.000000,0,1.000000,0.000000,0.000000,5000,0,5000,5000,3612,3612,0,1388,1388,0.722400,1.000000
67,1.619278,53.290000,1.545765,0.000000,0.000000,0.000000,0.000000,1.000000,0.000000,1.000000,0.000000,0,1.000000,0.000000,0.000000,5000,0,5000,5000,2980,2980,0,2020,2020,0.596000,1.000000
68,1.348246,48.760000,1.574545,0.000000,0.000000,0.000000,0.000000,1.000000,0.000000,1.000000,0.000000,0,1.000000,0.000000,0.000000,5000,0,5000,5000,3476,3476,0,1524,1524,0.695200,1.000000
69,1.722769,52.080000,1.571781,0.000000,0.000000,0.000000,0.000000,1.000000,0.000000,1.000000,0.000000,0,1.000000,0.000000,0.000000,5000,0,5000,5000,2744,2744,0,2256,2256,0.548800,1.000000
70,1.415993,49.270000,1.581120,0.000000,0.000000,0.000000,0.000000,1.000000,0.000000,1.000000,0.000000,0,1.000000,0.000000,0.000000,5000,0,5000,5000,3436,3436,0,1564,1564,0.687200,1.000000
71,1.624985,51.710000,1.611293,0.000000,0.000000,0.000000,0.000000,1.000000,0.000000,1.000000,0.000000,0,1.000000,0.000000,0.000000,5000,0,5000,5000,2812,2812,0,2188,2188,0.562400,1.000000
72,1.794710,51.270000,1.648032,0.000000,0.000000,0.000000,0.000000,1.000000,0.000000,1.000000,0.000000,0,1.000000,0.000000,0.000000,5000,0,5000,5000,2344,2344,0,2656,2656,0.468800,1.000000
73,1.459343,49.270000,1.605664,0.000000,0.000000,0.000000,0.000000,1.000000,0.000000,1.000000,0.000000,0,1.000000,0.000000,0.000000,5000,0,5000,5000,3276,3276,0,1724,1724,0.655200,1.000000
74,1.351782,50.260000,1.592005,0.000000,0.000000,0.000000,0.000000,1.000000,0.000000,1.000000,0.000000,0,1.000000,0.000000,0.000000,5000,0,5000,5000,3372,3372,0,1628,1628,0.674400,1.000000
75,1.632781,54.100000,1.586789,0.000000,0.000000,0.000000,0.000000,1.000000,0.000000,1.000000,0.000000,0,1.000000,0.000000,0.000000,5000,0,5000,5000,2800,2800,0,2200,2200,0.560000,1.000000
76,1.766504,51.950000,1.588671,0.000000,0.000000,0.000000,0.000000,1.000000,0.000000,1.000000,0.000000,0,1.000000,0.000000,0.000000,5000,0,5000,5000,2604,2604,0,2396,2396,0.520800,1.000000
77,1.699193,54.170000,1.597743,0.000000,0.000000,0.000000,0.000000,1.000000,0.000000,1.000000,0.000000,0,1.000000,0.000000,0.000000,5000,0,5000,5000,2808,2808,0,2192,2192,0.561600,1.000000
78,1.459705,51.120000,1.568608,0.000000,0.000000,0.000000,0.000000,1.000000,0.000000,1.000000,0.000000,0,1.000000,0.000000,0.000000,5000,0,5000,5000,3308,3308,0,1692,1692,0.661600,1.000000
79,1.581786,48.570000,1.600615,0.000000,0.000000,0.000000,0.000000,1.000000,0.000000,1.000000,0.000000,0,1.000000,0.000000,0.000000,5000,0,5000,5000,2920,2920,0,2080,2080,0.584000,1.000000
80,1.501126,52.520000,1.532872,0.000000,0.000000,0.000000,0.000000,1.000000,0.000000,1.000000,0.000000,0,1.000000,0.000000,0.000000,5000,0,5000,5000,3184,3184,0,1816,1816,0.636800,1.000000
81,1.700835,48.520000,1.606445,0.000000,0.000000,0.000000,0.000000,1.000000,0.000000,1.000000,0.000000,0,1.000000,0.000000,0.000000,5000,0,5000,5000,2612,2612,0,2388,2388,0.522400,1.000000
82,1.375738,54.190000,1.526892,0.000000,0.000000,0.000000,0.000000,1.000000,0.000000,1.000000,0.000000,0,1.000000,0.000000,0.000000,5000,0,5000,5000,3420,3420,0,1580,1580,0.684000,1.000000
83,1.493507,49.400000,1.573399,0.000000,0.000000,0.000000,0.000000,1.000000,0.000000,1.000000,0.000000,0,1.000000,0.000000,0.000000,5000,0,5000,5000,3144,3144,0,1856,1856,0.628800,1.000000
84,1.509693,50.100000,1.580030,0.000000,0.000000,0.000000,0.000000,1.000000,0.000000,1.000000,0.000000,0,1.000000,0.000000,0.000000,5000,0,5000,5000,3016,3016,0,1984,1984,0.603200,1.000000
85,1.533332,54.940000,1.507823,0.000000,0.000000,0.000000,0.000000,1.000000,0.000000,1.000000,0.000000,0,1.000000,0.000000,0.000000,5000,0,5000,5000,3104,3104,0,1896,1896,0.620800,1.000000
86,1.446010,55.460000,1.507319,0.000000,0.000000,0.000000,0.000000,1.000000,0.000000,1.000000,0.000000,0,1.000000,0.000000,0.000000,5000,0,5000,5000,3268,3268,0,1732,1732,0.653600,1.000000
87,1.721276,51.780000,1.617893,0.000000,0.000000,0.000000,0.000000,1.000000,0.000000,1.000000,0.000000,0,1.000000,0.000000,0.000000,5000,0,5000,5000,2488,2488,0,2512,2512,0.497600,1.000000
88,1.635121,50.350000,1.619854,0.000000,0.000000,0.000000,0.000000,1.000000,0.000000,1.000000,0.000000,0,1.000000,0.000000,0.000000,5000,0,5000,5000,2720,2720,0,2280,2280,0.544000,1.000000
89,1.539929,54.660000,1.539511,0.000000,0.000000,0.000000,0.000000,1.000000,0.000000,1.000000,0.000000,0,1.000000,0.000000,0.000000,5000,0,5000,5000,3056,3056,0,1944,1944,0.611200,1.000000
90,1.414774,56.020000,1.512519,0.000000,0.000000,0.000000,0.000000,1.000000,0.000000,1.000000,0.000000,0,1.000000,0.000000,0.000000,5000,0,5000,5000,3324,3324,0,1676,1676,0.664800,1.000000
91,1.312689,50.770000,1.527291,0.000000,0.000000,0.000000,0.000000,1.000000,0.000000,1.000000,0.000000,0,1.000000,0.000000,0.000000,5000,0,5000,5000,3512,3512,0,1488,1488,0.702400,1.000000
92,1.519215,55.820000,1.475948,0.000000,0.000000,0.000000,0.000000,1.000000,0.000000,1.000000,0.000000,0,1.000000,0.000000,0.000000,5000,0,5000,5000,3112,3112,0,1888,1888,0.622400,1.000000
93,1.503562,50.480000,1.565099,0.000000,0.000000,0.000000,0.000000,1.000000,0.000000,1.000000,0.000000,0,1.000000,0.000000,0.000000,5000,0,5000,5000,3052,3052,0,1948,1948,0.610400,1.000000
94,1.568021,52.920000,1.533573,0.000000,0.000000,0.000000,0.000000,1.000000,0.000000,1.000000,0.000000,0,1.000000,0.000000,0.000000,5000,0,5000,5000,2844,2844,0,2156,2156,0.568800,1.000000
95,1.537043,46.280000,1.654581,0.000000,0.000000,0.000000,0.000000,1.000000,0.000000,1.000000,0.000000,0,1.000000,0.000000,0.000000,5000,0,5000,5000,2828,2828,0,2172,2172,0.565600,1.000000
96,1.535797,54.810000,1.532144,0.000000,0.000000,0.000000,0.000000,1.000000,0.000000,1.000000,0.000000,0,1.000000,0.000000,0.000000,5000,0,5000,5000,3152,3152,0,1848,1848,0.630400,1.000000
97,1.600735,49.400000,1.604888,0.000000,0.000000,0.000000,0.000000,1.000000,0.000000,1.000000,0.000000,0,1.000000,0.000000,0.000000,5000,0,5000,5000,2764,2764,0,2236,2236,0.552800,1.000000
98,1.722251,51.920000,1.639686,0.000000,0.000000,0.000000,0.000000,1.000000,0.000000,1.000000,0.000000,0,1.000000,0.000000,0.000000,5000,0,5000,5000,2424,2424,0,2576,2576,0.484800,1.000000
99,1.511678,50.510000,1.578179,0.000000,0.000000,0.000000,0.000000,1.000000,0.000000,1.000000,0.000000,0,1.000000,0.000000,0.000000,5000,0,5000,5000,3052,3052,0,1948,1948,0.610400,1.000000
100,0.707934,52.030000,1.423964,0.000000,0.000000,0.000000,0.000000,0.556400,0.027600,0.556400,0.403400,1,0.600000,0.200000,0.200000,2782,138,2782,5000,2491,2820,329,291,620,0.895399,0.883333
101,0.575809,50.690000,1.419530,0.000000,0.000000,0.000000,0.000000,0.544600,0.000000,0.544600,0.462600,0,0.600000,0.200000,0.200000,2723,0,2723,5000,2456,2784,328,267,595,0.901946,0.882184
102,0.720393,47.560000,1.432226,0.000000,0.000000,0.000000,0.000000,0.548600,0.000000,0.548600,0.408800,0,0.600000,0.200000,0.200000,2743,0,2743,5000,2333,2672,339,410,749,0.850529,0.873129
103,0.689017,54.840000,1.266451,0.000000,0.000000,0.000000,0.000000,0.542600,0.000000,0.542600,0.370200,0,0.600000,0.200000,0.200000,2713,0,2713,5000,2344,2592,248,369,617,0.863988,0.904321
104,0.542207,52.270000,1.315912,0.000000,0.000000,0.000000,0.000000,0.651200,0.000000,0.651200,0.487800,0,0.600000,0.200000,0.200000,3256,0,3256,5000,3068,3400,332,188,520,0.942260,0.902353
105,0.572945,54.550000,1.288096,0.000000,0.000000,0.000000,0.000000,0.615400,0.019400,0.615400,0.478000,1,0.600000,0.200000,0.200000,3077,97,3077,5000,2794,3120,326,283,609,0.908027,0.895513
106,0.690197,52.320000,1.315563,0.000000,0.000000,0.000000,0.000000,0.644600,0.000000,0.644600,0.424800,0,0.600000,0.200000,0.200000,3223,0,3223,5000,2857,3216,359,366,725,0.886441,0.888371
107,0.721450,54.640000,1.263800,0.000000,0.000000,0.000000,0.000000,0.579000,0.000000,0.579000,0.368600,0,0.600000,0.200000,0.200000,2895,0,2895,5000,2506,2800,294,389,683,0.865630,0.895000
108,0.657354,58.320000,1.199536,0.000000,0.000000,0.000000,0.000000,0.571800,0.000000,0.571800,0.435000,0,0.600000,0.200000,0.200000,2859,0,2859,5000,2481,2776,295,378,673,0.867786,0.893732
109,0.531947,56.260000,1.236603,0.000000,0.000000,0.000000,0.000000,0.662000,0.000000,0.662000,0.495200,0,0.600000,0.200000,0.200000,3310,0,3310,5000,3153,3644,491,157,648,0.952568,0.865258
110,0.718171,57.040000,1.200359,0.000000,0.000000,0.000000,0.000000,0.612000,0.013000,0.612000,0.475400,1,0.600000,0.200000,0.200000,3060,65,3060,5000,2669,2904,235,391,626,0.872222,0.919077
111,0.752128,58.540000,1.164078,0.000000,0.000000,0.000000,0.000000,0.557400,0.000000,0.557400,0.456200,0,0.600000,0.200000,0.200000,2787,0,2787,5000,2382,2652,270,405,675,0.854682,0.898190
112,0.565424,55.890000,1.227404,0.000000,0.000000,0.000000,0.000000,0.608800,0.000000,0.608800,0.470800,0,0.600000,0.200000,0.200000,3044,0,3044,5000,2714,3016,302,330,632,0.891590,0.899867
113,0.843047,52.520000,1.318202,0.000000,0.000000,0.000000,0.000000,0.576200,0.000000,0.576200,0.480800,0,0.600000,0.200000,0.200000,2881,0,2881,5000,2404,2664,260,477,737,0.834432,0.902402
114,0.652013,54.070000,1.266233,0.000000,0.000000,0.000000,0.000000,0.571600,0.000000,0.571600,0.477000,0,0.600000,0.200000,0.200000,2858,0,2858,5000,2479,2732,253,379,632,0.867390,0.907394
115,0.652104,54.170000,1.266205,0.000000,0.000000,0.000000,0.000000,0.650000,0.018200,0.650000,0.434600,1,0.600000,0.200000,0.200000,3250,91,3250,5000,2884,3160,276,366,642,0.887385,0.912658
116,0.654597,60.130000,1.143686,0.000000,0.000000,0.000000,0.000000,0.527400,0.000000,0.527400,0.421600,0,0.600000,0.200000,0.200000,2637,0,2637,5000,2309,2540,231,328,559,0.875616,0.909055
117,0.607506,58.180000,1.205589,0.000000,0.000000,0.000000,0.000000,0.638200,0.000000,0.638200,0.420400,0,0.600000,0.200000,0.200000,3191,0,3191,5000,2948,3256,308,243,551,0.923848,0.905405
118,0.658066,59.110000,1.166187,0.000000,0.000000,0.000000,0.000000,0.577400,0.000000,0.577400,0.469200,0,0.600000,0.200000,0.200000,2887,0,2887,5000,2565,2776,211,322,533,0.888466,0.923991
119,0.602268,60.660000,1.153775,0.000000,0.000000,0.000000,0.000000,0.610400,0.000000,0.610400,0.496800,0,0.600000,0.200000,0.200000,3052,0,3052,5000,2707,2928,221,345,566,0.886959,0.924522
120,0.887824,59.760000,1.138497,0.000000,0.000000,0.000000,0.000000,0.530000,0.021800,0.530000,0.426600,1,0.600000,0.200000,0.200000,2650,109,2650,5000,1982,2208,226,668,894,0.747925,0.897645
121,0.488439,62.950000,1.055674,0.000000,0.000000,0.000000,0.000000,0.683200,0.000000,0.683200,0.469400,0,0.600000,0.200000,0.200000,3416,0,3416,5000,3215,3564,349,201,550,0.941159,0.902076
122,0.767083,58.720000,1.188129,0.000000,0.000000,0.000000,0.000000,0.510200,0.000000,0.510200,0.489600,0,0.600000,0.200000,0.200000,2551,0,2551,5000,2020,2164,144,531,675,0.791846,0.933457
123,0.490522,54.430000,1.314550,0.000000,0.000000,0.000000,0.000000,0.635800,0.000000,0.635800,0.521800,0,0.600000,0.200000,0.200000,3179,0,3179,5000,2947,3212,265,232,497,0.927021,0.917497
124,0.686731,61.570000,1.093241,0.000000,0.000000,0.000000,0.000000,0.550400,0.000000,0.550400,0.458400,0,0.600000,0.200000,0.200000,2752,0,2752,5000,2298,2576,278,454,732,0.835029,0.892081
125,0.567427,55.660000,1.223738,0.000000,0.000000,0.000000,0.000000,0.670400,0.013400,0.670400,0.524800,1,0.600000,0.200000,0.200000,3352,67,3352,5000,3048,3376,328,304,632,0.909308,0.902844
126,0.387405,55.090000,1.219804,0.000000,0.000000,0.000000,0.000000,0.659800,0.000000,0.659800,0.531800,0,0.600000,0.200000,0.200000,3299,0,3299,5000,3174,3688,514,125,639,0.962110,0.860629
127,0.497123,62.790000,1.063950,0.000000,0.000000,0.000000,0.000000,0.683800,0.000000,0.683800,0.534000,0,0.600000,0.200000,0.200000,3419,0,3419,5000,3186,3532,346,233,579,0.931851,0.902039
128,0.740597,64.090000,1.037750,0.000000,0.000000,0.000000,0.000000,0.581600,0.000000,0.581600,0.483800,0,0.600000,0.200000,0.200000,2908,0,2908,5000,2360,2620,260,548,808,0.811554,0.900763
129,0.656846,61.670000,1.105518,0.000000,0.000000,0.000000,0.000000,0.662000,0.000000,0.662000,0.526400,0,0.600000,0.200000,0.200000,3310,0,3310,5000,2847,3092,245,463,708,0.860121,0.920763
130,0.650989,59.550000,1.126263,0.000000,0.000000,0.000000,0.000000,0.566400,0.011600,0.566400,0.491800,1,0.600000,0.200000,0.200000,2832,58,2832,5000,2416,2616,200,416,616,0.853107,0.923547
131,0.593270,57.310000,1.222793,0.000000,0.000000,0.000000,0.000000,0.654800,0.000000,0.654800,0.519200,0,0.600000,0.200000,0.200000,3274,0,3274,5000,2884,3220,336,390,726,0.880880,0.895652
132,0.570296,59.530000,1.152151,0.000000,0.000000,0.000000,0.000000,0.620200,0.000000,0.620200,0.541600,0,0.600000,0.200000,0.200000,3101,0,3101,5000,2827,3148,321,274,595,0.911641,0.898030
133,0.593812,59.500000,1.131747,0.000000,0.000000,0.000000,0.000000,0.609000,0.000000,0.609000,0.462600,0,0.600000,0.200000,0.200000,3045,0,3045,5000,2688,2912,224,357,581,0.882759,0.923077
134,0.466904,55.540000,1.225144,0.000000,0.000000,0.000000,0.000000,0.661200,0.000000,0.661200,0.574800,0,0.600000,0.200000,0.200000,3306,0,3306,5000,3020,3340,320,286,606,0.913491,0.904192
135,0.639426,60.400000,1.096214,0.000000,0.000000,0.000000,0.000000,0.547400,0.013400,0.547400,0.473400,1,0.600000,0.200000,0.200000,2737,67,2737,5000,2288,2428,140,449,589,0.835952,0.942339
136,0.404927,59.480000,1.136313,0.000000,0.000000,0.000000,0.000000,0.670800,0.000000,0.670800,0.550800,0,0.600000,0.200000,0.200000,3354,0,3354,5000,3218,3636,418,136,554,0.959451,0.885039
137,0.646622,54.460000,1.293091,0.000000,0.000000,0.000000,0.000000,0.605200,0.000000,0.605200,0.497800,0,0.600000,0.200000,0.200000,3026,0,3026,5000,2722,2944,222,304,526,0.899537,0.924592
138,0.570058,60.120000,1.136553,0.000000,0.000000,0.000000,0.000000,0.622800,0.000000,0.622800,0.411600,0,0.600000,0.200000,0.200000,3114,0,3114,5000,2812,3124,312,302,614,0.903019,0.900128
139,0.628298,59.500000,1.177505,0.000000,0.000000,0.000000,0.000000,0.584600,0.000000,0.584600,0.444000,0,0.600000,0.200000,0.200000,2923,0,2923,5000,2556,2744,188,367,555,0.874444,0.931487
140,0.660809,55.840000,1.243941,0.000000,0.000000,0.000000,0.000000,0.628800,0.020600,0.628800,0.450600,1,0.600000,0.200000,0.200000,3144,103,3144,5000,2727,3052,325,417,742,0.867366,0.893512
141,0.586083,54.880000,1.270609,0.000000,0.000000,0.000000,0.000000,0.649400,0.000000,0.649400,0.477000,0,0.600000,0.200000,0.200000,3247,0,3247,5000,2887,3084,197,360,557,0.889128,0.936122
142,0.645313,57.990000,1.172410,0.000000,0.000000,0.000000,0.000000,0.593800,0.000000,0.593800,0.488600,0,0.600000,0.200000,0.200000,2969,0,2969,5000,2626,2828,202,343,545,0.884473,0.928571
143,0.727418,56.650000,1.241035,0.000000,0.000000,0.000000,0.000000,0.566200,0.000000,0.566200,0.513600,0,0.600000,0.200000,0.200000,2831,0,2831,5000,2400,2600,200,431,631,0.847757,0.923077
144,0.645176,60.520000,1.165383,0.000000,0.000000,0.000000,0.000000,0.585400,0.000000,0.585400,0.502800,0,0.600000,0.200000,0.200000,2927,0,2927,5000,2458,2680,222,469,691,0.839768,0.917164
145,0.773241,59.200000,1.134167,0.000000,0.000000,0.000000,0.000000,0.557400,0.013000,0.557400,0.519800,1,0.600000,0.200000,0.200000,2787,65,2787,5000,2337,2520,183,450,633,0.838536,0.927381
146,0.549966,62.370000,1.069064,0.000000,0.000000,0.000000,0.000000,0.675400,0.000000,0.675400,0.551200,0,0.600000,0.200000,0.200000,3377,0,3377,5000,3150,3388,238,227,465,0.932781,0.929752
147,0.777293,63.440000,1.047087,0.000000,0.000000,0.000000,0.000000,0.663400,0.000000,0.663400,0.501400,0,0.600000,0.200000,0.200000,3317,0,3317,5000,2878,3072,194,439,633,0.867651,0.936849
148,0.373586,60.450000,1.100311,0.000000,0.000000,0.000000,0.000000,0.682200,0.000000,0.682200,0.537400,0,0.600000,0.200000,0.200000,3411,0,3411,5000,3233,3536,303,178,481,0.947816,0.914310
149,0.717970,59.850000,1.114021,0.000000,0.000000,0.000000,0.000000,0.618800,0.000000,0.618800,0.511000,0,0.600000,0.200000,0.200000,3094,0,3094,5000,2610,2816,206,484,690,0.843568,0.926847
150,0.564042,62.380000,1.055335,0.000000,0.000000,0.000000,0.000000,0.667600,0.011000,0.667600,0.512400,1,0.600000,0.200000,0.200000,3338,55,3338,5000,3023,3228,205,315,520,0.905632,0.936493
151,0.698345,62.960000,1.066949,0.000000,0.000000,0.000000,0.000000,0.531600,0.000000,0.531600,0.568200,0,0.600000,0.200000,0.200000,2658,0,2658,5000,2093,2204,111,565,676,0.787434,0.949637
152,0.791620,64.760000,1.026838,0.000000,0.000000,0.000000,0.000000,0.594600,0.000000,0.594600,0.512000,0,0.600000,0.200000,0.200000,2973,0,2973,5000,2372,2532,160,601,761,0.797847,0.936809
153,0.832331,61.350000,1.106313,0.000000,0.000000,0.000000,0.000000,0.547800,0.000000,0.547800,0.521600,0,0.600000,0.200000,0.200000,2739,0,2739,5000,2118,2208,90,621,711,0.773275,0.959239
154,0.766024,61.010000,1.103790,0.000000,0.000000,0.000000,0.000000,0.652800,0.000000,0.652800,0.523200,0,0.600000,0.200000,0.200000,3264,0,3264,5000,2634,2812,178,630,808,0.806985,0.936700
155,0.432929,59.020000,1.168709,0.000000,0.000000,0.000000,0.000000,0.658400,0.010600,0.658400,0.552000,1,0.600000,0.200000,0.200000,3292,53,3292,5000,3091,3348,257,201,458,0.938943,0.923238
156,0.787309,59.090000,1.152272,0.000000,0.000000,0.000000,0.000000,0.604400,0.000000,0.604400,0.519600,0,0.600000,0.200000,0.200000,3022,0,3022,5000,2400,2628,228,622,850,0.794176,0.913242
157,0.621417,59.320000,1.147870,0.000000,0.000000,0.000000,0.000000,0.610600,0.000000,0.610600,0.508800,0,0.600000,0.200000,0.200000,3053,0,3053,5000,2715,2924,209,338,547,0.889289,0.928523
158,0.503112,58.670000,1.161426,0.000000,0.000000,0.000000,0.000000,0.650600,0.000000,0.650600,0.530000,0,0.600000,0.200000,0.200000,3253,0,3253,5000,2951,3168,217,302,519,0.907163,0.931503
159,0.563541,60.710000,1.111463,0.000000,0.000000,0.000000,0.000000,0.615200,0.000000,0.615200,0.503600,0,0.600000,0.200000,0.200000,3076,0,3076,5000,2705,2872,167,371,538,0.879389,0.941852
160,0.513809,62.440000,1.058740,0.000000,0.000000,0.000000,0.000000,0.605400,0.012000,0.605400,0.588200,1,0.600000,0.200000,0.200000,3027,60,3027,5000,2739,3024,285,288,573,0.904856,0.905754
161,0.447410,58.940000,1.194555,0.000000,0.000000,0.000000,0.000000,0.697200,0.000000,0.697200,0.572200,0,0.600000,0.200000,0.200000,3486,0,3486,5000,3247,3544,297,239,536,0.931440,0.916196
162,0.724937,63.880000,1.046207,0.000000,0.000000,0.000000,0.000000,0.582000,0.000000,0.582000,0.571200,0,0.600000,0.200000,0.200000,2910,0,2910,5000,2358,2544,186,552,738,0.810309,0.926887
163,0.532439,62.020000,1.079486,0.000000,0.000000,0.000000,0.000000,0.629000,0.000000,0.629000,0.599200,0,0.600000,0.200000,0.200000,3145,0,3145,5000,2794,2996,202,351,553,0.888394,0.932577
164,0.705968,52.660000,1.306474,0.000000,0.000000,0.000000,0.000000,0.589800,0.000000,0.589800,0.563600,0,0.600000,0.200000,0.200000,2949,0,2949,5000,2534,2756,222,415,637,0.859274,0.919448
165,0.604527,65.320000,1.005010,0.000000,0.000000,0.000000,0.000000,0.583400,0.011400,0.583400,0.469200,1,0.600000,0.200000,0.200000,2917,57,2917,5000,2596,2808,212,321,533,0.889955,0.924501
166,0.539312,66.040000,0.989341,0.000000,0.000000,0.000000,0.000000,0.622800,0.000000,0.622800,0.556600,0,0.600000,0.200000,0.200000,3114,0,3114,5000,2849,3092,243,265,508,0.914900,0.921410
167,0.486382,59.560000,1.164497,0.000000,0.000000,0.000000,0.000000,0.641200,0.000000,0.641200,0.580400,0,0.600000,0.200000,0.200000,3206,0,3206,5000,2843,3076,233,363,596,0.886775,0.924252
168,0.679391,62.640000,1.039680,0.000000,0.000000,0.000000,0.000000,0.625000,0.000000,0.625000,0.494400,0,0.600000,0.200000,0.200000,3125,0,3125,5000,2611,2804,193,514,707,0.835520,0.931170
169,0.597023,64.900000,1.017398,0.000000,0.000000,0.000000,0.000000,0.603800,0.000000,0.603800,0.587000,0,0.600000,0.200000,0.200000,3019,0,3019,5000,2657,2820,163,362,525,0.880093,0.942199
170,0.493910,64.300000,1.026315,0.000000,0.000000,0.000000,0.000000,0.624000,0.007000,0.624000,0.592600,1,0.600000,0.200000,0.200000,3120,35,3120,5000,2884,3092,208,236,444,0.924359,0.932730
171,0.407093,65.180000,1.005212,0.000000,0.000000,0.000000,0.000000,0.661800,0.000000,0.661800,0.560800,0,0.600000,0.200000,0.200000,3309,0,3309,5000,3067,3416,349,242,591,0.926866,0.897834
172,0.510406,58.180000,1.184555,0.000000,0.000000,0.000000,0.000000,0.683400,0.000000,0.683400,0.586200,0,0.600000,0.200000,0.200000,3417,0,3417,5000,3165,3400,235,252,487,0.926251,0.930882
173,0.436763,63.610000,1.051270,0.000000,0.000000,0.000000,0.000000,0.581600,0.000000,0.581600,0.514800,0,0.600000,0.200000,0.200000,2908,0,2908,5000,2657,2896,239,251,490,0.913686,0.917472
174,0.412251,63.420000,1.052415,0.000000,0.000000,0.000000,0.000000,0.682200,0.000000,0.682200,0.606000,0,0.600000,0.200000,0.200000,3411,0,3411,5000,3209,3476,267,202,469,0.940780,0.923188
175,0.773089,64.310000,1.009245,0.000000,0.000000,0.000000,0.000000,0.562800,0.013800,0.562800,0.571600,1,0.600000,0.200000,0.200000,2814,69,2814,5000,2162,2276,114,652,766,0.768301,0.949912
176,0.467247,63.970000,1.034021,0.000000,0.000000,0.000000,0.000000,0.631800,0.000000,0.631800,0.609000,0,0.600000,0.200000,0.200000,3159,0,3159,5000,2982,3252,270,177,447,0.943970,0.916974
177,0.756982,63.720000,1.074326,0.000000,0.000000,0.000000,0.000000,0.611400,0.000000,0.611400,0.574800,0,0.600000,0.200000,0.200000,3057,0,3057,5000,2409,2564,155,648,803,0.788027,0.939548
178,0.544408,61.320000,1.097333,0.000000,0.000000,0.000000,0.000000,0.610600,0.000000,0.610600,0.574200,0,0.600000,0.200000,0.200000,3053,0,3053,5000,2724,2916,192,329,521,0.892237,0.934156
179,0.438665,62.610000,1.072004,0.000000,0.000000,0.000000,0.000000,0.685400,0.000000,0.685400,0.550800,0,0.600000,0.200000,0.200000,3427,0,3427,5000,3216,3568,352,211,563,0.938430,0.901345
180,0.467903,66.340000,0.987568,0.000000,0.000000,0.000000,0.000000,0.651600,0.010600,0.651600,0.585000,1,0.600000,0.200000,0.200000,3258,53,3258,5000,3004,3228,224,254,478,0.922038,0.930607
181,0.520658,60.380000,1.150949,0.000000,0.000000,0.000000,0.000000,0.679000,0.000000,0.679000,0.635000,0,0.600000,0.200000,0.200000,3395,0,3395,5000,3032,3300,268,363,631,0.893078,0.918788
182,0.664281,60.590000,1.133056,0.000000,0.000000,0.000000,0.000000,0.605600,0.000000,0.605600,0.611200,0,0.600000,0.200000,0.200000,3028,0,3028,5000,2493,2724,231,535,766,0.823316,0.915198
183,0.386070,60.180000,1.137108,0.000000,0.000000,0.000000,0.000000,0.620000,0.000000,0.620000,0.552000,0,0.600000,0.200000,0.200000,3100,0,3100,5000,2909,3084,175,191,366,0.938387,0.943256
184,0.459036,62.700000,1.061730,0.000000,0.000000,0.000000,0.000000,0.708600,0.000000,0.708600,0.509200,0,0.600000,0.200000,0.200000,3543,0,3543,5000,3312,3556,244,231,475,0.934801,0.931384
185,0.617673,63.720000,1.056425,0.000000,0.000000,0.000000,0.000000,0.645600,0.006400,0.645600,0.625400,1,0.600000,0.200000,0.200000,3228,32,3228,5000,2974,3152,178,254,432,0.921314,0.943528
186,0.525287,61.470000,1.124742,0.000000,0.000000,0.000000,0.000000,0.591200,0.000000,0.591200,0.599200,0,0.600000,0.200000,0.200000,2956,0,2956,5000,2635,2844,209,321,530,0.891407,0.926512
187,0.455807,62.810000,1.082471,0.000000,0.000000,0.000000,0.000000,0.727000,0.000000,0.727000,0.573600,0,0.600000,0.200000,0.200000,3635,0,3635,5000,3362,3692,330,273,603,0.924897,0.910618
188,0.565418,64.300000,1.033266,0.000000,0.000000,0.000000,0.000000,0.640000,0.000000,0.640000,0.604600,0,0.600000,0.200000,0.200000,3200,0,3200,5000,2907,3172,265,293,558,0.908437,0.916456
189,0.627626,59.220000,1.144211,0.000000,0.000000,0.000000,0.000000,0.638400,0.000000,0.638400,0.575200,0,0.600000,0.200000,0.200000,3192,0,3192,5000,2810,3064,254,382,636,0.880326,0.917102
190,0.735875,63.920000,1.045270,0.000000,0.000000,0.000000,0.000000,0.645600,0.021600,0.645600,0.521000,1,0.600000,0.200000,0.200000,3228,108,3228,5000,2610,2860,250,618,868,0.808550,0.912587
191,0.371725,63.920000,1.026692,0.000000,0.000000,0.000000,0.000000,0.594000,0.000000,0.594000,0.566200,0,0.600000,0.200000,0.200000,2970,0,2970,5000,2784,3016,232,186,418,0.937374,0.923077
192,0.500840,67.170000,0.961528,0.000000,0.000000,0.000000,0.000000,0.668200,0.000000,0.668200,0.595000,0,0.600000,0.200000,0.200000,3341,0,3341,5000,3023,3284,261,318,579,0.904819,0.920524
193,0.395205,63.410000,1.067930,0.000000,0.000000,0.000000,0.000000,0.587600,0.000000,0.587600,0.657800,0,0.600000,0.200000,0.200000,2938,0,2938,5000,2814,3040,226,124,350,0.957794,0.925658
194,0.498102,63.020000,1.098554,0.000000,0.000000,0.000000,0.000000,0.663800,0.000000,0.663800,0.582000,0,0.600000,0.200000,0.200000,3319,0,3319,5000,3035,3288,253,284,537,0.914432,0.923054
195,0.365082,60.040000,1.163666,0.000000,0.000000,0.000000,0.000000,0.650200,0.009800,0.650200,0.607600,1,0.600000,0.200000,0.200000,3251,49,3251,5000,3081,3344,263,170,433,0.947708,0.921352
196,0.447037,60.720000,1.104406,0.000000,0.000000,0.000000,0.000000,0.615800,0.000000,0.615800,0.542200,0,0.600000,0.200000,0.200000,3079,0,3079,5000,2826,3076,250,253,503,0.917830,0.918726
197,0.687075,64.110000,1.048900,0.000000,0.000000,0.000000,0.000000,0.613200,0.000000,0.613200,0.586400,0,0.600000,0.200000,0.200000,3066,0,3066,5000,2609,2800,191,457,648,0.850946,0.931786
198,0.571929,62.060000,1.066525,0.000000,0.000000,0.000000,0.000000,0.672200,0.000000,0.672200,0.600200,0,0.600000,0.200000,0.200000,3361,0,3361,5000,3014,3228,214,347,561,0.896757,0.933705
199,0.443605,62.410000,1.068641,0.000000,0.000000,0.000000,0.000000,0.665400,0.000000,0.665400,0.605400,0,0.600000,0.200000,0.200000,3327,0,3327,5000,3066,3380,314,261,575,0.921551,0.907101
200,0.418994,60.990000,1.099454,0.000000,0.000000,0.000000,0.000000,0.631800,0.014800,0.631800,0.624200,1,0.600000,0.200000,0.200000,3159,74,3159,5000,2918,3208,290,241,531,0.923710,0.909601
201,0.502299,62.800000,1.077034,0.000000,0.000000,0.000000,0.000000,0.620400,0.000000,0.620400,0.558600,0,0.600000,0.200000,0.200000,3102,0,3102,5000,2932,3292,360,170,530,0.945197,0.890644
202,0.767712,64.580000,1.035140,0.000000,0.000000,0.000000,0.000000,0.615000,0.000000,0.615000,0.598000,0,0.600000,0.200000,0.200000,3075,0,3075,5000,2456,2636,180,619,799,0.798699,0.931715
203,0.531684,62.180000,1.090743,0.000000,0.000000,0.000000,0.000000,0.608800,0.000000,0.608800,0.625400,0,0.600000,0.200000,0.200000,3044,0,3044,5000,2702,2928,226,342,568,0.887648,0.922814
204,0.385771,56.070000,1.253957,0.000000,0.000000,0.000000,0.000000,0.709400,0.000000,0.709400,0.548400,0,0.600000,0.200000,0.200000,3547,0,3547,5000,3432,3736,304,115,419,0.967578,0.918630
205,0.738607,58.950000,1.167407,0.000000,0.000000,0.000000,0.000000,0.592200,0.015800,0.592200,0.551000,1,0.600000,0.200000,0.200000,2961,79,2961,5000,2390,2576,186,571,757,0.807160,0.927795
206,0.525616,56.010000,1.229362,0.000000,0.000000,0.000000,0.000000,0.712400,0.000000,0.712400,0.596400,0,0.600000,0.200000,0.200000,3562,0,3562,5000,3175,3528,353,387,740,0.891353,0.899943
207,0.449418,64.010000,1.036549,0.000000,0.000000,0.000000,0.000000,0.634800,0.000000,0.634800,0.555800,0,0.600000,0.200000,0.200000,3174,0,3174,5000,2957,3196,239,217,456,0.931632,0.925219
208,0.458916,59.210000,1.167018,0.000000,0.000000,0.000000,0.000000,0.643200,0.000000,0.643200,0.618400,0,0.600000,0.200000,0.200000,3216,0,3216,5000,2939,3216,277,277,554,0.913868,0.913868
209,0.491418,60.560000,1.139909,0.000000,0.000000,0.000000,0.000000,0.619000,0.000000,0.619000,0.540400,0,0.600000,0.200000,0.200000,3095,0,3095,5000,2820,3016,196,275,471,0.911147,0.935013
210,0.663588,66.840000,0.976428,0.000000,0.000000,0.000000,0.000000,0.603000,0.014600,0.603000,0.560400,1,0.600000,0.200000,0.200000,3015,73,3015,5000,2502,2688,186,513,699,0.829851,0.930804
211,0.407238,62.710000,1.069902,0.000000,0.000000,0.000000,0.000000,0.612600,0.000000,0.612600,0.646600,0,0.600000,0.200000,0.200000,3063,0,3063,5000,2849,3120,271,214,485,0.930134,0.913141
212,0.649888,62.040000,1.105557,0.000000,0.000000,0.000000,0.000000,0.591400,0.000000,0.591400,0.620600,0,0.600000,0.200000,0.200000,2957,0,2957,5000,2449,2628,179,508,687,0.828204,0.931887
213,0.362531,63.470000,1.057802,0.000000,0.000000,0.000000,0.000000,0.643800,0.000000,0.643800,0.585400,0,0.600000,0.200000,0.200000,3219,0,3219,5000,3029,3424,395,190,585,0.940975,0.884638
214,0.730898,64.970000,1.024736,0.000000,0.000000,0.000000,0.000000,0.598600,0.000000,0.598600,0.562800,0,0.600000,0.200000,0.200000,2993,0,2993,5000,2414,2700,286,579,865,0.806549,0.894074
215,0.623778,64.470000,1.052267,0.000000,0.000000,0.000000,0.000000,0.650800,0.023400,0.650800,0.549000,1,0.600000,0.200000,0.200000,3254,117,3254,5000,2746,2976,230,508,738,0.843884,0.922715
216,0.587321,66.470000,0.959600,0.000000,0.000000,0.000000,0.000000,0.678600,0.000000,0.678600,0.591000,0,0.600000,0.200000,0.200000,3393,0,3393,5000,3035,3248,213,358,571,0.894489,0.934421
217,0.402248,66.000000,0.985713,0.000000,0.000000,0.000000,0.000000,0.649200,0.000000,0.649200,0.571200,0,0.600000,0.200000,0.200000,3246,0,3246,5000,3022,3324,302,224,526,0.930992,0.909146
218,0.530359,62.950000,1.074665,0.000000,0.000000,0.000000,0.000000,0.615200,0.000000,0.615200,0.609000,0,0.600000,0.200000,0.200000,3076,0,3076,5000,2697,2872,175,379,554,0.876788,0.939067
219,0.571787,62.510000,1.114015,0.000000,0.000000,0.000000,0.000000,0.630000,0.000000,0.630000,0.618200,0,0.600000,0.200000,0.200000,3150,0,3150,5000,2690,2888,198,460,658,0.853968,0.931440
220,0.751574,63.080000,1.074561,0.000000,0.000000,0.000000,0.000000,0.606200,0.010800,0.606200,0.612600,1,0.600000,0.200000,0.200000,3031,54,3031,5000,2539,2768,229,492,721,0.837677,0.917269
221,0.640142,65.130000,1.011909,0.000000,0.000000,0.000000,0.000000,0.605400,0.000000,0.605400,0.616400,0,0.600000,0.200000,0.200000,3027,0,3027,5000,2515,2680,165,512,677,0.830856,0.938433
222,0.609969,66.040000,0.978193,0.000000,0.000000,0.000000,0.000000,0.700600,0.000000,0.700600,0.631800,0,0.600000,0.200000,0.200000,3503,0,3503,5000,3006,3248,242,497,739,0.858122,0.925493
223,0.633648,66.590000,0.987075,0.000000,0.000000,0.000000,0.000000,0.600600,0.000000,0.600600,0.584200,0,0.600000,0.200000,0.200000,3003,0,3003,5000,2535,2664,129,468,597,0.844156,0.951577
224,0.607552,57.390000,1.187482,0.000000,0.000000,0.000000,0.000000,0.619000,0.000000,0.619000,0.606200,0,0.600000,0.200000,0.200000,3095,0,3095,5000,2645,2804,159,450,609,0.854604,0.943295
225,0.290812,61.440000,1.102787,0.000000,0.000000,0.000000,0.000000,0.667200,0.012800,0.667200,0.598400,1,0.600000,0.200000,0.200000,3336,64,3336,5000,3229,3548,319,107,426,0.967926,0.910090
226,0.586484,63.960000,1.073739,0.000000,0.000000,0.000000,0.000000,0.673400,0.000000,0.673400,0.592800,0,0.600000,0.200000,0.200000,3367,0,3367,5000,2938,3180,242,429,671,0.872587,0.923899
227,0.724398,63.930000,1.025104,0.000000,0.000000,0.000000,0.000000,0.666000,0.000000,0.666000,0.544200,0,0.600000,0.200000,0.200000,3330,0,3330,5000,2693,2892,199,637,836,0.808709,0.931189
228,0.486653,64.360000,1.029216,0.000000,0.000000,0.000000,0.000000,0.592400,0.000000,0.592400,0.602600,0,0.600000,0.200000,0.200000,2962,0,2962,5000,2634,2808,174,328,502,0.889264,0.938034
229,0.256955,59.090000,1.164258,0.000000,0.000000,0.000000,0.000000,0.734000,0.000000,0.734000,0.675800,0,0.600000,0.200000,0.200000,3670,0,3670,5000,3589,3948,359,81,440,0.977929,0.909068
230,0.718753,59.470000,1.117943,0.000000,0.000000,0.000000,0.000000,0.622800,0.012800,0.622800,0.588800,1,0.600000,0.200000,0.200000,3114,64,3114,5000,2702,2932,230,412,642,0.867694,0.921555
231,0.623616,63.830000,1.017081,0.000000,0.000000,0.000000,0.000000,0.651000,0.000000,0.651000,0.607800,0,0.600000,0.200000,0.200000,3255,0,3255,5000,2764,3008,244,491,735,0.849155,0.918883
232,0.494370,64.290000,1.029813,0.000000,0.000000,0.000000,0.000000,0.633200,0.000000,0.633200,0.599600,0,0.600000,0.200000,0.200000,3166,0,3166,5000,2871,3144,273,295,568,0.906822,0.913168
233,0.673340,65.630000,1.002781,0.000000,0.000000,0.000000,0.000000,0.599200,0.000000,0.599200,0.568000,0,0.600000,0.200000,0.200000,2996,0,2996,5000,2517,2692,175,479,654,0.840120,0.934993
234,0.586640,65.140000,0.993845,0.000000,0.000000,0.000000,0.000000,0.596000,0.000000,0.596000,0.634200,0,0.600000,0.200000,0.200000,2980,0,2980,5000,2504,2688,184,476,660,0.840268,0.931548
235,0.547807,63.940000,1.011490,0.000000,0.000000,0.000000,0.000000,0.662400,0.007800,0.662400,0.617400,1,0.600000,0.200000,0.200000,3312,39,3312,5000,2833,3028,195,479,674,0.855374,0.935601
236,0.464071,63.460000,1.017337,0.000000,0.000000,0.000000,0.000000,0.701800,0.000000,0.701800,0.615000,0,0.600000,0.200000,0.200000,3509,0,3509,5000,3263,3572,309,246,555,0.929895,0.913494
237,0.660675,65.920000,0.959454,0.000000,0.000000,0.000000,0.000000,0.613200,0.000000,0.613200,0.571800,0,0.600000,0.200000,0.200000,3066,0,3066,5000,2576,2764,188,490,678,0.840183,0.931983
238,0.353888,60.190000,1.167435,0.000000,0.000000,0.000000,0.000000,0.671600,0.000000,0.671600,0.581200,0,0.600000,0.200000,0.200000,3358,0,3358,5000,3166,3416,250,192,442,0.942823,0.926815
239,0.432499,65.340000,0.997486,0.000000,0.000000,0.000000,0.000000,0.662800,0.000000,0.662800,0.561600,0,0.600000,0.200000,0.200000,3314,0,3314,5000,3150,3488,338,164,502,0.950513,0.903096
240,0.616177,67.880000,0.942635,0.000000,0.000000,0.000000,0.000000,0.581200,0.012200,0.581200,0.602800,1,0.600000,0.200000,0.200000,2906,61,2906,5000,2371,2572,201,535,736,0.815898,0.921851
241,0.605303,63.250000,1.062790,0.000000,0.000000,0.000000,0.000000,0.610200,0.000000,0.610200,0.612800,0,0.600000,0.200000,0.200000,3051,0,3051,5000,2598,2784,186,453,639,0.851524,0.933190
242,0.379674,67.240000,0.976477,0.000000,0.000000,0.000000,0.000000,0.628400,0.000000,0.628400,0.589800,0,0.600000,0.200000,0.200000,3142,0,3142,5000,2939,3140,201,203,404,0.935391,0.935987
243,0.303512,66.310000,0.949050,0.000000,0.000000,0.000000,0.000000,0.707800,0.000000,0.707800,0.647400,0,0.600000,0.200000,0.200000,3539,0,3539,5000,3465,3780,315,74,389,0.979090,0.916667
244,0.536017,64.380000,1.026698,0.000000,0.000000,0.000000,0.000000,0.660600,0.000000,0.660600,0.656200,0,0.600000,0.200000,0.200000,3303,0,3303,5000,2864,3104,240,439,679,0.867091,0.922680
245,0.499949,62.720000,1.080399,0.000000,0.000000,0.000000,0.000000,0.642000,0.011600,0.642000,0.616200,1,0.600000,0.200000,0.200000,3210,58,3210,5000,2948,3128,180,262,442,0.918380,0.942455
246,0.518924,63.910000,1.024756,0.000000,0.000000,0.000000,0.000000,0.647200,0.000000,0.647200,0.603000,0,0.600000,0.200000,0.200000,3236,0,3236,5000,3004,3316,312,232,544,0.928307,0.905911
247,0.409626,65.640000,0.991553,0.000000,0.000000,0.000000,0.000000,0.698400,0.000000,0.698400,0.641200,0,0.600000,0.200000,0.200000,3492,0,3492,5000,3268,3556,288,224,512,0.935853,0.919010
248,0.572267,65.830000,0.990328,0.000000,0.000000,0.000000,0.000000,0.623200,0.000000,0.623200,0.593200,0,0.600000,0.200000,0.200000,3116,0,3116,5000,2699,2876,177,417,594,0.866175,0.938456
249,0.499565,63.560000,1.057240,0.000000,0.000000,0.000000,0.000000,0.588200,0.000000,0.588200,0.637200,0,0.600000,0.200000,0.200000,2941,0,2941,5000,2583,2796,213,358,571,0.878273,0.923820
250,0.477678,63.940000,1.052160,0.000000,0.000000,0.000000,0.000000,0.667200,0.015200,0.667200,0.571600,1,0.600000,0.200000,0.200000,3336,76,3336,5000,2968,3272,304,368,672,0.889688,0.907090
251,0.334862,65.660000,1.027960,0.000000,0.000000,0.000000,0.000000,0.687800,0.000000,0.687800,0.635000,0,0.600000,0.200000,0.200000,3439,0,3439,5000,3341,3676,335,98,433,0.971503,0.908868
252,0.421288,65.600000,1.019561,0.000000,0.000000,0.000000,0.000000,0.620600,0.000000,0.620600,0.664000,0,0.600000,0.200000,0.200000,3103,0,3103,5000,2824,3076,252,279,531,0.910087,0.918075
253,0.416611,66.550000,1.006105,0.000000,0.000000,0.000000,0.000000,0.640400,0.000000,0.640400,0.678800,0,0.600000,0.200000,0.200000,3202,0,3202,5000,2968,3180,212,234,446,0.926921,0.933333
254,0.493657,66.580000,0.965306,0.000000,0.000000,0.000000,0.000000,0.669600,0.000000,0.669600,0.594400,0,0.600000,0.200000,0.200000,3348,0,3348,5000,2999,3284,285,349,634,0.895759,0.913216
255,0.764912,62.830000,1.085539,0.000000,0.000000,0.000000,0.000000,0.664200,0.015400,0.664200,0.618200,1,0.600000,0.200000,0.200000,3321,77,3321,5000,2688,2912,224,633,857,0.809395,0.923077
256,0.695277,65.410000,0.999902,0.000000,0.000000,0.000000,0.000000,0.607200,0.000000,0.607200,0.582000,0,0.600000,0.200000,0.200000,3036,0,3036,5000,2482,2680,198,554,752,0.817523,0.926119
257,0.735961,65.830000,0.980002,0.000000,0.000000,0.000000,0.000000,0.650000,0.000000,0.650000,0.601000,0,0.600000,0.200000,0.200000,3250,0,3250,5000,2692,2852,160,558,718,0.828308,0.943899
258,0.527303,66.360000,0.989366,0.000000,0.000000,0.000000,0.000000,0.644200,0.000000,0.644200,0.630800,0,0.600000,0.200000,0.200000,3221,0,3221,5000,2854,3040,186,367,553,0.886060,0.938816
259,0.542189,65.460000,0.997844,0.000000,0.000000,0.000000,0.000000,0.634400,0.000000,0.634400,0.587600,0,0.600000,0.200000,0.200000,3172,0,3172,5000,2793,2984,191,379,570,0.880517,0.935992
260,0.876331,65.110000,1.000927,0.000000,0.000000,0.000000,0.000000,0.626600,0.011800,0.626600,0.598200,1,0.600000,0.200000,0.200000,3133,59,3133,5000,2336,2496,160,797,957,0.745611,0.935897
261,0.700319,64.910000,1.016049,0.000000,0.000000,0.000000,0.000000,0.574000,0.000000,0.574000,0.628400,0,0.600000,0.200000,0.200000,2870,0,2870,5000,2253,2376,123,617,740,0.785017,0.948232
262,0.582813,66.870000,0.959572,0.000000,0.000000,0.000000,0.000000,0.687200,0.000000,0.687200,0.615800,0,0.600000,0.200000,0.200000,3436,0,3436,5000,3046,3276,230,390,620,0.886496,0.929792
263,0.575796,62.050000,1.087725,0.000000,0.000000,0.000000,0.000000,0.600200,0.000000,0.600200,0.632200,0,0.600000,0.200000,0.200000,3001,0,3001,5000,2488,2632,144,513,657,0.829057,0.945289
264,0.592968,66.000000,0.985181,0.000000,0.000000,0.000000,0.000000,0.658000,0.000000,0.658000,0.586400,0,0.600000,0.200000,0.200000,3290,0,3290,5000,2805,2976,171,485,656,0.852584,0.942540
265,0.421616,65.670000,1.006714,0.000000,0.000000,0.000000,0.000000,0.645600,0.013600,0.645600,0.669200,1,0.600000,0.200000,0.200000,3228,68,3228,5000,2952,3196,244,276,520,0.914498,0.923655
266,0.418754,65.800000,1.004488,0.000000,0.000000,0.000000,0.000000,0.641400,0.000000,0.641400,0.610000,0,0.600000,0.200000,0.200000,3207,0,3207,5000,2915,3140,225,292,517,0.908949,0.928344
267,0.582887,64.820000,1.058828,0.000000,0.000000,0.000000,0.000000,0.627000,0.000000,0.627000,0.636200,0,0.600000,0.200000,0.200000,3135,0,3135,5000,2706,2916,210,429,639,0.863158,0.927984
268,0.580629,65.500000,1.025711,0.000000,0.000000,0.000000,0.000000,0.647400,0.000000,0.647400,0.636600,0,0.600000,0.200000,0.200000,3237,0,3237,5000,2823,3056,233,414,647,0.872104,0.923757
269,0.601538,63.500000,1.044763,0.000000,0.000000,0.000000,0.000000,0.678600,0.000000,0.678600,0.597600,0,0.600000,0.200000,0.200000,3393,0,3393,5000,3020,3256,236,373,609,0.890068,0.927518
270,0.536109,64.600000,1.039319,0.000000,0.000000,0.000000,0.000000,0.595800,0.011800,0.595800,0.627600,1,0.600000,0.200000,0.200000,2979,59,2979,5000,2566,2752,186,413,599,0.861363,0.932413
271,0.718789,65.260000,1.006825,0.000000,0.000000,0.000000,0.000000,0.625400,0.000000,0.625400,0.611000,0,0.600000,0.200000,0.200000,3127,0,3127,5000,2472,2648,176,655,831,0.790534,0.933535
272,0.626752,65.220000,1.003009,0.000000,0.000000,0.000000,0.000000,0.590400,0.000000,0.590400,0.597400,0,0.600000,0.200000,0.200000,2952,0,2952,5000,2485,2620,135,467,602,0.841802,0.948473
273,0.448286,63.650000,1.037913,0.000000,0.000000,0.000000,0.000000,0.602800,0.000000,0.602800,0.651600,0,0.600000,0.200000,0.200000,3014,0,3014,5000,2741,2948,207,273,480,0.909423,0.929783
274,0.804485,63.160000,1.053291,0.000000,0.000000,0.000000,0.000000,0.592600,0.000000,0.592600,0.575600,0,0.600000,0.200000,0.200000,2963,0,2963,5000,2303,2468,165,660,825,0.777253,0.933144
275,0.446748,64.440000,1.025741,0.000000,0.000000,0.000000,0.000000,0.685000,0.012200,0.685000,0.584400,1,0.600000,0.200000,0.200000,3425,61,3425,5000,3150,3408,258,275,533,0.919708,0.924296
276,0.497530,66.210000,0.965035,0.000000,0.000000,0.000000,0.000000,0.618600,0.000000,0.618600,0.607000,0,0.600000,0.200000,0.200000,3093,0,3093,5000,2747,2928,181,346,527,0.888134,0.938183
277,0.567484,67.830000,0.934717,0.000000,0.000000,0.000000,0.000000,0.721000,0.000000,0.721000,0.598400,0,0.600000,0.200000,0.200000,3605,0,3605,5000,3176,3392,216,429,645,0.880999,0.936321
278,0.829046,64.540000,0.992284,0.000000,0.000000,0.000000,0.000000,0.661000,0.000000,0.661000,0.601800,0,0.600000,0.200000,0.200000,3305,0,3305,5000,2574,2752,178,731,909,0.778820,0.935320
279,0.683001,67.480000,0.944987,0.000000,0.000000,0.000000,0.000000,0.599600,0.000000,0.599600,0.557200,0,0.600000,0.200000,0.200000,2998,0,2998,5000,2377,2500,123,621,744,0.792862,0.950800
280,0.463454,64.270000,1.026659,0.000000,0.000000,0.000000,0.000000,0.689600,0.010400,0.689600,0.653200,1,0.600000,0.200000,0.200000,3448,52,3448,5000,3143,3384,241,305,546,0.911543,0.928783
281,0.307728,68.520000,0.921830,0.000000,0.000000,0.000000,0.000000,0.681400,0.000000,0.681400,0.646400,0,0.600000,0.200000,0.200000,3407,0,3407,5000,3292,3564,272,115,387,0.966246,0.923681
282,0.523962,64.730000,1.015712,0.000000,0.000000,0.000000,0.000000,0.698000,0.000000,0.698000,0.619600,0,0.600000,0.200000,0.200000,3490,0,3490,5000,3094,3332,238,396,634,0.886533,0.928571
283,0.607341,62.400000,1.042170,0.000000,0.000000,0.000000,0.000000,0.566000,0.000000,0.566000,0.569400,0,0.600000,0.200000,0.200000,2830,0,2830,5000,2340,2484,144,490,634,0.826855,0.942029
284,0.449376,64.620000,0.985644,0.000000,0.000000,0.000000,0.000000,0.608600,0.000000,0.608600,0.591600,0,0.600000,0.200000,0.200000,3043,0,3043,5000,2705,2948,243,338,581,0.888925,0.917571
285,0.618158,60.870000,1.104743,0.000000,0.000000,0.000000,0.000000,0.513400,0.014600,0.513400,0.653600,1,0.600000,0.200000,0.200000,2567,73,2567,5000,2111,2328,217,456,673,0.822361,0.906787
286,0.433638,66.160000,0.986297,0.000000,0.000000,0.000000,0.000000,0.684400,0.000000,0.684400,0.576400,0,0.600000,0.200000,0.200000,3422,0,3422,5000,3156,3416,260,266,526,0.922268,0.923888
287,0.449081,61.180000,1.151207,0.000000,0.000000,0.000000,0.000000,0.643800,0.000000,0.643800,0.664400,0,0.600000,0.200000,0.200000,3219,0,3219,5000,2955,3180,225,264,489,0.917987,0.929245
288,0.637089,66.700000,0.965431,0.000000,0.000000,0.000000,0.000000,0.635000,0.000000,0.635000,0.591000,0,0.600000,0.200000,0.200000,3175,0,3175,5000,2614,2788,174,561,735,0.823307,0.937590
289,0.562634,63.530000,1.037938,0.000000,0.000000,0.000000,0.000000,0.658000,0.000000,0.658000,0.654600,0,0.600000,0.200000,0.200000,3290,0,3290,5000,2809,3004,195,481,676,0.853799,0.935087
290,0.354454,62.660000,1.083472,0.000000,0.000000,0.000000,0.000000,0.651800,0.008400,0.651800,0.674200,1,0.600000,0.200000,0.200000,3259,42,3259,5000,3112,3348,236,147,383,0.954894,0.929510
291,0.519560,60.410000,1.131288,0.000000,0.000000,0.000000,0.000000,0.657800,0.000000,0.657800,0.546400,0,0.600000,0.200000,0.200000,3289,0,3289,5000,2866,3124,258,423,681,0.871389,0.917414
292,0.457275,62.220000,1.095129,0.000000,0.000000,0.000000,0.000000,0.724000,0.000000,0.724000,0.642600,0,0.600000,0.200000,0.200000,3620,0,3620,5000,3332,3600,268,288,556,0.920442,0.925556
293,0.584863,66.940000,0.950040,0.000000,0.000000,0.000000,0.000000,0.657400,0.000000,0.657400,0.572000,0,0.600000,0.200000,0.200000,3287,0,3287,5000,2826,3072,246,461,707,0.859751,0.919922
294,0.513046,62.220000,1.108725,0.000000,0.000000,0.000000,0.000000,0.734400,0.000000,0.734400,0.672000,0,0.600000,0.200000,0.200000,3672,0,3672,5000,3363,3580,217,309,526,0.915850,0.939385
295,0.680670,66.490000,0.971543,0.000000,0.000000,0.000000,0.000000,0.632000,0.012800,0.632000,0.573600,1,0.600000,0.200000,0.200000,3160,64,3160,5000,2506,2632,126,654,780,0.793038,0.952128
296,0.634611,66.920000,0.961855,0.000000,0.000000,0.000000,0.000000,0.620000,0.000000,0.620000,0.608200,0,0.600000,0.200000,0.200000,3100,0,3100,5000,2530,2676,146,570,716,0.816129,0.945441
297,0.595186,64.320000,1.013660,0.000000,0.000000,0.000000,0.000000,0.647400,0.000000,0.647400,0.588400,0,0.600000,0.200000,0.200000,3237,0,3237,5000,2741,2876,135,496,631,0.846772,0.953060
298,0.619062,64.210000,1.004014,0.000000,0.000000,0.000000,0.000000,0.657800,0.000000,0.657800,0.599400,0,0.600000,0.200000,0.200000,3289,0,3289,5000,2880,3064,184,409,593,0.875646,0.939948
299,0.443324,62.080000,1.066833,0.000000,0.000000,0.000000,0.000000,0.712000,0.000000,0.712000,0.622400,0,0.600000,0.200000,0.200000,3560,0,3560,5000,3254,3460,206,306,512,0.914045,0.940462
300,0.442025,61.170000,1.096740,0.000000,0.000000,0.000000,0.000000,0.666200,0.008800,0.666200,0.653400,1,0.600000,0.200000,0.200000,3331,44,3331,5000,2974,3160,186,357,543,0.892825,0.941139
301,0.437456,67.360000,0.935617,0.000000,0.000000,0.000000,0.000000,0.619200,0.000000,0.619200,0.582400,0,0.600000,0.200000,0.200000,3096,0,3096,5000,2811,3032,221,285,506,0.907946,0.927111
302,0.488566,65.980000,0.972123,0.000000,0.000000,0.000000,0.000000,0.649000,0.000000,0.649000,0.679200,0,0.600000,0.200000,0.200000,3245,0,3245,5000,3004,3188,184,241,425,0.925732,0.942284
303,0.805963,63.190000,1.033821,0.000000,0.000000,0.000000,0.000000,0.570000,0.000000,0.570000,0.613600,0,0.600000,0.200000,0.200000,2850,0,2850,5000,2199,2316,117,651,768,0.771579,0.949482
304,0.535958,67.770000,0.943268,0.000000,0.000000,0.000000,0.000000,0.632600,0.000000,0.632600,0.614000,0,0.600000,0.200000,0.200000,3163,0,3163,5000,2735,2996,261,428,689,0.864685,0.912884
305,0.477720,60.410000,1.131272,0.000000,0.000000,0.000000,0.000000,0.655000,0.010400,0.655000,0.629800,1,0.600000,0.200000,0.200000,3275,52,3275,5000,2884,3096,212,391,603,0.880611,0.931525
306,0.709130,65.000000,1.006722,0.000000,0.000000,0.000000,0.000000,0.611200,0.000000,0.611200,0.608400,0,0.600000,0.200000,0.200000,3056,0,3056,5000,2528,2676,148,528,676,0.827225,0.944694
307,0.523942,65.890000,0.989102,0.000000,0.000000,0.000000,0.000000,0.598200,0.000000,0.598200,0.603600,0,0.600000,0.200000,0.200000,2991,0,2991,5000,2585,2736,151,406,557,0.864259,0.944810
308,0.474956,64.780000,1.003416,0.000000,0.000000,0.000000,0.000000,0.663000,0.000000,0.663000,0.599800,0,0.600000,0.200000,0.200000,3315,0,3315,5000,2975,3140,165,340,505,0.897436,0.947452
309,0.743897,65.360000,1.003218,0.000000,0.000000,0.000000,0.000000,0.601800,0.000000,0.601800,0.611200,0,0.600000,0.200000,0.200000,3009,0,3009,5000,2317,2436,119,692,811,0.770023,0.951149
310,0.399492,64.930000,1.005753,0.000000,0.000000,0.000000,0.000000,0.671200,0.007800,0.671200,0.686400,1,0.600000,0.200000,0.200000,3356,39,3356,5000,3070,3256,186,286,472,0.914779,0.942875
311,0.542742,67.520000,0.932182,0.000000,0.000000,0.000000,0.000000,0.678200,0.000000,0.678200,0.578400,0,0.600000,0.200000,0.200000,3391,0,3391,5000,2975,3200,225,416,641,0.877322,0.929687
312,0.752639,63.580000,1.028630,0.000000,0.000000,0.000000,0.000000,0.629000,0.000000,0.629000,0.611400,0,0.600000,0.200000,0.200000,3145,0,3145,5000,2450,2624,174,695,869,0.779014,0.933689
313,0.428262,63.840000,1.020311,0.000000,0.000000,0.000000,0.000000,0.662400,0.000000,0.662400,0.627000,0,0.600000,0.200000,0.200000,3312,0,3312,5000,3058,3252,194,254,448,0.923309,0.940344
314,0.495105,63.500000,1.091575,0.000000,0.000000,0.000000,0.000000,0.677600,0.000000,0.677600,0.603800,0,0.600000,0.200000,0.200000,3388,0,3388,5000,2970,3164,194,418,612,0.876623,0.938685
315,0.620872,67.360000,0.961913,0.000000,0.000000,0.000000,0.000000,0.606600,0.010400,0.606600,0.614200,1,0.600000,0.200000,0.200000,3033,52,3033,5000,2583,2736,153,450,603,0.851632,0.944079
316,0.589119,63.780000,1.012625,0.000000,0.000000,0.000000,0.000000,0.681400,0.000000,0.681400,0.652000,0,0.600000,0.200000,0.200000,3407,0,3407,5000,2967,3176,209,440,649,0.870854,0.934194
317,0.469322,65.840000,0.979613,0.000000,0.000000,0.000000,0.000000,0.628800,0.000000,0.628800,0.613200,0,0.600000,0.200000,0.200000,3144,0,3144,5000,2974,3180,206,170,376,0.945929,0.935220
318,0.893365,64.170000,1.023464,0.000000,0.000000,0.000000,0.000000,0.599000,0.000000,0.599000,0.611400,0,0.600000,0.200000,0.200000,2995,0,2995,5000,2201,2296,95,794,889,0.734891,0.958624
319,0.904541,65.520000,0.992521,0.000000,0.000000,0.000000,0.000000,0.591000,0.000000,0.591000,0.576400,0,0.600000,0.200000,0.200000,2955,0,2955,5000,2062,2172,110,893,1003,0.697800,0.949355
320,0.575119,65.890000,0.985978,0.000000,0.000000,0.000000,0.000000,0.734200,0.008800,0.734200,0.566600,1,0.600000,0.200000,0.200000,3671,44,3671,5000,3131,3328,197,540,737,0.852901,0.940805
321,0.484489,65.810000,0.971913,0.000000,0.000000,0.000000,0.000000,0.664800,0.000000,0.664800,0.617200,0,0.600000,0.200000,0.200000,3324,0,3324,5000,2962,3108,146,362,508,0.891095,0.953024
322,0.572693,64.020000,1.026104,0.000000,0.000000,0.000000,0.000000,0.654400,0.000000,0.654400,0.623600,0,0.600000,0.200000,0.200000,3272,0,3272,5000,2780,2996,216,492,708,0.849633,0.927904
323,0.568446,57.210000,1.200858,0.000000,0.000000,0.000000,0.000000,0.667600,0.000000,0.667600,0.570400,0,0.600000,0.200000,0.200000,3338,0,3338,5000,2949,3192,243,389,632,0.883463,0.923872
324,0.479219,64.220000,1.024860,0.000000,0.000000,0.000000,0.000000,0.664800,0.000000,0.664800,0.563200,0,0.600000,0.200000,0.200000,3324,0,3324,5000,3000,3220,220,324,544,0.902527,0.931677
325,0.410682,63.480000,1.066406,0.000000,0.000000,0.000000,0.000000,0.661200,0.006800,0.661200,0.672600,1,0.600000,0.200000,0.200000,3306,34,3306,5000,3051,3244,193,255,448,0.922868,0.940506
326,0.633121,62.520000,1.085875,0.000000,0.000000,0.000000,0.000000,0.636600,0.000000,0.636600,0.623400,0,0.600000,0.200000,0.200000,3183,0,3183,5000,2549,2712,163,634,797,0.800817,0.939897
327,0.434175,63.800000,1.029101,0.000000,0.000000,0.000000,0.000000,0.607600,0.000000,0.607600,0.616200,0,0.600000,0.200000,0.200000,3038,0,3038,5000,2761,3008,247,277,524,0.908822,0.917886
328,0.653807,63.230000,1.037913,0.000000,0.000000,0.000000,0.000000,0.665400,0.000000,0.665400,0.628600,0,0.600000,0.200000,0.200000,3327,0,3327,5000,2692,2932,240,635,875,0.809137,0.918145
329,0.684385,64.550000,1.008950,0.000000,0.000000,0.000000,0.000000,0.632000,0.000000,0.632000,0.616200,0,0.600000,0.200000,0.200000,3160,0,3160,5000,2685,2888,203,475,678,0.849684,0.929709
330,0.622284,58.110000,1.209864,0.000000,0.000000,0.000000,0.000000,0.637000,0.011600,0.637000,0.636200,1,0.600000,0.200000,0.200000,3185,58,3185,5000,2574,2704,130,611,741,0.808163,0.951923
331,0.562929,59.270000,1.150433,0.000000,0.000000,0.000000,0.000000,0.571600,0.000000,0.571600,0.597600,0,0.600000,0.200000,0.200000,2858,0,2858,5000,2267,2396,129,591,720,0.793212,0.946160
332,0.516740,63.590000,1.064015,0.000000,0.000000,0.000000,0.000000,0.630800,0.000000,0.630800,0.613200,0,0.600000,0.200000,0.200000,3154,0,3154,5000,2828,3016,188,326,514,0.896639,0.937666
333,0.509942,62.880000,1.060305,0.000000,0.000000,0.000000,0.000000,0.682000,0.000000,0.682000,0.594200,0,0.600000,0.200000,0.200000,3410,0,3410,5000,3059,3240,181,351,532,0.897067,0.944136
334,0.364148,65.620000,0.996323,0.000000,0.000000,0.000000,0.000000,0.735400,0.000000,0.735400,0.650800,0,0.600000,0.200000,0.200000,3677,0,3677,5000,3467,3724,257,210,467,0.942888,0.930988
335,0.589937,66.640000,0.970737,0.000000,0.000000,0.000000,0.000000,0.633400,0.010000,0.633400,0.619800,1,0.600000,0.200000,0.200000,3167,50,3167,5000,2597,2740,143,570,713,0.820019,0.947810
336,0.696942,66.870000,0.977567,0.000000,0.000000,0.000000,0.000000,0.638800,0.000000,0.638800,0.584600,0,0.600000,0.200000,0.200000,3194,0,3194,5000,2634,2824,190,560,750,0.824671,0.932720
337,0.374636,67.460000,0.956213,0.000000,0.000000,0.000000,0.000000,0.648000,0.000000,0.648000,0.644800,0,0.600000,0.200000,0.200000,3240,0,3240,5000,2964,3156,192,276,468,0.914815,0.939163
338,0.695080,61.310000,1.104735,0.000000,0.000000,0.000000,0.000000,0.658200,0.000000,0.658200,0.635000,0,0.600000,0.200000,0.200000,3291,0,3291,5000,2702,2844,142,589,731,0.821027,0.950070
339,0.442027,66.890000,0.977634,0.000000,0.000000,0.000000,0.000000,0.716000,0.000000,0.716000,0.599000,0,0.600000,0.200000,0.200000,3580,0,3580,5000,3382,3720,338,198,536,0.944693,0.909140
340,0.489303,66.680000,0.976041,0.000000,0.000000,0.000000,0.000000,0.637400,0.010400,0.637400,0.675400,1,0.600000,0.200000,0.200000,3187,52,3187,5000,2808,2980,172,379,551,0.881079,0.942282
341,0.513661,64.750000,1.011200,0.000000,0.000000,0.000000,0.000000,0.646000,0.000000,0.646000,0.659600,0,0.600000,0.200000,0.200000,3230,0,3230,5000,2883,3076,193,347,540,0.892570,0.937256
342,0.387035,66.690000,0.963205,0.000000,0.000000,0.000000,0.000000,0.690400,0.000000,0.690400,0.604800,0,0.600000,0.200000,0.200000,3452,0,3452,5000,3209,3452,243,243,486,0.929606,0.929606
343,0.489725,65.130000,1.016868,0.000000,0.000000,0.000000,0.000000,0.732400,0.000000,0.732400,0.672800,0,0.600000,0.200000,0.200000,3662,0,3662,5000,3274,3488,214,388,602,0.894047,0.938647
344,0.382245,63.300000,1.054806,0.000000,0.000000,0.000000,0.000000,0.654200,0.000000,0.654200,0.588800,0,0.600000,0.200000,0.200000,3271,0,3271,5000,3036,3260,224,235,459,0.928157,0.931288
345,0.602825,61.460000,1.092791,0.000000,0.000000,0.000000,0.000000,0.635000,0.012200,0.635000,0.619800,1,0.600000,0.200000,0.200000,3175,61,3175,5000,2865,3072,207,310,517,0.902362,0.932617
346,0.609584,62.990000,1.041224,0.000000,0.000000,0.000000,0.000000,0.632800,0.000000,0.632800,0.598200,0,0.600000,0.200000,0.200000,3164,0,3164,5000,2655,2832,177,509,686,0.839128,0.937500
347,0.473812,66.540000,0.958998,0.000000,0.000000,0.000000,0.000000,0.636600,0.000000,0.636600,0.643600,0,0.600000,0.200000,0.200000,3183,0,3183,5000,2765,2932,167,418,585,0.868677,0.943042
348,0.491399,65.700000,0.985107,0.000000,0.000000,0.000000,0.000000,0.601000,0.000000,0.601000,0.676600,0,0.600000,0.200000,0.200000,3005,0,3005,5000,2645,2848,203,360,563,0.880200,0.928722
349,0.336300,67.770000,0.961544,0.000000,0.000000,0.000000,0.000000,0.548600,0.000000,0.548600,0.684600,0,0.600000,0.200000,0.200000,2743,0,2743,5000,2548,2720,172,195,367,0.928910,0.936765
350,0.723291,66.010000,0.996978,0.000000,0.000000,0.000000,0.000000,0.605800,0.013400,0.605800,0.621000,1,0.600000,0.200000,0.200000,3029,67,3029,5000,2299,2428,129,730,859,0.758996,0.946870
351,0.376418,65.350000,1.027459,0.000000,0.000000,0.000000,0.000000,0.637000,0.000000,0.637000,0.647400,0,0.600000,0.200000,0.200000,3185,0,3185,5000,2922,3152,230,263,493,0.917425,0.927030
352,0.605683,68.740000,0.924593,0.000000,0.000000,0.000000,0.000000,0.650600,0.000000,0.650600,0.640800,0,0.600000,0.200000,0.200000,3253,0,3253,5000,2703,2924,221,550,771,0.830925,0.924419
353,0.469932,65.150000,1.010109,0.000000,0.000000,0.000000,0.000000,0.671800,0.000000,0.671800,0.634000,0,0.600000,0.200000,0.200000,3359,0,3359,5000,2968,3236,268,391,659,0.883596,0.917182
354,0.392039,67.650000,0.958259,0.000000,0.000000,0.000000,0.000000,0.561400,0.000000,0.561400,0.663000,0,0.600000,0.200000,0.200000,2807,0,2807,5000,2498,2700,202,309,511,0.889918,0.925185
355,0.456811,64.870000,1.026322,0.000000,0.000000,0.000000,0.000000,0.592200,0.007400,0.592200,0.698600,1,0.600000,0.200000,0.200000,2961,37,2961,5000,2588,2788,200,373,573,0.874029,0.928264
356,0.492698,65.660000,1.019151,0.000000,0.000000,0.000000,0.000000,0.665800,0.000000,0.665800,0.678800,0,0.600000,0.200000,0.200000,3329,0,3329,5000,2940,3220,280,389,669,0.883148,0.913043
357,0.540921,62.470000,1.120358,0.000000,0.000000,0.000000,0.000000,0.654200,0.000000,0.654200,0.675800,0,0.600000,0.200000,0.200000,3271,0,3271,5000,2742,2896,154,529,683,0.838276,0.946823
358,0.705666,63.980000,1.022702,0.000000,0.000000,0.000000,0.000000,0.618200,0.000000,0.618200,0.577200,0,0.600000,0.200000,0.200000,3091,0,3091,5000,2375,2560,185,716,901,0.768360,0.927734
359,0.410091,66.860000,0.957644,0.000000,0.000000,0.000000,0.000000,0.675600,0.000000,0.675600,0.624000,0,0.600000,0.200000,0.200000,3378,0,3378,5000,3091,3308,217,287,504,0.915038,0.934401
360,0.594520,65.570000,0.997997,0.000000,0.000000,0.000000,0.000000,0.613200,0.009800,0.613200,0.637200,1,0.600000,0.200000,0.200000,3066,49,3066,5000,2501,2700,199,565,764,0.815721,0.926296
361,0.523620,66.180000,0.969860,0.000000,0.000000,0.000000,0.000000,0.676000,0.000000,0.676000,0.664400,0,0.600000,0.200000,0.200000,3380,0,3380,5000,2951,3124,173,429,602,0.873077,0.944622
362,0.472855,67.330000,0.931189,0.000000,0.000000,0.000000,0.000000,0.670000,0.000000,0.670000,0.636600,0,0.600000,0.200000,0.200000,3350,0,3350,5000,2976,3224,248,374,622,0.888358,0.923077
363,0.535198,66.330000,0.965571,0.000000,0.000000,0.000000,0.000000,0.645800,0.000000,0.645800,0.666800,0,0.600000,0.200000,0.200000,3229,0,3229,5000,2785,2948,163,444,607,0.862496,0.944708
364,0.478117,67.000000,0.941359,0.000000,0.000000,0.000000,0.000000,0.765600,0.000000,0.765600,0.666400,0,0.600000,0.200000,0.200000,3828,0,3828,5000,3508,3804,296,320,616,0.916405,0.922187
365,0.373731,65.570000,1.002028,0.000000,0.000000,0.000000,0.000000,0.636000,0.008800,0.636000,0.666800,1,0.600000,0.200000,0.200000,3180,44,3180,5000,2907,3116,209,273,482,0.914151,0.932927
366,0.492748,64.210000,1.033946,0.000000,0.000000,0.000000,0.000000,0.657800,0.000000,0.657800,0.614400,0,0.600000,0.200000,0.200000,3289,0,3289,5000,2927,3128,201,362,563,0.889936,0.935742
367,0.422039,68.880000,0.923605,0.000000,0.000000,0.000000,0.000000,0.641600,0.000000,0.641600,0.587200,0,0.600000,0.200000,0.200000,3208,0,3208,5000,2883,3056,173,325,498,0.898691,0.943390
368,0.520674,66.940000,0.965812,0.000000,0.000000,0.000000,0.000000,0.595600,0.000000,0.595600,0.653200,0,0.600000,0.200000,0.200000,2978,0,2978,5000,2488,2616,128,490,618,0.835460,0.951070
369,0.684504,67.510000,0.964705,0.000000,0.000000,0.000000,0.000000,0.602600,0.000000,0.602600,0.644800,0,0.600000,0.200000,0.200000,3013,0,3013,5000,2385,2532,147,628,775,0.791570,0.941943
370,0.385041,64.670000,1.049642,0.000000,0.000000,0.000000,0.000000,0.601800,0.011200,0.601800,0.660200,1,0.600000,0.200000,0.200000,3009,56,3009,5000,2695,2876,181,314,495,0.895646,0.937065
371,0.499237,65.770000,1.013191,0.000000,0.000000,0.000000,0.000000,0.624000,0.000000,0.624000,0.686000,0,0.600000,0.200000,0.200000,3120,0,3120,5000,2777,2984,207,343,550,0.890064,0.930630
372,0.641661,68.280000,0.929216,0.000000,0.000000,0.000000,0.000000,0.586800,0.000000,0.586800,0.646000,0,0.600000,0.200000,0.200000,2934,0,2934,5000,2325,2464,139,609,748,0.792434,0.943588
373,0.575352,66.610000,0.939553,0.000000,0.000000,0.000000,0.000000,0.610000,0.000000,0.610000,0.602400,0,0.600000,0.200000,0.200000,3050,0,3050,5000,2558,2752,194,492,686,0.838689,0.929506
374,0.491454,66.300000,0.967748,0.000000,0.000000,0.000000,0.000000,0.639400,0.000000,0.639400,0.637400,0,0.600000,0.200000,0.200000,3197,0,3197,5000,2844,3004,160,353,513,0.889584,0.946738
375,0.505562,66.200000,0.965583,0.000000,0.000000,0.000000,0.000000,0.730400,0.009200,0.730400,0.647400,1,0.600000,0.200000,0.200000,3652,46,3652,5000,3178,3356,178,474,652,0.870208,0.946961
376,0.498403,59.680000,1.205351,0.000000,0.000000,0.000000,0.000000,0.665400,0.000000,0.665400,0.577800,0,0.600000,0.200000,0.200000,3327,0,3327,5000,2975,3212,237,352,589,0.894199,0.926214
377,0.282005,67.290000,0.956615,0.000000,0.000000,0.000000,0.000000,0.672400,0.000000,0.672400,0.555800,0,0.600000,0.200000,0.200000,3362,0,3362,5000,3280,3604,324,82,406,0.975610,0.910100
378,0.310912,67.880000,0.947567,0.000000,0.000000,0.000000,0.000000,0.691600,0.000000,0.691600,0.699600,0,0.600000,0.200000,0.200000,3458,0,3458,5000,3285,3476,191,173,364,0.949971,0.945052
379,0.670749,67.500000,0.968024,0.000000,0.000000,0.000000,0.000000,0.576200,0.000000,0.576200,0.656600,0,0.600000,0.200000,0.200000,2881,0,2881,5000,2217,2424,207,664,871,0.769524,0.914604
380,0.535676,65.170000,1.027905,0.000000,0.000000,0.000000,0.000000,0.668200,0.012200,0.668200,0.683200,1,0.600000,0.200000,0.200000,3341,61,3341,5000,2850,3100,250,491,741,0.853038,0.919355
381,0.366202,64.530000,1.039021,0.000000,0.000000,0.000000,0.000000,0.730800,0.000000,0.730800,0.642400,0,0.600000,0.200000,0.200000,3654,0,3654,5000,3405,3732,327,249,576,0.931856,0.912379
382,0.575654,67.000000,0.947415,0.000000,0.000000,0.000000,0.000000,0.573200,0.000000,0.573200,0.607200,0,0.600000,0.200000,0.200000,2866,0,2866,5000,2396,2548,152,470,622,0.836008,0.940345
383,0.618020,66.720000,0.961419,0.000000,0.000000,0.000000,0.000000,0.634800,0.000000,0.634800,0.628400,0,0.600000,0.200000,0.200000,3174,0,3174,5000,2487,2660,173,687,860,0.783554,0.934962
384,0.437585,66.180000,0.979183,0.000000,0.000000,0.000000,0.000000,0.632000,0.000000,0.632000,0.657400,0,0.600000,0.200000,0.200000,3160,0,3160,5000,2848,3080,232,312,544,0.901266,0.924675
385,0.314600,65.550000,1.010821,0.000000,0.000000,0.000000,0.000000,0.665800,0.010200,0.665800,0.668800,1,0.600000,0.200000,0.200000,3329,51,3329,5000,3242,3516,274,87,361,0.973866,0.922071
386,0.609706,65.900000,0.987752,0.000000,0.000000,0.000000,0.000000,0.583800,0.000000,0.583800,0.623400,0,0.600000,0.200000,0.200000,2919,0,2919,5000,2285,2444,159,634,793,0.782802,0.934943
387,0.857538,65.060000,0.995995,0.000000,0.000000,0.000000,0.000000,0.608200,0.000000,0.608200,0.568000,0,0.600000,0.200000,0.200000,3041,0,3041,5000,2146,2268,122,895,1017,0.705689,0.946208
388,0.422699,67.050000,0.960170,0.000000,0.000000,0.000000,0.000000,0.693200,0.000000,0.693200,0.647200,0,0.600000,0.200000,0.200000,3466,0,3466,5000,3128,3312,184,338,522,0.902481,0.944444
389,0.580382,67.340000,0.936659,0.000000,0.000000,0.000000,0.000000,0.637800,0.000000,0.637800,0.640000,0,0.600000,0.200000,0.200000,3189,0,3189,5000,2553,2788,235,636,871,0.800564,0.915710
390,0.432451,68.430000,0.915812,0.000000,0.000000,0.000000,0.000000,0.637000,0.011200,0.637000,0.651800,1,0.600000,0.200000,0.200000,3185,56,3185,5000,2881,3088,207,304,511,0.904553,0.932966
391,0.692700,66.390000,0.971994,0.000000,0.000000,0.000000,0.000000,0.608000,0.000000,0.608000,0.618000,0,0.600000,0.200000,0.200000,3040,0,3040,5000,2538,2712,174,502,676,0.834868,0.935841
392,0.510221,67.270000,0.942854,0.000000,0.000000,0.000000,0.000000,0.592200,0.000000,0.592200,0.634800,0,0.600000,0.200000,0.200000,2961,0,2961,5000,2470,2616,146,491,637,0.834178,0.944190
393,0.662342,65.820000,0.972333,0.000000,0.000000,0.000000,0.000000,0.618600,0.000000,0.618600,0.631000,0,0.600000,0.200000,0.200000,3093,0,3093,5000,2489,2628,139,604,743,0.804720,0.947108
394,0.581478,63.730000,1.023973,0.000000,0.000000,0.000000,0.000000,0.635800,0.000000,0.635800,0.627600,0,0.600000,0.200000,0.200000,3179,0,3179,5000,2557,2704,147,622,769,0.804341,0.945636
395,0.336077,67.050000,0.957799,0.000000,0.000000,0.000000,0.000000,0.603800,0.009600,0.603800,0.615600,1,0.600000,0.200000,0.200000,3019,48,3019,5000,2830,3012,182,189,371,0.937396,0.939575
396,0.513539,67.370000,0.957398,0.000000,0.000000,0.000000,0.000000,0.592200,0.000000,0.592200,0.628400,0,0.600000,0.200000,0.200000,2961,0,2961,5000,2497,2636,139,464,603,0.843296,0.947269
397,0.493722,67.160000,0.978623,0.000000,0.000000,0.000000,0.000000,0.605400,0.000000,0.605400,0.683800,0,0.600000,0.200000,0.200000,3027,0,3027,5000,2637,2788,151,390,541,0.871160,0.945839
398,0.718683,64.630000,1.035335,0.000000,0.000000,0.000000,0.000000,0.607200,0.000000,0.607200,0.651800,0,0.600000,0.200000,0.200000,3036,0,3036,5000,2565,2708,143,471,614,0.844862,0.947194
399,0.621243,65.990000,1.009420,0.000000,0.000000,0.000000,0.000000,0.609000,0.000000,0.609000,0.615600,0,0.600000,0.200000,0.200000,3045,0,3045,5000,2466,2616,150,579,729,0.809852,0.942661
400,0.624197,63.090000,1.084673,0.000000,0.000000,0.000000,0.000000,0.574800,0.007000,0.574800,0.659200,1,0.600000,0.200000,0.200000,2874,35,2874,5000,2260,2388,128,614,742,0.786360,0.946399
401,0.530337,64.550000,1.003034,0.000000,0.000000,0.000000,0.000000,0.694400,0.000000,0.694400,0.574200,0,0.600000,0.200000,0.200000,3472,0,3472,5000,3075,3256,181,397,578,0.885657,0.944410
402,0.619673,63.790000,1.017230,0.000000,0.000000,0.000000,0.000000,0.654200,0.000000,0.654200,0.634400,0,0.600000,0.200000,0.200000,3271,0,3271,5000,2814,2988,174,457,631,0.860287,0.941767
403,0.484136,66.220000,0.947446,0.000000,0.000000,0.000000,0.000000,0.627400,0.000000,0.627400,0.602400,0,0.600000,0.200000,0.200000,3137,0,3137,5000,2773,2976,203,364,567,0.883966,0.931788
404,0.581333,65.050000,0.998153,0.000000,0.000000,0.000000,0.000000,0.626800,0.000000,0.626800,0.637600,0,0.600000,0.200000,0.200000,3134,0,3134,5000,2650,2792,142,484,626,0.845565,0.949140
405,0.414888,66.800000,0.975265,0.000000,0.000000,0.000000,0.000000,0.661400,0.012800,0.661400,0.671600,1,0.600000,0.200000,0.200000,3307,64,3307,5000,2990,3216,226,317,543,0.904143,0.929726
406,0.604249,64.730000,1.021626,0.000000,0.000000,0.000000,0.000000,0.614400,0.000000,0.614400,0.664200,0,0.600000,0.200000,0.200000,3072,0,3072,5000,2486,2640,154,586,740,0.809245,0.941667
407,0.563890,65.670000,0.977840,0.000000,0.000000,0.000000,0.000000,0.645400,0.000000,0.645400,0.610600,0,0.600000,0.200000,0.200000,3227,0,3227,5000,2680,2848,168,547,715,0.830493,0.941011
408,0.387768,65.730000,0.993100,0.000000,0.000000,0.000000,0.000000,0.642600,0.000000,0.642600,0.647600,0,0.600000,0.200000,0.200000,3213,0,3213,5000,2931,3184,253,282,535,0.912232,0.920540
409,0.452161,64.620000,1.027840,0.000000,0.000000,0.000000,0.000000,0.684600,0.000000,0.684600,0.659200,0,0.600000,0.200000,0.200000,3423,0,3423,5000,3175,3408,233,248,481,0.927549,0.931631
410,0.406823,67.120000,0.981692,0.000000,0.000000,0.000000,0.000000,0.640400,0.012200,0.640400,0.624400,1,0.600000,0.200000,0.200000,3202,61,3202,5000,2924,3244,320,278,598,0.913179,0.901356
411,0.621916,68.350000,0.933356,0.000000,0.000000,0.000000,0.000000,0.628600,0.000000,0.628600,0.666000,0,0.600000,0.200000,0.200000,3143,0,3143,5000,2561,2736,175,582,757,0.814827,0.936038
412,0.381181,69.520000,0.893394,0.000000,0.000000,0.000000,0.000000,0.700000,0.000000,0.700000,0.669000,0,0.600000,0.200000,0.200000,3500,0,3500,5000,3280,3548,268,220,488,0.937143,0.924464
413,0.581508,67.870000,0.955456,0.000000,0.000000,0.000000,0.000000,0.597800,0.000000,0.597800,0.694200,0,0.600000,0.200000,0.200000,2989,0,2989,5000,2441,2576,135,548,683,0.816661,0.947593
414,0.580246,68.870000,0.914173,0.000000,0.000000,0.000000,0.000000,0.616400,0.000000,0.616400,0.663600,0,0.600000,0.200000,0.200000,3082,0,3082,5000,2593,2720,127,489,616,0.841337,0.953309
415,0.360492,67.050000,0.963982,0.000000,0.000000,0.000000,0.000000,0.617000,0.010400,0.617000,0.696800,1,0.600000,0.200000,0.200000,3085,52,3085,5000,2809,3008,199,276,475,0.910535,0.933843
416,0.365883,67.850000,0.959093,0.000000,0.000000,0.000000,0.000000,0.664800,0.000000,0.664800,0.715200,0,0.600000,0.200000,0.200000,3324,0,3324,5000,3086,3292,206,238,444,0.928400,0.937424
417,0.414150,68.730000,0.922032,0.000000,0.000000,0.000000,0.000000,0.619800,0.000000,0.619800,0.699200,0,0.600000,0.200000,0.200000,3099,0,3099,5000,2739,2908,169,360,529,0.883833,0.941884
418,0.425310,66.020000,0.992859,0.000000,0.000000,0.000000,0.000000,0.638400,0.000000,0.638400,0.672600,0,0.600000,0.200000,0.200000,3192,0,3192,5000,2836,3016,180,356,536,0.888471,0.940318
419,0.301703,68.050000,0.954677,0.000000,0.000000,0.000000,0.000000,0.543400,0.000000,0.543400,0.675200,0,0.600000,0.200000,0.200000,2717,0,2717,5000,2515,2672,157,202,359,0.925653,0.941243
420,0.340064,68.930000,0.910615,0.000000,0.000000,0.000000,0.000000,0.660400,0.010600,0.660400,0.612600,1,0.600000,0.200000,0.200000,3302,53,3302,5000,3128,3396,268,174,442,0.947305,0.921084
421,0.588571,65.000000,1.010195,0.000000,0.000000,0.000000,0.000000,0.668800,0.000000,0.668800,0.647800,0,0.600000,0.200000,0.200000,3344,0,3344,5000,2892,3136,244,452,696,0.864833,0.922194
422,0.554074,62.330000,1.096039,0.000000,0.000000,0.000000,0.000000,0.597400,0.000000,0.597400,0.649600,0,0.600000,0.200000,0.200000,2987,0,2987,5000,2451,2604,153,536,689,0.820556,0.941244
423,0.441148,65.500000,0.999939,0.000000,0.000000,0.000000,0.000000,0.591000,0.000000,0.591000,0.613800,0,0.600000,0.200000,0.200000,2955,0,2955,5000,2597,2804,207,358,565,0.878849,0.926177
424,0.797736,64.420000,1.023934,0.000000,0.000000,0.000000,0.000000,0.642800,0.000000,0.642800,0.595800,0,0.600000,0.200000,0.200000,3214,0,3214,5000,2515,2688,173,699,872,0.782514,0.935640
425,0.373182,66.870000,0.957258,0.000000,0.000000,0.000000,0.000000,0.641200,0.009000,0.641200,0.610800,1,0.600000,0.200000,0.200000,3206,45,3206,5000,2920,3136,216,286,502,0.910792,0.931122
426,0.529904,68.350000,0.921078,0.000000,0.000000,0.000000,0.000000,0.649600,0.000000,0.649600,0.642600,0,0.600000,0.200000,0.200000,3248,0,3248,5000,2776,2988,212,472,684,0.854680,0.929050
427,0.364907,65.780000,1.002617,0.000000,0.000000,0.000000,0.000000,0.657200,0.000000,0.657200,0.708600,0,0.600000,0.200000,0.200000,3286,0,3286,5000,3023,3212,189,263,452,0.919963,0.941158
428,0.301987,68.860000,0.918500,0.000000,0.000000,0.000000,0.000000,0.672000,0.000000,0.672000,0.677200,0,0.600000,0.200000,0.200000,3360,0,3360,5000,3228,3452,224,132,356,0.960714,0.935110
429,0.643499,63.970000,1.015237,0.000000,0.000000,0.000000,0.000000,0.620800,0.000000,0.620800,0.617400,0,0.600000,0.200000,0.200000,3104,0,3104,5000,2449,2620,171,655,826,0.788982,0.934733
430,0.403534,65.920000,0.972283,0.000000,0.000000,0.000000,0.000000,0.633600,0.011000,0.633600,0.614600,1,0.600000,0.200000,0.200000,3168,55,3168,5000,2992,3204,212,176,388,0.944444,0.933833
431,0.567186,65.420000,0.993030,0.000000,0.000000,0.000000,0.000000,0.613200,0.000000,0.613200,0.690200,0,0.600000,0.200000,0.200000,3066,0,3066,5000,2475,2632,157,591,748,0.807241,0.940350
432,0.271984,65.650000,1.007013,0.000000,0.000000,0.000000,0.000000,0.637200,0.000000,0.637200,0.700200,0,0.600000,0.200000,0.200000,3186,0,3186,5000,3060,3312,252,126,378,0.960452,0.923913
433,0.529583,68.070000,0.927273,0.000000,0.000000,0.000000,0.000000,0.608600,0.000000,0.608600,0.609200,0,0.600000,0.200000,0.200000,3043,0,3043,5000,2551,2704,153,492,645,0.838317,0.943417
434,0.206700,66.810000,0.995965,0.000000,0.000000,0.000000,0.000000,0.685600,0.000000,0.685600,0.694000,0,0.600000,0.200000,0.200000,3428,0,3428,5000,3356,3604,248,72,320,0.978996,0.931188
435,0.296178,63.050000,1.108750,0.000000,0.000000,0.000000,0.000000,0.644600,0.007000,0.644600,0.653400,1,0.600000,0.200000,0.200000,3223,35,3223,5000,3063,3284,221,160,381,0.950357,0.932704
436,0.293128,67.920000,0.968581,0.000000,0.000000,0.000000,0.000000,0.608200,0.000000,0.608200,0.617800,0,0.600000,0.200000,0.200000,3041,0,3041,5000,2894,3168,274,147,421,0.951661,0.913510
437,0.734044,66.840000,0.976645,0.000000,0.000000,0.000000,0.000000,0.593400,0.000000,0.593400,0.687200,0,0.600000,0.200000,0.200000,2967,0,2967,5000,2305,2480,175,662,837,0.776879,0.929435
438,0.237573,65.760000,1.049316,0.000000,0.000000,0.000000,0.000000,0.683200,0.000000,0.683200,0.704400,0,0.600000,0.200000,0.200000,3416,0,3416,5000,3311,3552,241,105,346,0.969262,0.932151
439,0.408933,68.460000,0.936911,0.000000,0.000000,0.000000,0.000000,0.592600,0.000000,0.592600,0.661400,0,0.600000,0.200000,0.200000,2963,0,2963,5000,2608,2784,176,355,531,0.880189,0.936782
440,0.679274,66.600000,0.978125,0.000000,0.000000,0.000000,0.000000,0.638400,0.012400,0.638400,0.677000,1,0.600000,0.200000,0.200000,3192,62,3192,5000,2533,2672,139,659,798,0.793546,0.947979
441,0.431624,67.310000,0.946579,0.000000,0.000000,0.000000,0.000000,0.686000,0.000000,0.686000,0.627800,0,0.600000,0.200000,0.200000,3430,0,3430,5000,3060,3248,188,370,558,0.892128,0.942118
442,0.448840,68.290000,0.946700,0.000000,0.000000,0.000000,0.000000,0.633600,0.000000,0.633600,0.657600,0,0.600000,0.200000,0.200000,3168,0,3168,5000,2783,2968,185,385,570,0.878472,0.937668
443,0.519470,68.620000,0.910402,0.000000,0.000000,0.000000,0.000000,0.685400,0.000000,0.685400,0.633600,0,0.600000,0.200000,0.200000,3427,0,3427,5000,2944,3104,160,483,643,0.859060,0.948454
444,0.564879,66.170000,0.977027,0.000000,0.000000,0.000000,0.000000,0.657000,0.000000,0.657000,0.639000,0,0.600000,0.200000,0.200000,3285,0,3285,5000,2678,2836,158,607,765,0.815221,0.944288
445,0.647181,65.750000,0.994673,0.000000,0.000000,0.000000,0.000000,0.579600,0.007600,0.579600,0.641200,1,0.600000,0.200000,0.200000,2898,38,2898,5000,2363,2536,173,535,708,0.815390,0.931782
446,0.429981,64.670000,1.023237,0.000000,0.000000,0.000000,0.000000,0.632600,0.000000,0.632600,0.649200,0,0.600000,0.200000,0.200000,3163,0,3163,5000,2812,2956,144,351,495,0.889029,0.951286
447,0.544598,69.270000,0.911286,0.000000,0.000000,0.000000,0.000000,0.671800,0.000000,0.671800,0.620600,0,0.600000,0.200000,0.200000,3359,0,3359,5000,2832,3000,168,527,695,0.843108,0.944000
448,0.736737,63.490000,1.045600,0.000000,0.000000,0.000000,0.000000,0.622400,0.000000,0.622400,0.634600,0,0.600000,0.200000,0.200000,3112,0,3112,5000,2445,2616,171,667,838,0.785668,0.934633
449,0.432585,61.920000,1.098868,0.000000,0.000000,0.000000,0.000000,0.666600,0.000000,0.666600,0.656400,0,0.600000,0.200000,0.200000,3333,0,3333,5000,2987,3200,213,346,559,0.896190,0.933437
450,0.464847,66.740000,0.965293,0.000000,0.000000,0.000000,0.000000,0.588000,0.010400,0.588000,0.604800,1,0.600000,0.200000,0.200000,2940,52,2940,5000,2536,2680,144,404,548,0.862585,0.946269
451,0.495934,65.360000,0.998029,0.000000,0.000000,0.000000,0.000000,0.647800,0.000000,0.647800,0.651200,0,0.600000,0.200000,0.200000,3239,0,3239,5000,2726,2896,170,513,683,0.841618,0.941298
452,0.673608,65.040000,1.006839,0.000000,0.000000,0.000000,0.000000,0.617400,0.000000,0.617400,0.672600,0,0.600000,0.200000,0.200000,3087,0,3087,5000,2394,2496,102,693,795,0.775510,0.959135
453,0.353299,65.280000,0.982813,0.000000,0.000000,0.000000,0.000000,0.653200,0.000000,0.653200,0.646800,0,0.600000,0.200000,0.200000,3266,0,3266,5000,2973,3236,263,293,556,0.910288,0.918727
454,0.413884,65.100000,0.988901,0.000000,0.000000,0.000000,0.000000,0.696400,0.000000,0.696400,0.644400,0,0.600000,0.200000,0.200000,3482,0,3482,5000,3126,3344,218,356,574,0.897760,0.934809
455,0.358713,65.940000,1.006332,0.000000,0.000000,0.000000,0.000000,0.648200,0.012400,0.648200,0.666800,1,0.600000,0.200000,0.200000,3241,62,3241,5000,2970,3152,182,271,453,0.916384,0.942259
456,0.221845,67.890000,0.973854,0.000000,0.000000,0.000000,0.000000,0.630400,0.000000,0.630400,0.682400,0,0.600000,0.200000,0.200000,3152,0,3152,5000,3075,3360,285,77,362,0.975571,0.915179
457,0.339269,68.570000,0.948850,0.000000,0.000000,0.000000,0.000000,0.602800,0.000000,0.602800,0.668600,0,0.600000,0.200000,0.200000,3014,0,3014,5000,2756,2956,200,258,458,0.914399,0.932341
458,0.699086,65.900000,1.005611,0.000000,0.000000,0.000000,0.000000,0.604400,0.000000,0.604400,0.659800,0,0.600000,0.200000,0.200000,3022,0,3022,5000,2260,2412,152,762,914,0.747849,0.936982
459,0.757575,66.420000,0.989391,0.000000,0.000000,0.000000,0.000000,0.586400,0.000000,0.586400,0.651600,0,0.600000,0.200000,0.200000,2932,0,2932,5000,2339,2472,133,593,726,0.797749,0.946197
460,0.782122,64.850000,1.011651,0.000000,0.000000,0.000000,0.000000,0.638000,0.012400,0.638000,0.640400,1,0.600000,0.200000,0.200000,3190,62,3190,5000,2267,2368,101,923,1024,0.710658,0.957348
461,0.395939,63.220000,1.078007,0.000000,0.000000,0.000000,0.000000,0.667600,0.000000,0.667600,0.679200,0,0.600000,0.200000,0.200000,3338,0,3338,5000,3119,3276,157,219,376,0.934392,0.952076
462,0.575860,64.970000,0.994449,0.000000,0.000000,0.000000,0.000000,0.712200,0.000000,0.712200,0.590200,0,0.600000,0.200000,0.200000,3561,0,3561,5000,3116,3452,336,445,781,0.875035,0.902665
463,0.301877,64.350000,1.075326,0.000000,0.000000,0.000000,0.000000,0.630600,0.000000,0.630600,0.602400,0,0.600000,0.200000,0.200000,3153,0,3153,5000,2999,3188,189,154,343,0.951158,0.940715
464,0.428967,67.560000,0.928303,0.000000,0.000000,0.000000,0.000000,0.639200,0.000000,0.639200,0.607800,0,0.600000,0.200000,0.200000,3196,0,3196,5000,2823,3012,189,373,562,0.883292,0.937251
465,0.302350,67.890000,0.974597,0.000000,0.000000,0.000000,0.000000,0.661400,0.008200,0.661400,0.649400,1,0.600000,0.200000,0.200000,3307,41,3307,5000,3089,3284,195,218,413,0.934079,0.940621
466,0.344995,65.650000,1.004282,0.000000,0.000000,0.000000,0.000000,0.662200,0.000000,0.662200,0.693200,0,0.600000,0.200000,0.200000,3311,0,3311,5000,3089,3300,211,222,433,0.932951,0.936061
467,0.693428,67.440000,0.950185,0.000000,0.000000,0.000000,0.000000,0.665200,0.000000,0.665200,0.611200,0,0.600000,0.200000,0.200000,3326,0,3326,5000,2537,2744,207,789,996,0.762778,0.924563
468,0.313624,63.510000,1.113876,0.000000,0.000000,0.000000,0.000000,0.745600,0.000000,0.745600,0.707400,0,0.600000,0.200000,0.200000,3728,0,3728,5000,3491,3720,229,237,466,0.936427,0.938441
469,0.326219,68.410000,0.913783,0.000000,0.000000,0.000000,0.000000,0.637800,0.000000,0.637800,0.627600,0,0.600000,0.200000,0.200000,3189,0,3189,5000,2951,3144,193,238,431,0.925368,0.938613
470,0.173393,69.140000,0.926976,0.000000,0.000000,0.000000,0.000000,0.777600,0.010800,0.777600,0.723800,1,0.600000,0.200000,0.200000,3888,54,3888,5000,3855,4208,353,33,386,0.991512,0.916112
471,0.387207,68.490000,0.933996,0.000000,0.000000,0.000000,0.000000,0.695200,0.000000,0.695200,0.646000,0,0.600000,0.200000,0.200000,3476,0,3476,5000,3138,3408,270,338,608,0.902762,0.920775
472,0.474894,65.610000,1.017832,0.000000,0.000000,0.000000,0.000000,0.666000,0.000000,0.666000,0.632000,0,0.600000,0.200000,0.200000,3330,0,3330,5000,2868,3108,240,462,702,0.861261,0.922780
473,0.605623,69.460000,0.897961,0.000000,0.000000,0.000000,0.000000,0.595200,0.000000,0.595200,0.620800,0,0.600000,0.200000,0.200000,2976,0,2976,5000,2502,2680,178,474,652,0.840726,0.933582
474,0.240031,67.810000,0.972905,0.000000,0.000000,0.000000,0.000000,0.638600,0.000000,0.638600,0.686800,0,0.600000,0.200000,0.200000,3193,0,3193,5000,3083,3332,249,110,359,0.965550,0.925270
475,0.609385,64.290000,1.047785,0.000000,0.000000,0.000000,0.000000,0.597400,0.011400,0.597400,0.698800,1,0.600000,0.200000,0.200000,2987,57,2987,5000,2377,2520,143,610,753,0.795782,0.943254
476,0.453641,67.990000,0.937679,0.000000,0.000000,0.000000,0.000000,0.588200,0.000000,0.588200,0.652400,0,0.600000,0.200000,0.200000,2941,0,2941,5000,2493,2680,187,448,635,0.847671,0.930224
477,0.322617,69.580000,0.893255,0.000000,0.000000,0.000000,0.000000,0.652400,0.000000,0.652400,0.672800,0,0.600000,0.200000,0.200000,3262,0,3262,5000,3039,3268,229,223,452,0.931637,0.929927
478,0.518836,67.890000,0.946579,0.000000,0.000000,0.000000,0.000000,0.653600,0.000000,0.653600,0.679400,0,0.600000,0.200000,0.200000,3268,0,3268,5000,2769,2976,207,499,706,0.847307,0.930444
479,0.441454,64.310000,1.055772,0.000000,0.000000,0.000000,0.000000,0.631800,0.000000,0.631800,0.671800,0,0.600000,0.200000,0.200000,3159,0,3159,5000,2809,2984,175,350,525,0.889205,0.941354
480,0.403428,63.270000,1.104201,0.000000,0.000000,0.000000,0.000000,0.642200,0.009200,0.642200,0.664600,1,0.600000,0.200000,0.200000,3211,46,3211,5000,2856,3088,232,355,587,0.889443,0.924870
481,0.368505,67.030000,0.968307,0.000000,0.000000,0.000000,0.000000,0.641400,0.000000,0.641400,0.634400,0,0.600000,0.200000,0.200000,3207,0,3207,5000,2992,3200,208,215,423,0.932959,0.935000
482,0.429741,67.530000,0.958548,0.000000,0.000000,0.000000,0.000000,0.669400,0.000000,0.669400,0.683000,0,0.600000,0.200000,0.200000,3347,0,3347,5000,3001,3216,215,346,561,0.896624,0.933147
483,0.460946,66.300000,0.982225,0.000000,0.000000,0.000000,0.000000,0.635000,0.000000,0.635000,0.666000,0,0.600000,0.200000,0.200000,3175,0,3175,5000,2885,3076,191,290,481,0.908661,0.937906
484,0.596804,65.230000,0.994773,0.000000,0.000000,0.000000,0.000000,0.692800,0.000000,0.692800,0.665600,0,0.600000,0.200000,0.200000,3464,0,3464,5000,2939,3100,161,525,686,0.848441,0.948065
485,0.296111,66.580000,1.002407,0.000000,0.000000,0.000000,0.000000,0.624400,0.010600,0.624400,0.649000,1,0.600000,0.200000,0.200000,3122,53,3122,5000,2967,3232,265,155,420,0.950352,0.918007
486,0.509947,66.050000,1.000731,0.000000,0.000000,0.000000,0.000000,0.614600,0.000000,0.614600,0.656600,0,0.600000,0.200000,0.200000,3073,0,3073,5000,2548,2808,260,525,785,0.829157,0.907407
487,0.373265,65.570000,1.027072,0.000000,0.000000,0.000000,0.000000,0.648200,0.000000,0.648200,0.639600,0,0.600000,0.200000,0.200000,3241,0,3241,5000,2929,3120,191,312,503,0.903733,0.938782
488,0.407516,69.170000,0.911873,0.000000,0.000000,0.000000,0.000000,0.680400,0.000000,0.680400,0.662800,0,0.600000,0.200000,0.200000,3402,0,3402,5000,3022,3252,230,380,610,0.888301,0.929274
489,0.475806,67.760000,0.936738,0.000000,0.000000,0.000000,0.000000,0.674600,0.000000,0.674600,0.669000,0,0.600000,0.200000,0.200000,3373,0,3373,5000,2907,3068,161,466,627,0.861844,0.947523
490,0.487415,69.050000,0.914516,0.000000,0.000000,0.000000,0.000000,0.642800,0.009800,0.642800,0.656000,1,0.600000,0.200000,0.200000,3214,49,3214,5000,2734,2900,166,480,646,0.850653,0.942759
491,0.414038,68.930000,0.916589,0.000000,0.000000,0.000000,0.000000,0.638400,0.000000,0.638400,0.690000,0,0.600000,0.200000,0.200000,3192,0,3192,5000,2848,3044,196,344,540,0.892231,0.935611
492,0.284165,66.670000,1.005477,0.000000,0.000000,0.000000,0.000000,0.710200,0.000000,0.710200,0.720600,0,0.600000,0.200000,0.200000,3551,0,3551,5000,3444,3704,260,107,367,0.969868,0.929806
493,0.480595,66.080000,0.998226,0.000000,0.000000,0.000000,0.000000,0.639600,0.000000,0.639600,0.664400,0,0.600000,0.200000,0.200000,3198,0,3198,5000,2786,3064,278,412,690,0.871169,0.909269
494,0.334588,70.120000,0.871341,0.000000,0.000000,0.000000,0.000000,0.652400,0.000000,0.652400,0.667600,0,0.600000,0.200000,0.200000,3262,0,3262,5000,2983,3192,209,279,488,0.914470,0.934524
495,0.389235,68.560000,0.941316,0.000000,0.000000,0.000000,0.000000,0.604800,0.008200,0.604800,0.721800,1,0.600000,0.200000,0.200000,3024,41,3024,5000,2701,2880,179,323,502,0.893188,0.937847
496,0.351373,67.840000,0.956826,0.000000,0.000000,0.000000,0.000000,0.607000,0.000000,0.607000,0.699000,0,0.600000,0.200000,0.200000,3035,0,3035,5000,2752,2936,184,283,467,0.906755,0.937330
497,0.486573,69.010000,0.894385,0.000000,0.000000,0.000000,0.000000,0.639600,0.000000,0.639600,0.637000,0,0.600000,0.200000,0.200000,3198,0,3198,5000,2696,2888,192,502,694,0.843027,0.933518
498,0.481116,61.390000,1.144841,0.000000,0.000000,0.000000,0.000000,0.639800,0.000000,0.639800,0.660200,0,0.600000,0.200000,0.200000,3199,0,3199,5000,2748,2944,196,451,647,0.859018,0.933424
499,0.478680,68.360000,0.938837,0.000000,0.000000,0.000000,0.000000,0.644600,0.000000,0.644600,0.620000,0,0.600000,0.200000,0.200000,3223,0,3223,5000,2848,3028,180,375,555,0.883649,0.940555
