epoch,train_loss,global_test_acc,global_test_loss,rec_apa,rec_loss,personal_apa,personal_loss,core_clean_ratio,recover_ratio,train_ratio,agreement_ratio,recovery_trigger,w_rn,w_rec,w_pfl,core_count,recover_count,train_count,total_count,actual_train_clean_count,actual_round_clean_count,missed_clean_count,false_clean_count,total_wrong_count,actual_train_clean_ratio,clean_recall
0,1.593179,19.340000,2.238696,0.000000,0.000000,0.000000,0.000000,1.000000,0.000000,1.000000,0.000000,0,1.000000,0.000000,0.000000,5000,0,5000,5000,3216,3216,0,1784,1784,0.643200,1.000000
1,1.615402,20.420000,2.209153,0.000000,0.000000,0.000000,0.000000,1.000000,0.000000,1.000000,0.000000,0,1.000000,0.000000,0.000000,5000,0,5000,5000,2980,2980,0,2020,2020,0.596000,1.000000
2,1.429481,16.490000,2.270735,0.000000,0.000000,0.000000,0.000000,1.000000,0.000000,1.000000,0.000000,0,1.000000,0.000000,0.000000,5000,0,5000,5000,3112,3112,0,1888,1888,0.622400,1.000000
3,1.573486,23.190000,2.159697,0.000000,0.000000,0.000000,0.000000,1.000000,0.000000,1.000000,0.000000,0,1.000000,0.000000,0.000000,5000,0,5000,5000,3096,3096,0,1904,1904,0.619200,1.000000
4,1.658547,26.730000,2.177514,0.000000,0.000000,0.000000,0.000000,1.000000,0.000000,1.000000,0.000000,0,1.000000,0.000000,0.000000,5000,0,5000,5000,2924,2924,0,2076,2076,0.584800,1.000000
5,1.902061,24.080000,2.173130,0.000000,0.000000,0.000000,0.000000,1.000000,0.000000,1.000000,0.000000,0,1.000000,0.000000,0.000000,5000,0,5000,5000,2272,2272,0,2728,2728,0.454400,1.000000
6,1.593893,25.310000,2.118191,0.000000,0.000000,0.000000,0.000000,1.000000,0.000000,1.000000,0.000000,0,1.000000,0.000000,0.000000,5000,0,5000,5000,3012,3012,0,1988,1988,0.602400,1.000000
7,1.412145,22.350000,2.167115,0.000000,0.000000,0.000000,0.000000,1.000000,0.000000,1.000000,0.000000,0,1.000000,0.000000,0.000000,5000,0,5000,5000,3164,3164,0,1836,1836,0.632800,1.000000
8,1.140468,25.450000,2.099051,0.000000,0.000000,0.000000,0.000000,1.000000,0.000000,1.000000,0.000000,0,1.000000,0.000000,0.000000,5000,0,5000,5000,3772,3772,0,1228,1228,0.754400,1.000000
9,1.540935,17.160000,2.128500,0.000000,0.000000,0.000000,0.000000,1.000000,0.000000,1.000000,0.000000,0,1.000000,0.000000,0.000000,5000,0,5000,5000,2752,2752,0,2248,2248,0.550400,1.000000
10,1.586031,20.070000,2.202537,0.000000,0.000000,0.000000,0.000000,1.000000,0.000000,1.000000,0.000000,0,1.000000,0.000000,0.000000,5000,0,5000,5000,2888,2888,0,2112,2112,0.577600,1.000000
11,1.548524,24.190000,2.112515,0.000000,0.000000,0.000000,0.000000,1.000000,0.000000,1.000000,0.000000,0,1.000000,0.000000,0.000000,5000,0,5000,5000,2940,2940,0,2060,2060,0.588000,1.000000
12,1.696785,26.690000,2.090212,0.000000,0.000000,0.000000,0.000000,1.000000,0.000000,1.000000,0.000000,0,1.000000,0.000000,0.000000,5000,0,5000,5000,2736,2736,0,2264,2264,0.547200,1.000000
13,1.479072,23.750000,2.111179,0.000000,0.000000,0.000000,0.000000,1.000000,0.000000,1.000000,0.000000,0,1.000000,0.000000,0.000000,5000,0,5000,5000,3148,3148,0,1852,1852,0.629600,1.000000
14,1.310936,24.900000,2.081095,0.000000,0.000000,0.000000,0.000000,1.000000,0.000000,1.000000,0.000000,0,1.000000,0.000000,0.000000,5000,0,5000,5000,3492,3492,0,1508,1508,0.698400,1.000000
15,1.478244,23.100000,2.092894,0.000000,0.000000,0.000000,0.000000,1.000000,0.000000,1.000000,0.000000,0,1.000000,0.000000,0.000000,5000,0,5000,5000,3160,3160,0,1840,1840,0.632000,1.000000
16,1.288280,28.250000,2.042604,0.000000,0.000000,0.000000,0.000000,1.000000,0.000000,1.000000,0.000000,0,1.000000,0.000000,0.000000,5000,0,5000,5000,3508,3508,0,1492,1492,0.701600,1.000000
17,1.641144,30.010000,2.019636,0.000000,0.000000,0.000000,0.000000,1.000000,0.000000,1.000000,0.000000,0,1.000000,0.000000,0.000000,5000,0,5000,5000,2780,2780,0,2220,2220,0.556000,1.000000
18,1.667572,27.780000,2.041171,0.000000,0.000000,0.000000,0.000000,1.000000,0.000000,1.000000,0.000000,0,1.000000,0.000000,0.000000,5000,0,5000,5000,2632,2632,0,2368,2368,0.526400,1.000000
19,1.672938,29.180000,2.053354,0.000000,0.000000,0.000000,0.000000,1.000000,0.000000,1.000000,0.000000,0,1.000000,0.000000,0.000000,5000,0,5000,5000,2716,2716,0,2284,2284,0.543200,1.000000
20,1.383707,27.780000,2.052107,0.000000,0.000000,0.000000,0.000000,1.000000,0.000000,1.000000,0.000000,0,1.000000,0.000000,0.000000,5000,0,5000,5000,3272,3272,0,1728,1728,0.654400,1.000000
21,1.502100,30.690000,2.047518,0.000000,0.000000,0.000000,0.000000,1.000000,0.000000,1.000000,0.000000,0,1.000000,0.000000,0.000000,5000,0,5000,5000,3172,3172,0,1828,1828,0.634400,1.000000
22,1.487840,26.080000,2.062722,0.000000,0.000000,0.000000,0.000000,1.000000,0.000000,1.000000,0.000000,0,1.000000,0.000000,0.000000,5000,0,5000,5000,3028,3028,0,1972,1972,0.605600,1.000000
23,1.499745,25.910000,2.079777,0.000000,0.000000,0.000000,0.000000,1.000000,0.000000,1.000000,0.000000,0,1.000000,0.000000,0.000000,5000,0,5000,5000,3004,3004,0,1996,1996,0.600800,1.000000
24,1.500205,26.010000,2.048809,0.000000,0.000000,0.000000,0.000000,1.000000,0.000000,1.000000,0.000000,0,1.000000,0.000000,0.000000,5000,0,5000,5000,3028,3028,0,1972,1972,0.605600,1.000000
25,1.356066,25.170000,2.071943,0.000000,0.000000,0.000000,0.000000,1.000000,0.000000,1.000000,0.000000,0,1.000000,0.000000,0.000000,5000,0,5000,5000,3364,3364,0,1636,1636,0.672800,1.000000
26,1.479987,27.270000,2.047686,0.000000,0.000000,0.000000,0.000000,1.000000,0.000000,1.000000,0.000000,0,1.000000,0.000000,0.000000,5000,0,5000,5000,3208,3208,0,1792,1792,0.641600,1.000000
27,1.362244,30.610000,2.027426,0.000000,0.000000,0.000000,0.000000,1.000000,0.000000,1.000000,0.000000,0,1.000000,0.000000,0.000000,5000,0,5000,5000,3324,3324,0,1676,1676,0.664800,1.000000
28,1.521839,30.750000,1.999726,0.000000,0.000000,0.000000,0.000000,1.000000,0.000000,1.000000,0.000000,0,1.000000,0.000000,0.000000,5000,0,5000,5000,2968,2968,0,2032,2032,0.593600,1.000000
29,1.408995,30.310000,2.017229,0.000000,0.000000,0.000000,0.000000,1.000000,0.000000,1.000000,0.000000,0,1.000000,0.000000,0.000000,5000,0,5000,5000,3264,3264,0,1736,1736,0.652800,1.000000
30,1.259204,20.680000,2.058272,0.000000,0.000000,0.000000,0.000000,1.000000,0.000000,1.000000,0.000000,0,1.000000,0.000000,0.000000,5000,0,5000,5000,3504,3504,0,1496,1496,0.700800,1.000000
31,1.461077,29.890000,2.024654,0.000000,0.000000,0.000000,0.000000,1.000000,0.000000,1.000000,0.000000,0,1.000000,0.000000,0.000000,5000,0,5000,5000,3148,3148,0,1852,1852,0.629600,1.000000
32,1.659883,31.540000,2.000782,0.000000,0.000000,0.000000,0.000000,1.000000,0.000000,1.000000,0.000000,0,1.000000,0.000000,0.000000,5000,0,5000,5000,2788,2788,0,2212,2212,0.557600,1.000000
33,1.677846,25.500000,2.094989,0.000000,0.000000,0.000000,0.000000,1.000000,0.000000,1.000000,0.000000,0,1.000000,0.000000,0.000000,5000,0,5000,5000,2796,2796,0,2204,2204,0.559200,1.000000
34,1.267847,30.980000,2.035802,0.000000,0.000000,0.000000,0.000000,1.000000,0.000000,1.000000,0.000000,0,1.000000,0.000000,0.000000,5000,0,5000,5000,3496,3496,0,1504,1504,0.699200,1.000000
35,1.558096,29.270000,2.027184,0.000000,0.000000,0.000000,0.000000,1.000000,0.000000,1.000000,0.000000,0,1.000000,0.000000,0.000000,5000,0,5000,5000,2908,2908,0,2092,2092,0.581600,1.000000
36,1.288989,21.870000,2.110521,0.000000,0.000000,0.000000,0.000000,1.000000,0.000000,1.000000,0.000000,0,1.000000,0.000000,0.000000,5000,0,5000,5000,3428,3428,0,1572,1572,0.685600,1.000000
37,1.425762,30.350000,1.999290,0.000000,0.000000,0.000000,0.000000,1.000000,0.000000,1.000000,0.000000,0,1.000000,0.000000,0.000000,5000,0,5000,5000,3196,3196,0,1804,1804,0.639200,1.000000
38,1.853801,28.370000,2.055209,0.000000,0.000000,0.000000,0.000000,1.000000,0.000000,1.000000,0.000000,0,1.000000,0.000000,0.000000,5000,0,5000,5000,2148,2148,0,2852,2852,0.429600,1.000000
39,1.492764,27.370000,2.077356,0.000000,0.000000,0.000000,0.000000,1.000000,0.000000,1.000000,0.000000,0,1.000000,0.000000,0.000000,5000,0,5000,5000,3172,3172,0,1828,1828,0.634400,1.000000
40,1.382422,26.530000,2.018949,0.000000,0.000000,0.000000,0.000000,1.000000,0.000000,1.000000,0.000000,0,1.000000,0.000000,0.000000,5000,0,5000,5000,3196,3196,0,1804,1804,0.639200,1.000000
41,1.442319,27.700000,2.011839,0.000000,0.000000,0.000000,0.000000,1.000000,0.000000,1.000000,0.000000,0,1.000000,0.000000,0.000000,5000,0,5000,5000,3036,3036,0,1964,1964,0.607200,1.000000
42,1.477227,33.600000,1.996693,0.000000,0.000000,0.000000,0.000000,1.000000,0.000000,1.000000,0.000000,0,1.000000,0.000000,0.000000,5000,0,5000,5000,3112,3112,0,1888,1888,0.622400,1.000000
43,1.386814,30.990000,2.031214,0.000000,0.000000,0.000000,0.000000,1.000000,0.000000,1.000000,0.000000,0,1.000000,0.000000,0.000000,5000,0,5000,5000,3152,3152,0,1848,1848,0.630400,1.000000
44,1.529408,31.120000,1.978301,0.000000,0.000000,0.000000,0.000000,1.000000,0.000000,1.000000,0.000000,0,1.000000,0.000000,0.000000,5000,0,5000,5000,2976,2976,0,2024,2024,0.595200,1.000000
45,1.387676,26.100000,2.032306,0.000000,0.000000,0.000000,0.000000,1.000000,0.000000,1.000000,0.000000,0,1.000000,0.000000,0.000000,5000,0,5000,5000,3204,3204,0,1796,1796,0.640800,1.000000
46,1.472524,25.120000,2.061948,0.000000,0.000000,0.000000,0.000000,1.000000,0.000000,1.000000,0.000000,0,1.000000,0.000000,0.000000,5000,0,5000,5000,2872,2872,0,2128,2128,0.574400,1.000000
47,1.276865,26.860000,2.028995,0.000000,0.000000,0.000000,0.000000,1.000000,0.000000,1.000000,0.000000,0,1.000000,0.000000,0.000000,5000,0,5000,5000,3396,3396,0,1604,1604,0.679200,1.000000
48,1.512195,25.730000,2.065780,0.000000,0.000000,0.000000,0.000000,1.000000,0.000000,1.000000,0.000000,0,1.000000,0.000000,0.000000,5000,0,5000,5000,2756,2756,0,2244,2244,0.551200,1.000000
49,1.745923,29.680000,2.045143,0.000000,0.000000,0.000000,0.000000,1.000000,0.000000,1.000000,0.000000,0,1.000000,0.000000,0.000000,5000,0,5000,5000,2452,2452,0,2548,2548,0.490400,1.000000
50,1.457223,25.760000,2.057180,0.000000,0.000000,0.000000,0.000000,1.000000,0.000000,1.000000,0.000000,0,1.000000,0.000000,0.000000,5000,0,5000,5000,2912,2912,0,2088,2088,0.582400,1.000000
51,1.653833,26.520000,2.059971,0.000000,0.000000,0.000000,0.000000,1.000000,0.000000,1.000000,0.000000,0,1.000000,0.000000,0.000000,5000,0,5000,5000,2612,2612,0,2388,2388,0.522400,1.000000
52,1.360789,28.060000,2.039853,0.000000,0.000000,0.000000,0.000000,1.000000,0.000000,1.000000,0.000000,0,1.000000,0.000000,0.000000,5000,0,5000,5000,3136,3136,0,1864,1864,0.627200,1.000000
53,1.427166,32.710000,1.991150,0.000000,0.000000,0.000000,0.000000,1.000000,0.000000,1.000000,0.000000,0,1.000000,0.000000,0.000000,5000,0,5000,5000,2952,2952,0,2048,2048,0.590400,1.000000
54,1.644635,27.740000,2.033798,0.000000,0.000000,0.000000,0.000000,1.000000,0.000000,1.000000,0.000000,0,1.000000,0.000000,0.000000,5000,0,5000,5000,2556,2556,0,2444,2444,0.511200,1.000000
55,1.152418,27.020000,2.008961,0.000000,0.000000,0.000000,0.000000,1.000000,0.000000,1.000000,0.000000,0,1.000000,0.000000,0.000000,5000,0,5000,5000,3536,3536,0,1464,1464,0.707200,1.000000
56,1.416434,28.100000,2.023185,0.000000,0.000000,0.000000,0.000000,1.000000,0.000000,1.000000,0.000000,0,1.000000,0.000000,0.000000,5000,0,5000,5000,3120,3120,0,1880,1880,0.624000,1.000000
57,1.362990,27.860000,2.042210,0.000000,0.000000,0.000000,0.000000,1.000000,0.000000,1.000000,0.000000,0,1.000000,0.000000,0.000000,5000,0,5000,5000,3276,3276,0,1724,1724,0.655200,1.000000
58,1.477598,30.830000,1.995990,0.000000,0.000000,0.000000,0.000000,1.000000,0.000000,1.000000,0.000000,0,1.000000,0.000000,0.000000,5000,0,5000,5000,3048,3048,0,1952,1952,0.609600,1.000000
59,1.203002,28.410000,2.005745,0.000000,0.000000,0.000000,0.000000,1.000000,0.000000,1.000000,0.000000,0,1.000000,0.000000,0.000000,5000,0,5000,5000,3620,3620,0,1380,1380,0.724000,1.000000
60,1.552680,28.750000,2.025130,0.000000,0.000000,0.000000,0.000000,1.000000,0.000000,1.000000,0.000000,0,1.000000,0.000000,0.000000,5000,0,5000,5000,2920,2920,0,2080,2080,0.584000,1.000000
61,1.232548,29.970000,2.015095,0.000000,0.000000,0.000000,0.000000,1.000000,0.000000,1.000000,0.000000,0,1.000000,0.000000,0.000000,5000,0,5000,5000,3400,3400,0,1600,1600,0.680000,1.000000
62,1.512022,26.920000,2.053273,0.000000,0.000000,0.000000,0.000000,1.000000,0.000000,1.000000,0.000000,0,1.000000,0.000000,0.000000,5000,0,5000,5000,2884,2884,0,2116,2116,0.576800,1.000000
63,1.441525,32.720000,1.972537,0.000000,0.000000,0.000000,0.000000,1.000000,0.000000,1.000000,0.000000,0,1.000000,0.000000,0.000000,5000,0,5000,5000,3140,3140,0,1860,1860,0.628000,1.000000
64,1.164815,27.030000,1.985707,0.000000,0.000000,0.000000,0.000000,1.000000,0.000000,1.000000,0.000000,0,1.000000,0.000000,0.000000,5000,0,5000,5000,3464,3464,0,1536,1536,0.692800,1.000000
65,1.609530,31.290000,1.985658,0.000000,0.000000,0.000000,0.000000,1.000000,0.000000,1.000000,0.000000,0,1.000000,0.000000,0.000000,5000,0,5000,5000,2692,2692,0,2308,2308,0.538400,1.000000
66,1.633568,31.310000,1.991508,0.000000,0.000000,0.000000,0.000000,1.000000,0.000000,1.000000,0.000000,0,1.000000,0.000000,0.000000,5000,0,5000,5000,2648,2648,0,2352,2352,0.529600,1.000000
67,1.449680,31.220000,1.986573,0.000000,0.000000,0.000000,0.000000,1.000000,0.000000,1.000000,0.000000,0,1.000000,0.000000,0.000000,5000,0,5000,5000,3004,3004,0,1996,1996,0.600800,1.000000
68,1.307776,31.390000,1.978192,0.000000,0.000000,0.000000,0.000000,1.000000,0.000000,1.000000,0.000000,0,1.000000,0.000000,0.000000,5000,0,5000,5000,3332,3332,0,1668,1668,0.666400,1.000000
69,1.591560,28.350000,2.031752,0.000000,0.000000,0.000000,0.000000,1.000000,0.000000,1.000000,0.000000,0,1.000000,0.000000,0.000000,5000,0,5000,5000,2700,2700,0,2300,2300,0.540000,1.000000
70,1.333912,31.250000,1.996891,0.000000,0.000000,0.000000,0.000000,1.000000,0.000000,1.000000,0.000000,0,1.000000,0.000000,0.000000,5000,0,5000,5000,3208,3208,0,1792,1792,0.641600,1.000000
71,1.559877,25.640000,2.051639,0.000000,0.000000,0.000000,0.000000,1.000000,0.000000,1.000000,0.000000,0,1.000000,0.000000,0.000000,5000,0,5000,5000,2824,2824,0,2176,2176,0.564800,1.000000
72,1.611085,26.130000,2.089101,0.000000,0.000000,0.000000,0.000000,1.000000,0.000000,1.000000,0.000000,0,1.000000,0.000000,0.000000,5000,0,5000,5000,2612,2612,0,2388,2388,0.522400,1.000000
73,1.447305,28.960000,2.065060,0.000000,0.000000,0.000000,0.000000,1.000000,0.000000,1.000000,0.000000,0,1.000000,0.000000,0.000000,5000,0,5000,5000,3000,3000,0,2000,2000,0.600000,1.000000
74,1.446817,19.650000,2.095203,0.000000,0.000000,0.000000,0.000000,1.000000,0.000000,1.000000,0.000000,0,1.000000,0.000000,0.000000,5000,0,5000,5000,2980,2980,0,2020,2020,0.596000,1.000000
75,1.185652,33.570000,1.964080,0.000000,0.000000,0.000000,0.000000,1.000000,0.000000,1.000000,0.000000,0,1.000000,0.000000,0.000000,5000,0,5000,5000,3596,3596,0,1404,1404,0.719200,1.000000
76,1.701196,30.320000,2.023658,0.000000,0.000000,0.000000,0.000000,1.000000,0.000000,1.000000,0.000000,0,1.000000,0.000000,0.000000,5000,0,5000,5000,2544,2544,0,2456,2456,0.508800,1.000000
77,1.109951,27.160000,2.051656,0.000000,0.000000,0.000000,0.000000,1.000000,0.000000,1.000000,0.000000,0,1.000000,0.000000,0.000000,5000,0,5000,5000,3592,3592,0,1408,1408,0.718400,1.000000
78,1.716028,28.120000,2.043663,0.000000,0.000000,0.000000,0.000000,1.000000,0.000000,1.000000,0.000000,0,1.000000,0.000000,0.000000,5000,0,5000,5000,2380,2380,0,2620,2620,0.476000,1.000000
79,1.244965,32.560000,1.985618,0.000000,0.000000,0.000000,0.000000,1.000000,0.000000,1.000000,0.000000,0,1.000000,0.000000,0.000000,5000,0,5000,5000,3336,3336,0,1664,1664,0.667200,1.000000
80,1.925890,29.470000,2.050560,0.000000,0.000000,0.000000,0.000000,1.000000,0.000000,1.000000,0.000000,0,1.000000,0.000000,0.000000,5000,0,5000,5000,1824,1824,0,3176,3176,0.364800,1.000000
81,1.595870,30.860000,2.018389,0.000000,0.000000,0.000000,0.000000,1.000000,0.000000,1.000000,0.000000,0,1.000000,0.000000,0.000000,5000,0,5000,5000,2576,2576,0,2424,2424,0.515200,1.000000
82,1.325433,31.850000,1.972724,0.000000,0.000000,0.000000,0.000000,1.000000,0.000000,1.000000,0.000000,0,1.000000,0.000000,0.000000,5000,0,5000,5000,3364,3364,0,1636,1636,0.672800,1.000000
83,1.615540,26.800000,2.087039,0.000000,0.000000,0.000000,0.000000,1.000000,0.000000,1.000000,0.000000,0,1.000000,0.000000,0.000000,5000,0,5000,5000,2552,2552,0,2448,2448,0.510400,1.000000
84,1.346760,29.970000,2.041785,0.000000,0.000000,0.000000,0.000000,1.000000,0.000000,1.000000,0.000000,0,1.000000,0.000000,0.000000,5000,0,5000,5000,3192,3192,0,1808,1808,0.638400,1.000000
85,1.328886,26.950000,2.089096,0.000000,0.000000,0.000000,0.000000,1.000000,0.000000,1.000000,0.000000,0,1.000000,0.000000,0.000000,5000,0,5000,5000,3024,3024,0,1976,1976,0.604800,1.000000
86,1.676975,27.020000,2.075300,0.000000,0.000000,0.000000,0.000000,1.000000,0.000000,1.000000,0.000000,0,1.000000,0.000000,0.000000,5000,0,5000,5000,2456,2456,0,2544,2544,0.491200,1.000000
87,1.338506,23.430000,2.103943,0.000000,0.000000,0.000000,0.000000,1.000000,0.000000,1.000000,0.000000,0,1.000000,0.000000,0.000000,5000,0,5000,5000,3204,3204,0,1796,1796,0.640800,1.000000
88,1.359626,26.770000,2.027404,0.000000,0.000000,0.000000,0.000000,1.000000,0.000000,1.000000,0.000000,0,1.000000,0.000000,0.000000,5000,0,5000,5000,3096,3096,0,1904,1904,0.619200,1.000000
89,1.554861,26.950000,2.055549,0.000000,0.000000,0.000000,0.000000,1.000000,0.000000,1.000000,0.000000,0,1.000000,0.000000,0.000000,5000,0,5000,5000,2840,2840,0,2160,2160,0.568000,1.000000
90,1.105726,29.470000,2.045357,0.000000,0.000000,0.000000,0.000000,1.000000,0.000000,1.000000,0.000000,0,1.000000,0.000000,0.000000,5000,0,5000,5000,3548,3548,0,1452,1452,0.709600,1.000000
91,1.397380,25.070000,2.068120,0.000000,0.000000,0.000000,0.000000,1.000000,0.000000,1.000000,0.000000,0,1.000000,0.000000,0.000000,5000,0,5000,5000,2784,2784,0,2216,2216,0.556800,1.000000
92,1.472834,20.690000,2.160596,0.000000,0.000000,0.000000,0.000000,1.000000,0.000000,1.000000,0.000000,0,1.000000,0.000000,0.000000,5000,0,5000,5000,2812,2812,0,2188,2188,0.562400,1.000000
93,1.130074,26.470000,2.084901,0.000000,0.000000,0.000000,0.000000,1.000000,0.000000,1.000000,0.000000,0,1.000000,0.000000,0.000000,5000,0,5000,5000,3648,3648,0,1352,1352,0.729600,1.000000
94,1.567878,27.420000,2.067991,0.000000,0.000000,0.000000,0.000000,1.000000,0.000000,1.000000,0.000000,0,1.000000,0.000000,0.000000,5000,0,5000,5000,2692,2692,0,2308,2308,0.538400,1.000000
95,0.841456,30.990000,1.991868,0.000000,0.000000,0.000000,0.000000,1.000000,0.000000,1.000000,0.000000,0,1.000000,0.000000,0.000000,5000,0,5000,5000,4060,4060,0,940,940,0.812000,1.000000
96,1.032387,32.030000,2.015935,0.000000,0.000000,0.000000,0.000000,1.000000,0.000000,1.000000,0.000000,0,1.000000,0.000000,0.000000,5000,0,5000,5000,3888,3888,0,1112,1112,0.777600,1.000000
97,1.813559,25.550000,2.083442,0.000000,0.000000,0.000000,0.000000,1.000000,0.000000,1.000000,0.000000,0,1.000000,0.000000,0.000000,5000,0,5000,5000,2108,2108,0,2892,2892,0.421600,1.000000
98,1.237953,25.270000,2.066523,0.000000,0.000000,0.000000,0.000000,1.000000,0.000000,1.000000,0.000000,0,1.000000,0.000000,0.000000,5000,0,5000,5000,3424,3424,0,1576,1576,0.684800,1.000000
99,1.069609,29.050000,2.018440,0.000000,0.000000,0.000000,0.000000,1.000000,0.000000,1.000000,0.000000,0,1.000000,0.000000,0.000000,5000,0,5000,5000,3648,3648,0,1352,1352,0.729600,1.000000
100,0.453425,28.590000,2.138993,0.000000,0.000000,0.000000,0.000000,0.548400,0.026000,0.548400,0.268400,1,1.000000,0.000000,0.000000,2742,130,2742,5000,2414,3124,710,328,1038,0.880379,0.772727
101,0.498451,28.960000,2.272600,0.000000,0.000000,0.000000,0.000000,0.556400,0.000000,0.556400,0.232200,0,1.000000,0.000000,0.000000,2782,0,2782,5000,2531,3176,645,251,896,0.909777,0.796914
102,0.381863,29.550000,2.315743,0.000000,0.000000,0.000000,0.000000,0.606000,0.000000,0.606000,0.253000,0,1.000000,0.000000,0.000000,3030,0,3030,5000,2696,3704,1008,334,1342,0.889769,0.727862
103,0.527840,38.940000,2.271136,0.000000,0.000000,0.000000,0.000000,0.606800,0.000000,0.606800,0.270800,0,1.000000,0.000000,0.000000,3034,0,3034,5000,2577,3356,779,457,1236,0.849374,0.767878
104,0.857772,31.400000,2.372678,0.000000,0.000000,0.000000,0.000000,0.593000,0.000000,0.593000,0.264600,0,1.000000,0.000000,0.000000,2965,0,2965,5000,2109,3108,999,856,1855,0.711298,0.678571
105,0.416259,28.500000,2.718168,0.000000,0.000000,0.000000,0.000000,0.485400,0.014600,0.485400,0.258200,1,1.000000,0.000000,0.000000,2427,73,2427,5000,2157,3700,1543,270,1813,0.888752,0.582973
106,0.728978,29.940000,2.565916,0.000000,0.000000,0.000000,0.000000,0.520000,0.000000,0.520000,0.220000,0,1.000000,0.000000,0.000000,2600,0,2600,5000,1878,2984,1106,722,1828,0.722308,0.629357
107,0.585527,27.640000,2.561298,0.000000,0.000000,0.000000,0.000000,0.590600,0.000000,0.590600,0.342400,0,1.000000,0.000000,0.000000,2953,0,2953,5000,2502,3680,1178,451,1629,0.847274,0.679891
108,0.519632,32.230000,2.617931,0.000000,0.000000,0.000000,0.000000,0.588200,0.000000,0.588200,0.404600,0,1.000000,0.000000,0.000000,2941,0,2941,5000,2483,3100,617,458,1075,0.844271,0.800968
109,0.562618,28.330000,2.591882,0.000000,0.000000,0.000000,0.000000,0.571800,0.000000,0.571800,0.333600,0,1.000000,0.000000,0.000000,2859,0,2859,5000,2440,3084,644,419,1063,0.853445,0.791180
110,1.190200,34.720000,2.400123,0.000000,0.000000,0.000000,0.000000,0.709400,0.004000,0.709400,0.197200,1,1.000000,0.000000,0.000000,3547,20,3547,5000,2128,2440,312,1419,1731,0.599944,0.872131
111,1.080202,36.280000,2.393634,0.000000,0.000000,0.000000,0.000000,0.704800,0.000000,0.704800,0.336400,0,1.000000,0.000000,0.000000,3524,0,3524,5000,2148,2692,544,1376,1920,0.609535,0.797920
112,0.476844,38.730000,2.321215,0.000000,0.000000,0.000000,0.000000,0.784200,0.000000,0.784200,0.356800,0,1.000000,0.000000,0.000000,3921,0,3921,5000,3536,3768,232,385,617,0.901811,0.938429
113,0.759657,31.860000,2.543914,0.000000,0.000000,0.000000,0.000000,0.648000,0.000000,0.648000,0.354200,0,1.000000,0.000000,0.000000,3240,0,3240,5000,2423,3444,1021,817,1838,0.747840,0.703542
114,1.140053,35.330000,2.440434,0.000000,0.000000,0.000000,0.000000,0.728800,0.000000,0.728800,0.344400,0,1.000000,0.000000,0.000000,3644,0,3644,5000,2126,2532,406,1518,1924,0.583425,0.839652
115,0.835629,26.670000,2.601771,0.000000,0.000000,0.000000,0.000000,0.745800,0.009200,0.745800,0.355800,1,1.000000,0.000000,0.000000,3729,46,3729,5000,2741,3000,259,988,1247,0.735050,0.913667
116,1.008800,28.880000,2.574805,0.000000,0.000000,0.000000,0.000000,0.765400,0.000000,0.765400,0.250000,0,1.000000,0.000000,0.000000,3827,0,3827,5000,2522,3084,562,1305,1867,0.659002,0.817769
117,0.697546,32.470000,2.619677,0.000000,0.000000,0.000000,0.000000,0.771000,0.000000,0.771000,0.280600,0,1.000000,0.000000,0.000000,3855,0,3855,5000,2987,3316,329,868,1197,0.774838,0.900784
118,1.048462,22.190000,2.781303,0.000000,0.000000,0.000000,0.000000,0.712600,0.000000,0.712600,0.419000,0,1.000000,0.000000,0.000000,3563,0,3563,5000,2195,2768,573,1368,1941,0.616054,0.792991
119,0.755723,24.650000,2.758110,0.000000,0.000000,0.000000,0.000000,0.704000,0.000000,0.704000,0.434400,0,1.000000,0.000000,0.000000,3520,0,3520,5000,2590,3208,618,930,1548,0.735795,0.807357
120,0.865797,27.130000,2.707317,0.000000,0.000000,0.000000,0.000000,0.732400,0.005400,0.732400,0.239000,1,1.000000,0.000000,0.000000,3662,27,3662,5000,2644,2996,352,1018,1370,0.722010,0.882510
121,0.996907,31.600000,2.510736,0.000000,0.000000,0.000000,0.000000,0.680400,0.000000,0.680400,0.269600,0,1.000000,0.000000,0.000000,3402,0,3402,5000,2175,3000,825,1227,2052,0.639330,0.725000
122,0.926011,30.040000,2.571673,0.000000,0.000000,0.000000,0.000000,0.797400,0.000000,0.797400,0.329200,0,1.000000,0.000000,0.000000,3987,0,3987,5000,2845,3144,299,1142,1441,0.713569,0.904898
123,1.102506,29.990000,2.487588,0.000000,0.000000,0.000000,0.000000,0.815400,0.000000,0.815400,0.439400,0,1.000000,0.000000,0.000000,4077,0,4077,5000,2571,2680,109,1506,1615,0.630611,0.959328
124,0.965408,26.320000,2.538439,0.000000,0.000000,0.000000,0.000000,0.784600,0.000000,0.784600,0.216600,0,1.000000,0.000000,0.000000,3923,0,3923,5000,2721,2820,99,1202,1301,0.693602,0.964894
125,0.901002,30.270000,2.299856,0.000000,0.000000,0.000000,0.000000,0.772400,0.005800,0.772400,0.339600,1,1.000000,0.000000,0.000000,3862,29,3862,5000,2717,3020,303,1145,1448,0.703521,0.899669
126,1.098822,24.580000,2.406465,0.000000,0.000000,0.000000,0.000000,0.793400,0.000000,0.793400,0.284800,0,1.000000,0.000000,0.000000,3967,0,3967,5000,2491,2764,273,1476,1749,0.627930,0.901230
127,1.114111,31.500000,2.311361,0.000000,0.000000,0.000000,0.000000,0.791600,0.000000,0.791600,0.199200,0,1.000000,0.000000,0.000000,3958,0,3958,5000,2372,2804,432,1586,2018,0.599293,0.845934
128,0.822634,20.660000,2.641277,0.000000,0.000000,0.000000,0.000000,0.722000,0.000000,0.722000,0.289600,0,1.000000,0.000000,0.000000,3610,0,3610,5000,2640,3432,792,970,1762,0.731302,0.769231
129,1.050725,26.300000,2.401867,0.000000,0.000000,0.000000,0.000000,0.849000,0.000000,0.849000,0.177800,0,1.000000,0.000000,0.000000,4245,0,4245,5000,2860,3060,200,1385,1585,0.673734,0.934641
130,1.051185,31.410000,2.318130,0.000000,0.000000,0.000000,0.000000,0.779200,0.001800,0.779200,0.267600,1,1.000000,0.000000,0.000000,3896,9,3896,5000,2571,2936,365,1325,1690,0.659908,0.875681
131,1.343660,28.780000,2.385145,0.000000,0.000000,0.000000,0.000000,0.854000,0.000000,0.854000,0.321000,0,1.000000,0.000000,0.000000,4270,0,4270,5000,2301,2412,111,1969,2080,0.538876,0.953980
132,0.984550,27.360000,2.383005,0.000000,0.000000,0.000000,0.000000,0.793800,0.000000,0.793800,0.381600,0,1.000000,0.000000,0.000000,3969,0,3969,5000,2738,2764,26,1231,1257,0.689846,0.990593
133,0.901778,29.910000,2.333584,0.000000,0.000000,0.000000,0.000000,0.795000,0.000000,0.795000,0.323200,0,1.000000,0.000000,0.000000,3975,0,3975,5000,2814,3100,286,1161,1447,0.707925,0.907742
134,0.809686,31.010000,2.342143,0.000000,0.000000,0.000000,0.000000,0.820000,0.000000,0.820000,0.364800,0,1.000000,0.000000,0.000000,4100,0,4100,5000,3064,3408,344,1036,1380,0.747317,0.899061
135,0.981055,32.000000,2.307780,0.000000,0.000000,0.000000,0.000000,0.771400,0.011600,0.771400,0.195800,1,1.000000,0.000000,0.000000,3857,58,3857,5000,2726,2940,214,1131,1345,0.706767,0.927211
136,0.632912,25.220000,2.455437,0.000000,0.000000,0.000000,0.000000,0.741000,0.000000,0.741000,0.375800,0,1.000000,0.000000,0.000000,3705,0,3705,5000,2993,3480,487,712,1199,0.807827,0.860057
137,0.958555,28.240000,2.431496,0.000000,0.000000,0.000000,0.000000,0.821000,0.000000,0.821000,0.224600,0,1.000000,0.000000,0.000000,4105,0,4105,5000,2810,3372,562,1295,1857,0.684531,0.833333
138,1.010315,33.180000,2.340639,0.000000,0.000000,0.000000,0.000000,0.847600,0.000000,0.847600,0.247600,0,1.000000,0.000000,0.000000,4238,0,4238,5000,2859,2892,33,1379,1412,0.674611,0.988589
139,0.947310,29.460000,2.433549,0.000000,0.000000,0.000000,0.000000,0.774600,0.000000,0.774600,0.300600,0,1.000000,0.000000,0.000000,3873,0,3873,5000,2502,3156,654,1371,2025,0.646011,0.792776
140,0.974429,27.930000,2.479653,0.000000,0.000000,0.000000,0.000000,0.721600,0.003400,0.721600,0.294200,1,1.000000,0.000000,0.000000,3608,17,3608,5000,2229,2660,431,1379,1810,0.617794,0.837970
141,1.121057,32.020000,2.356881,0.000000,0.000000,0.000000,0.000000,0.776200,0.000000,0.776200,0.201400,0,1.000000,0.000000,0.000000,3881,0,3881,5000,2396,2688,292,1485,1777,0.617367,0.891369
142,0.756157,27.050000,2.434627,0.000000,0.000000,0.000000,0.000000,0.783800,0.000000,0.783800,0.388400,0,1.000000,0.000000,0.000000,3919,0,3919,5000,2909,3176,267,1010,1277,0.742281,0.915932
143,0.690046,30.600000,2.363367,0.000000,0.000000,0.000000,0.000000,0.754000,0.000000,0.754000,0.176400,0,1.000000,0.000000,0.000000,3770,0,3770,5000,2989,3504,515,781,1296,0.792838,0.853025
144,0.771586,34.260000,2.275935,0.000000,0.000000,0.000000,0.000000,0.767600,0.000000,0.767600,0.298400,0,1.000000,0.000000,0.000000,3838,0,3838,5000,3009,3216,207,829,1036,0.784002,0.935634
145,0.644026,26.800000,2.510315,0.000000,0.000000,0.000000,0.000000,0.701800,0.002000,0.701800,0.383800,1,1.000000,0.000000,0.000000,3509,10,3509,5000,2884,3472,588,625,1213,0.821887,0.830645
146,1.006057,26.170000,2.487711,0.000000,0.000000,0.000000,0.000000,0.882800,0.000000,0.882800,0.309600,0,1.000000,0.000000,0.000000,4414,0,4414,5000,2953,3064,111,1461,1572,0.669008,0.963773
147,0.964749,34.710000,2.311552,0.000000,0.000000,0.000000,0.000000,0.718000,0.000000,0.718000,0.219000,0,1.000000,0.000000,0.000000,3590,0,3590,5000,2265,2884,619,1325,1944,0.630919,0.785368
148,1.009114,29.590000,2.453100,0.000000,0.000000,0.000000,0.000000,0.825200,0.000000,0.825200,0.304000,0,1.000000,0.000000,0.000000,4126,0,4126,5000,2665,2932,267,1461,1728,0.645904,0.908936
149,1.283038,30.710000,2.406390,0.000000,0.000000,0.000000,0.000000,0.764600,0.000000,0.764600,0.257000,0,1.000000,0.000000,0.000000,3823,0,3823,5000,1975,2896,921,1848,2769,0.516610,0.681975
150,1.143215,26.300000,2.482243,0.000000,0.000000,0.000000,0.000000,0.812400,0.002400,0.812400,0.275400,1,1.000000,0.000000,0.000000,4062,12,4062,5000,2422,2652,230,1640,1870,0.596258,0.913273
151,1.183030,32.690000,2.382980,0.000000,0.000000,0.000000,0.000000,0.778400,0.000000,0.778400,0.302600,0,1.000000,0.000000,0.000000,3892,0,3892,5000,2335,2984,649,1557,2206,0.599949,0.782507
152,1.002539,31.640000,2.357940,0.000000,0.000000,0.000000,0.000000,0.789000,0.000000,0.789000,0.334800,0,1.000000,0.000000,0.000000,3945,0,3945,5000,2548,2832,284,1397,1681,0.645881,0.899718
153,0.864205,34.370000,2.324707,0.000000,0.000000,0.000000,0.000000,0.828000,0.000000,0.828000,0.283600,0,1.000000,0.000000,0.000000,4140,0,4140,5000,3055,3260,205,1085,1290,0.737923,0.937117
154,0.660131,30.710000,2.441004,0.000000,0.000000,0.000000,0.000000,0.793200,0.000000,0.793200,0.442400,0,1.000000,0.000000,0.000000,3966,0,3966,5000,3165,3672,507,801,1308,0.798033,0.861928
155,1.126387,33.240000,2.330454,0.000000,0.000000,0.000000,0.000000,0.848800,0.005800,0.848800,0.359000,1,1.000000,0.000000,0.000000,4244,29,4244,5000,2592,2644,52,1652,1704,0.610745,0.980333
156,0.830412,26.800000,2.515627,0.000000,0.000000,0.000000,0.000000,0.812600,0.000000,0.812600,0.403600,0,1.000000,0.000000,0.000000,4063,0,4063,5000,2886,3200,314,1177,1491,0.710313,0.901875
157,0.977361,29.090000,2.451630,0.000000,0.000000,0.000000,0.000000,0.815800,0.000000,0.815800,0.252000,0,1.000000,0.000000,0.000000,4079,0,4079,5000,2895,3236,341,1184,1525,0.709733,0.894623
158,0.585226,33.710000,2.329586,0.000000,0.000000,0.000000,0.000000,0.744800,0.000000,0.744800,0.186000,0,1.000000,0.000000,0.000000,3724,0,3724,5000,3190,3796,606,534,1140,0.856606,0.840358
159,1.059787,29.390000,2.456557,0.000000,0.000000,0.000000,0.000000,0.703400,0.000000,0.703400,0.291200,0,1.000000,0.000000,0.000000,3517,0,3517,5000,2098,3024,926,1419,2345,0.596531,0.693783
160,1.115125,34.900000,2.373582,0.000000,0.000000,0.000000,0.000000,0.810000,0.002200,0.810000,0.318800,1,1.000000,0.000000,0.000000,4050,11,4050,5000,2497,2788,291,1553,1844,0.616543,0.895624
161,0.915283,32.990000,2.396672,0.000000,0.000000,0.000000,0.000000,0.793400,0.000000,0.793400,0.367200,0,1.000000,0.000000,0.000000,3967,0,3967,5000,2825,3248,423,1142,1565,0.712125,0.869766
162,1.069806,30.650000,2.408797,0.000000,0.000000,0.000000,0.000000,0.832400,0.000000,0.832400,0.286800,0,1.000000,0.000000,0.000000,4162,0,4162,5000,2828,3348,520,1334,1854,0.679481,0.844683
163,0.971841,31.460000,2.429937,0.000000,0.000000,0.000000,0.000000,0.738800,0.000000,0.738800,0.316400,0,1.000000,0.000000,0.000000,3694,0,3694,5000,2312,3312,1000,1382,2382,0.625880,0.698068
164,1.058116,29.770000,2.474129,0.000000,0.000000,0.000000,0.000000,0.842000,0.000000,0.842000,0.387600,0,1.000000,0.000000,0.000000,4210,0,4210,5000,2743,2824,81,1467,1548,0.651544,0.971317
165,1.068383,29.480000,2.428865,0.000000,0.000000,0.000000,0.000000,0.869800,0.002200,0.869800,0.352200,1,1.000000,0.000000,0.000000,4349,11,4349,5000,2986,2996,10,1363,1373,0.686595,0.996662
166,1.439955,35.310000,2.380256,0.000000,0.000000,0.000000,0.000000,0.868600,0.000000,0.868600,0.274800,0,1.000000,0.000000,0.000000,4343,0,4343,5000,2136,2444,308,2207,2515,0.491826,0.873977
167,0.911294,28.190000,2.484521,0.000000,0.000000,0.000000,0.000000,0.797800,0.000000,0.797800,0.366200,0,1.000000,0.000000,0.000000,3989,0,3989,5000,2849,3216,367,1140,1507,0.714214,0.885883
168,1.293503,28.460000,2.473972,0.000000,0.000000,0.000000,0.000000,0.755400,0.000000,0.755400,0.190200,0,1.000000,0.000000,0.000000,3777,0,3777,5000,2015,2924,909,1762,2671,0.533492,0.689124
169,0.887267,25.760000,2.533196,0.000000,0.000000,0.000000,0.000000,0.796000,0.000000,0.796000,0.359800,0,1.000000,0.000000,0.000000,3980,0,3980,5000,2879,3392,513,1101,1614,0.723367,0.848762
170,0.865543,28.970000,2.481281,0.000000,0.000000,0.000000,0.000000,0.883200,0.007000,0.883200,0.209400,1,1.000000,0.000000,0.000000,4416,35,4416,5000,3261,3336,75,1155,1230,0.738451,0.977518
171,1.093318,29.960000,2.540043,0.000000,0.000000,0.000000,0.000000,0.846600,0.000000,0.846600,0.264000,0,1.000000,0.000000,0.000000,4233,0,4233,5000,2731,2992,261,1502,1763,0.645169,0.912767
172,1.222953,32.300000,2.482085,0.000000,0.000000,0.000000,0.000000,0.868400,0.000000,0.868400,0.411600,0,1.000000,0.000000,0.000000,4342,0,4342,5000,2573,2752,179,1769,1948,0.592584,0.934956
173,0.984823,31.610000,2.504612,0.000000,0.000000,0.000000,0.000000,0.777200,0.000000,0.777200,0.352200,0,1.000000,0.000000,0.000000,3886,0,3886,5000,2602,3348,746,1284,2030,0.669583,0.777180
174,0.672969,32.340000,2.511628,0.000000,0.000000,0.000000,0.000000,0.802400,0.000000,0.802400,0.374200,0,1.000000,0.000000,0.000000,4012,0,4012,5000,3274,3392,118,738,856,0.816052,0.965212
175,1.253257,27.370000,2.505355,0.000000,0.000000,0.000000,0.000000,0.920800,0.000800,0.920800,0.372000,1,1.000000,0.000000,0.000000,4604,4,4604,5000,2817,2832,15,1787,1802,0.611859,0.994703
176,0.997339,33.110000,2.438709,0.000000,0.000000,0.000000,0.000000,0.814600,0.000000,0.814600,0.271600,0,1.000000,0.000000,0.000000,4073,0,4073,5000,2738,3048,310,1335,1645,0.672232,0.898294
177,0.857099,28.800000,2.503612,0.000000,0.000000,0.000000,0.000000,0.854200,0.000000,0.854200,0.346600,0,1.000000,0.000000,0.000000,4271,0,4271,5000,3163,3404,241,1108,1349,0.740576,0.929201
178,1.128727,32.230000,2.493906,0.000000,0.000000,0.000000,0.000000,0.708000,0.000000,0.708000,0.254000,0,1.000000,0.000000,0.000000,3540,0,3540,5000,2056,2976,920,1484,2404,0.580791,0.690860
179,0.869841,33.680000,2.399695,0.000000,0.000000,0.000000,0.000000,0.851000,0.000000,0.851000,0.298200,0,1.000000,0.000000,0.000000,4255,0,4255,5000,3083,3108,25,1172,1197,0.724559,0.991956
180,0.815163,38.800000,2.303233,0.000000,0.000000,0.000000,0.000000,0.867000,0.006600,0.867000,0.316800,1,1.000000,0.000000,0.000000,4335,33,4335,5000,3144,3336,192,1191,1383,0.725260,0.942446
181,0.800867,33.930000,2.369047,0.000000,0.000000,0.000000,0.000000,0.757800,0.000000,0.757800,0.368800,0,1.000000,0.000000,0.000000,3789,0,3789,5000,2830,3208,378,959,1337,0.746899,0.882170
182,1.500583,35.020000,2.386707,0.000000,0.000000,0.000000,0.000000,0.869000,0.000000,0.869000,0.346000,0,1.000000,0.000000,0.000000,4345,0,4345,5000,1863,2048,185,2482,2667,0.428769,0.909668
183,1.119909,27.400000,2.522565,0.000000,0.000000,0.000000,0.000000,0.892200,0.000000,0.892200,0.410400,0,1.000000,0.000000,0.000000,4461,0,4461,5000,2665,2732,67,1796,1863,0.597400,0.975476
184,1.228678,29.700000,2.461915,0.000000,0.000000,0.000000,0.000000,0.843200,0.000000,0.843200,0.252000,0,1.000000,0.000000,0.000000,4216,0,4216,5000,2307,2636,329,1909,2238,0.547201,0.875190
185,0.696535,32.290000,2.464653,0.000000,0.000000,0.000000,0.000000,0.803400,0.002800,0.803400,0.309200,1,1.000000,0.000000,0.000000,4017,14,4017,5000,3266,3740,474,751,1225,0.813045,0.873262
186,0.899534,22.980000,2.681477,0.000000,0.000000,0.000000,0.000000,0.841400,0.000000,0.841400,0.280200,0,1.000000,0.000000,0.000000,4207,0,4207,5000,3053,3308,255,1154,1409,0.725695,0.922914
187,1.039728,32.510000,2.516418,0.000000,0.000000,0.000000,0.000000,0.767000,0.000000,0.767000,0.240800,0,1.000000,0.000000,0.000000,3835,0,3835,5000,2351,3084,733,1484,2217,0.613038,0.762322
188,1.317241,28.960000,2.514560,0.000000,0.000000,0.000000,0.000000,0.846800,0.000000,0.846800,0.300400,0,1.000000,0.000000,0.000000,4234,0,4234,5000,2341,2712,371,1893,2264,0.552905,0.863201
189,1.082114,31.280000,2.440867,0.000000,0.000000,0.000000,0.000000,0.798400,0.000000,0.798400,0.315200,0,1.000000,0.000000,0.000000,3992,0,3992,5000,2560,3008,448,1432,1880,0.641283,0.851064
190,0.772720,33.180000,2.423662,0.000000,0.000000,0.000000,0.000000,0.872800,0.004000,0.872800,0.414600,1,1.000000,0.000000,0.000000,4364,20,4364,5000,3411,3536,125,953,1078,0.781622,0.964649
191,0.948745,36.100000,2.371928,0.000000,0.000000,0.000000,0.000000,0.809200,0.000000,0.809200,0.314000,0,1.000000,0.000000,0.000000,4046,0,4046,5000,2775,3196,421,1271,1692,0.685863,0.868273
192,1.186616,31.940000,2.452559,0.000000,0.000000,0.000000,0.000000,0.838600,0.000000,0.838600,0.370400,0,1.000000,0.000000,0.000000,4193,0,4193,5000,2479,2944,465,1714,2179,0.591223,0.842052
193,0.939694,34.830000,2.454044,0.000000,0.000000,0.000000,0.000000,0.827400,0.000000,0.827400,0.348600,0,1.000000,0.000000,0.000000,4137,0,4137,5000,2887,3116,229,1250,1479,0.697849,0.926508
194,0.968613,34.220000,2.396601,0.000000,0.000000,0.000000,0.000000,0.826600,0.000000,0.826600,0.393800,0,1.000000,0.000000,0.000000,4133,0,4133,5000,2818,3160,342,1315,1657,0.681829,0.891772
195,1.113635,33.910000,2.414117,0.000000,0.000000,0.000000,0.000000,0.865800,0.003800,0.865800,0.304400,1,1.000000,0.000000,0.000000,4329,19,4329,5000,2767,3072,305,1562,1867,0.639178,0.900716
196,1.313052,25.520000,2.568643,0.000000,0.000000,0.000000,0.000000,0.876200,0.000000,0.876200,0.285600,0,1.000000,0.000000,0.000000,4381,0,4381,5000,2496,2652,156,1885,2041,0.569733,0.941176
197,0.817014,30.880000,2.543856,0.000000,0.000000,0.000000,0.000000,0.861200,0.000000,0.861200,0.283600,0,1.000000,0.000000,0.000000,4306,0,4306,5000,3185,3272,87,1121,1208,0.739666,0.973411
198,1.078896,26.490000,2.608832,0.000000,0.000000,0.000000,0.000000,0.790000,0.000000,0.790000,0.165600,0,1.000000,0.000000,0.000000,3950,0,3950,5000,2490,2888,398,1460,1858,0.630380,0.862188
199,1.266502,32.280000,2.430780,0.000000,0.000000,0.000000,0.000000,0.901400,0.000000,0.901400,0.214000,0,1.000000,0.000000,0.000000,4507,0,4507,5000,2673,2848,175,1834,2009,0.593077,0.938553
