epoch,train_loss,global_test_acc,global_test_loss,rec_apa,rec_loss,personal_apa,personal_loss,core_clean_ratio,recover_ratio,train_ratio,agreement_ratio,recovery_trigger,w_rn,w_rec,w_pfl,core_count,recover_count,train_count,total_count,actual_train_clean_count,actual_round_clean_count,missed_clean_count,false_clean_count,total_wrong_count,actual_train_clean_ratio,clean_recall
0,1.250134,18.560000,2.228297,0.000000,0.000000,0.000000,0.000000,1.000000,0.000000,1.000000,0.000000,0,1.000000,0.000000,0.000000,25000,0,25000,25000,20184,20184,0,4816,4816,0.807360,1.000000
1,1.256407,25.830000,2.119230,0.000000,0.000000,0.000000,0.000000,1.000000,0.000000,1.000000,0.000000,0,1.000000,0.000000,0.000000,25000,0,25000,25000,19768,19768,0,5232,5232,0.790720,1.000000
2,1.238770,28.140000,2.064749,0.000000,0.000000,0.000000,0.000000,1.000000,0.000000,1.000000,0.000000,0,1.000000,0.000000,0.000000,25000,0,25000,25000,19668,19668,0,5332,5332,0.786720,1.000000
3,1.202364,30.020000,2.030851,0.000000,0.000000,0.000000,0.000000,1.000000,0.000000,1.000000,0.000000,0,1.000000,0.000000,0.000000,25000,0,25000,25000,19568,19568,0,5432,5432,0.782720,1.000000
4,1.101324,33.720000,1.990421,0.000000,0.000000,0.000000,0.000000,1.000000,0.000000,1.000000,0.000000,0,1.000000,0.000000,0.000000,25000,0,25000,25000,20342,20342,0,4658,4658,0.813680,1.000000
5,1.109521,34.760000,1.960171,0.000000,0.000000,0.000000,0.000000,1.000000,0.000000,1.000000,0.000000,0,1.000000,0.000000,0.000000,25000,0,25000,25000,20132,20132,0,4868,4868,0.805280,1.000000
6,1.129440,35.490000,1.942523,0.000000,0.000000,0.000000,0.000000,1.000000,0.000000,1.000000,0.000000,0,1.000000,0.000000,0.000000,25000,0,25000,25000,20042,20042,0,4958,4958,0.801680,1.000000
7,1.128939,33.220000,1.943820,0.000000,0.000000,0.000000,0.000000,1.000000,0.000000,1.000000,0.000000,0,1.000000,0.000000,0.000000,25000,0,25000,25000,19888,19888,0,5112,5112,0.795520,1.000000
8,1.052142,36.630000,1.921028,0.000000,0.000000,0.000000,0.000000,1.000000,0.000000,1.000000,0.000000,0,1.000000,0.000000,0.000000,25000,0,25000,25000,20562,20562,0,4438,4438,0.822480,1.000000
9,1.137018,40.220000,1.890582,0.000000,0.000000,0.000000,0.000000,1.000000,0.000000,1.000000,0.000000,0,1.000000,0.000000,0.000000,25000,0,25000,25000,19894,19894,0,5106,5106,0.795760,1.000000
10,1.102220,39.460000,1.888269,0.000000,0.000000,0.000000,0.000000,1.000000,0.000000,1.000000,0.000000,0,1.000000,0.000000,0.000000,25000,0,25000,25000,20072,20072,0,4928,4928,0.802880,1.000000
11,1.070137,39.360000,1.873551,0.000000,0.000000,0.000000,0.000000,1.000000,0.000000,1.000000,0.000000,0,1.000000,0.000000,0.000000,25000,0,25000,25000,20034,20034,0,4966,4966,0.801360,1.000000
12,1.031552,41.640000,1.853638,0.000000,0.000000,0.000000,0.000000,1.000000,0.000000,1.000000,0.000000,0,1.000000,0.000000,0.000000,25000,0,25000,25000,20474,20474,0,4526,4526,0.818960,1.000000
13,1.004547,41.510000,1.846424,0.000000,0.000000,0.000000,0.000000,1.000000,0.000000,1.000000,0.000000,0,1.000000,0.000000,0.000000,25000,0,25000,25000,20492,20492,0,4508,4508,0.819680,1.000000
14,1.107940,40.900000,1.852348,0.000000,0.000000,0.000000,0.000000,1.000000,0.000000,1.000000,0.000000,0,1.000000,0.000000,0.000000,25000,0,25000,25000,19876,19876,0,5124,5124,0.795040,1.000000
15,1.090927,40.530000,1.860946,0.000000,0.000000,0.000000,0.000000,1.000000,0.000000,1.000000,0.000000,0,1.000000,0.000000,0.000000,25000,0,25000,25000,19988,19988,0,5012,5012,0.799520,1.000000
16,1.119751,41.400000,1.847987,0.000000,0.000000,0.000000,0.000000,1.000000,0.000000,1.000000,0.000000,0,1.000000,0.000000,0.000000,25000,0,25000,25000,19754,19754,0,5246,5246,0.790160,1.000000
17,1.100707,41.620000,1.842022,0.000000,0.000000,0.000000,0.000000,1.000000,0.000000,1.000000,0.000000,0,1.000000,0.000000,0.000000,25000,0,25000,25000,19886,19886,0,5114,5114,0.795440,1.000000
18,1.102607,43.640000,1.828535,0.000000,0.000000,0.000000,0.000000,1.000000,0.000000,1.000000,0.000000,0,1.000000,0.000000,0.000000,25000,0,25000,25000,19822,19822,0,5178,5178,0.792880,1.000000
19,1.047711,42.300000,1.831738,0.000000,0.000000,0.000000,0.000000,1.000000,0.000000,1.000000,0.000000,0,1.000000,0.000000,0.000000,25000,0,25000,25000,20186,20186,0,4814,4814,0.807440,1.000000
20,1.143751,43.520000,1.833874,0.000000,0.000000,0.000000,0.000000,1.000000,0.000000,1.000000,0.000000,0,1.000000,0.000000,0.000000,25000,0,25000,25000,19488,19488,0,5512,5512,0.779520,1.000000
21,1.014650,41.560000,1.831344,0.000000,0.000000,0.000000,0.000000,1.000000,0.000000,1.000000,0.000000,0,1.000000,0.000000,0.000000,25000,0,25000,25000,20418,20418,0,4582,4582,0.816720,1.000000
22,1.065596,41.700000,1.832291,0.000000,0.000000,0.000000,0.000000,1.000000,0.000000,1.000000,0.000000,0,1.000000,0.000000,0.000000,25000,0,25000,25000,20032,20032,0,4968,4968,0.801280,1.000000
23,1.023766,41.700000,1.824316,0.000000,0.000000,0.000000,0.000000,1.000000,0.000000,1.000000,0.000000,0,1.000000,0.000000,0.000000,25000,0,25000,25000,20176,20176,0,4824,4824,0.807040,1.000000
24,1.052838,42.790000,1.804559,0.000000,0.000000,0.000000,0.000000,1.000000,0.000000,1.000000,0.000000,0,1.000000,0.000000,0.000000,25000,0,25000,25000,19962,19962,0,5038,5038,0.798480,1.000000
25,1.054355,43.660000,1.804014,0.000000,0.000000,0.000000,0.000000,1.000000,0.000000,1.000000,0.000000,0,1.000000,0.000000,0.000000,25000,0,25000,25000,20118,20118,0,4882,4882,0.804720,1.000000
26,1.089751,44.620000,1.790679,0.000000,0.000000,0.000000,0.000000,1.000000,0.000000,1.000000,0.000000,0,1.000000,0.000000,0.000000,25000,0,25000,25000,19840,19840,0,5160,5160,0.793600,1.000000
27,1.017299,39.400000,1.824618,0.000000,0.000000,0.000000,0.000000,1.000000,0.000000,1.000000,0.000000,0,1.000000,0.000000,0.000000,25000,0,25000,25000,20366,20366,0,4634,4634,0.814640,1.000000
28,1.025865,44.340000,1.795135,0.000000,0.000000,0.000000,0.000000,1.000000,0.000000,1.000000,0.000000,0,1.000000,0.000000,0.000000,25000,0,25000,25000,20152,20152,0,4848,4848,0.806080,1.000000
29,1.088508,42.200000,1.817833,0.000000,0.000000,0.000000,0.000000,1.000000,0.000000,1.000000,0.000000,0,1.000000,0.000000,0.000000,25000,0,25000,25000,19850,19850,0,5150,5150,0.794000,1.000000
30,1.073271,46.300000,1.791184,0.000000,0.000000,0.000000,0.000000,1.000000,0.000000,1.000000,0.000000,0,1.000000,0.000000,0.000000,25000,0,25000,25000,19740,19740,0,5260,5260,0.789600,1.000000
31,0.973693,45.100000,1.790369,0.000000,0.000000,0.000000,0.000000,1.000000,0.000000,1.000000,0.000000,0,1.000000,0.000000,0.000000,25000,0,25000,25000,20408,20408,0,4592,4592,0.816320,1.000000
32,1.135882,44.550000,1.800225,0.000000,0.000000,0.000000,0.000000,1.000000,0.000000,1.000000,0.000000,0,1.000000,0.000000,0.000000,25000,0,25000,25000,19334,19334,0,5666,5666,0.773360,1.000000
33,1.125553,43.500000,1.811065,0.000000,0.000000,0.000000,0.000000,1.000000,0.000000,1.000000,0.000000,0,1.000000,0.000000,0.000000,25000,0,25000,25000,19438,19438,0,5562,5562,0.777520,1.000000
34,1.024618,44.620000,1.790794,0.000000,0.000000,0.000000,0.000000,1.000000,0.000000,1.000000,0.000000,0,1.000000,0.000000,0.000000,25000,0,25000,25000,20134,20134,0,4866,4866,0.805360,1.000000
35,1.084713,44.060000,1.799190,0.000000,0.000000,0.000000,0.000000,1.000000,0.000000,1.000000,0.000000,0,1.000000,0.000000,0.000000,25000,0,25000,25000,19738,19738,0,5262,5262,0.789520,1.000000
36,1.002262,45.220000,1.785778,0.000000,0.000000,0.000000,0.000000,1.000000,0.000000,1.000000,0.000000,0,1.000000,0.000000,0.000000,25000,0,25000,25000,20196,20196,0,4804,4804,0.807840,1.000000
37,0.985190,44.970000,1.764493,0.000000,0.000000,0.000000,0.000000,1.000000,0.000000,1.000000,0.000000,0,1.000000,0.000000,0.000000,25000,0,25000,25000,20364,20364,0,4636,4636,0.814560,1.000000
38,0.996475,45.640000,1.768318,0.000000,0.000000,0.000000,0.000000,1.000000,0.000000,1.000000,0.000000,0,1.000000,0.000000,0.000000,25000,0,25000,25000,20178,20178,0,4822,4822,0.807120,1.000000
39,1.087858,46.240000,1.775935,0.000000,0.000000,0.000000,0.000000,1.000000,0.000000,1.000000,0.000000,0,1.000000,0.000000,0.000000,25000,0,25000,25000,19516,19516,0,5484,5484,0.780640,1.000000
40,0.982939,45.540000,1.765750,0.000000,0.000000,0.000000,0.000000,1.000000,0.000000,1.000000,0.000000,0,1.000000,0.000000,0.000000,25000,0,25000,25000,20372,20372,0,4628,4628,0.814880,1.000000
41,1.030483,42.760000,1.775027,0.000000,0.000000,0.000000,0.000000,1.000000,0.000000,1.000000,0.000000,0,1.000000,0.000000,0.000000,25000,0,25000,25000,19898,19898,0,5102,5102,0.795920,1.000000
42,1.096936,44.050000,1.789782,0.000000,0.000000,0.000000,0.000000,1.000000,0.000000,1.000000,0.000000,0,1.000000,0.000000,0.000000,25000,0,25000,25000,19460,19460,0,5540,5540,0.778400,1.000000
43,1.045820,44.140000,1.778916,0.000000,0.000000,0.000000,0.000000,1.000000,0.000000,1.000000,0.000000,0,1.000000,0.000000,0.000000,25000,0,25000,25000,19862,19862,0,5138,5138,0.794480,1.000000
44,1.039712,43.560000,1.787834,0.000000,0.000000,0.000000,0.000000,1.000000,0.000000,1.000000,0.000000,0,1.000000,0.000000,0.000000,25000,0,25000,25000,19968,19968,0,5032,5032,0.798720,1.000000
45,0.997101,46.610000,1.775534,0.000000,0.000000,0.000000,0.000000,1.000000,0.000000,1.000000,0.000000,0,1.000000,0.000000,0.000000,25000,0,25000,25000,20164,20164,0,4836,4836,0.806560,1.000000
46,1.028251,46.250000,1.762220,0.000000,0.000000,0.000000,0.000000,1.000000,0.000000,1.000000,0.000000,0,1.000000,0.000000,0.000000,25000,0,25000,25000,19746,19746,0,5254,5254,0.789840,1.000000
47,1.077373,45.780000,1.773288,0.000000,0.000000,0.000000,0.000000,1.000000,0.000000,1.000000,0.000000,0,1.000000,0.000000,0.000000,25000,0,25000,25000,19596,19596,0,5404,5404,0.783840,1.000000
48,1.005288,44.170000,1.770256,0.000000,0.000000,0.000000,0.000000,1.000000,0.000000,1.000000,0.000000,0,1.000000,0.000000,0.000000,25000,0,25000,25000,20162,20162,0,4838,4838,0.806480,1.000000
49,1.073473,45.430000,1.787901,0.000000,0.000000,0.000000,0.000000,1.000000,0.000000,1.000000,0.000000,0,1.000000,0.000000,0.000000,25000,0,25000,25000,19606,19606,0,5394,5394,0.784240,1.000000
50,0.971127,45.490000,1.771248,0.000000,0.000000,0.000000,0.000000,1.000000,0.000000,1.000000,0.000000,0,1.000000,0.000000,0.000000,25000,0,25000,25000,20246,20246,0,4754,4754,0.809840,1.000000
51,1.002042,42.670000,1.768666,0.000000,0.000000,0.000000,0.000000,1.000000,0.000000,1.000000,0.000000,0,1.000000,0.000000,0.000000,25000,0,25000,25000,20168,20168,0,4832,4832,0.806720,1.000000
52,1.035030,44.550000,1.766806,0.000000,0.000000,0.000000,0.000000,1.000000,0.000000,1.000000,0.000000,0,1.000000,0.000000,0.000000,25000,0,25000,25000,19696,19696,0,5304,5304,0.787840,1.000000
53,0.992598,41.400000,1.785749,0.000000,0.000000,0.000000,0.000000,1.000000,0.000000,1.000000,0.000000,0,1.000000,0.000000,0.000000,25000,0,25000,25000,19976,19976,0,5024,5024,0.799040,1.000000
54,0.969600,43.670000,1.771550,0.000000,0.000000,0.000000,0.000000,1.000000,0.000000,1.000000,0.000000,0,1.000000,0.000000,0.000000,25000,0,25000,25000,20248,20248,0,4752,4752,0.809920,1.000000
55,0.985954,46.120000,1.755676,0.000000,0.000000,0.000000,0.000000,1.000000,0.000000,1.000000,0.000000,0,1.000000,0.000000,0.000000,25000,0,25000,25000,20132,20132,0,4868,4868,0.805280,1.000000
56,1.064505,44.460000,1.756365,0.000000,0.000000,0.000000,0.000000,1.000000,0.000000,1.000000,0.000000,0,1.000000,0.000000,0.000000,25000,0,25000,25000,19438,19438,0,5562,5562,0.777520,1.000000
57,1.009790,43.350000,1.778599,0.000000,0.000000,0.000000,0.000000,1.000000,0.000000,1.000000,0.000000,0,1.000000,0.000000,0.000000,25000,0,25000,25000,19872,19872,0,5128,5128,0.794880,1.000000
58,1.004531,44.660000,1.764161,0.000000,0.000000,0.000000,0.000000,1.000000,0.000000,1.000000,0.000000,0,1.000000,0.000000,0.000000,25000,0,25000,25000,20080,20080,0,4920,4920,0.803200,1.000000
59,0.998547,44.190000,1.767137,0.000000,0.000000,0.000000,0.000000,1.000000,0.000000,1.000000,0.000000,0,1.000000,0.000000,0.000000,25000,0,25000,25000,20026,20026,0,4974,4974,0.801040,1.000000
60,1.034925,43.680000,1.771852,0.000000,0.000000,0.000000,0.000000,1.000000,0.000000,1.000000,0.000000,0,1.000000,0.000000,0.000000,25000,0,25000,25000,19808,19808,0,5192,5192,0.792320,1.000000
61,0.931469,44.780000,1.751746,0.000000,0.000000,0.000000,0.000000,1.000000,0.000000,1.000000,0.000000,0,1.000000,0.000000,0.000000,25000,0,25000,25000,20470,20470,0,4530,4530,0.818800,1.000000
62,0.973063,45.900000,1.736322,0.000000,0.000000,0.000000,0.000000,1.000000,0.000000,1.000000,0.000000,0,1.000000,0.000000,0.000000,25000,0,25000,25000,20140,20140,0,4860,4860,0.805600,1.000000
63,0.963692,45.040000,1.748970,0.000000,0.000000,0.000000,0.000000,1.000000,0.000000,1.000000,0.000000,0,1.000000,0.000000,0.000000,25000,0,25000,25000,20272,20272,0,4728,4728,0.810880,1.000000
64,0.955068,46.010000,1.739977,0.000000,0.000000,0.000000,0.000000,1.000000,0.000000,1.000000,0.000000,0,1.000000,0.000000,0.000000,25000,0,25000,25000,20350,20350,0,4650,4650,0.814000,1.000000
65,1.006148,46.160000,1.732086,0.000000,0.000000,0.000000,0.000000,1.000000,0.000000,1.000000,0.000000,0,1.000000,0.000000,0.000000,25000,0,25000,25000,19910,19910,0,5090,5090,0.796400,1.000000
66,1.014410,45.750000,1.739773,0.000000,0.000000,0.000000,0.000000,1.000000,0.000000,1.000000,0.000000,0,1.000000,0.000000,0.000000,25000,0,25000,25000,19830,19830,0,5170,5170,0.793200,1.000000
67,1.017566,42.030000,1.760427,0.000000,0.000000,0.000000,0.000000,1.000000,0.000000,1.000000,0.000000,0,1.000000,0.000000,0.000000,25000,0,25000,25000,19738,19738,0,5262,5262,0.789520,1.000000
68,0.960531,46.740000,1.731684,0.000000,0.000000,0.000000,0.000000,1.000000,0.000000,1.000000,0.000000,0,1.000000,0.000000,0.000000,25000,0,25000,25000,20158,20158,0,4842,4842,0.806320,1.000000
69,1.061111,44.670000,1.755887,0.000000,0.000000,0.000000,0.000000,1.000000,0.000000,1.000000,0.000000,0,1.000000,0.000000,0.000000,25000,0,25000,25000,19514,19514,0,5486,5486,0.780560,1.000000
70,1.010030,43.360000,1.763133,0.000000,0.000000,0.000000,0.000000,1.000000,0.000000,1.000000,0.000000,0,1.000000,0.000000,0.000000,25000,0,25000,25000,19778,19778,0,5222,5222,0.791120,1.000000
71,0.997537,46.140000,1.731817,0.000000,0.000000,0.000000,0.000000,1.000000,0.000000,1.000000,0.000000,0,1.000000,0.000000,0.000000,25000,0,25000,25000,19898,19898,0,5102,5102,0.795920,1.000000
72,0.953419,45.850000,1.717355,0.000000,0.000000,0.000000,0.000000,1.000000,0.000000,1.000000,0.000000,0,1.000000,0.000000,0.000000,25000,0,25000,25000,20224,20224,0,4776,4776,0.808960,1.000000
73,0.902052,45.170000,1.732306,0.000000,0.000000,0.000000,0.000000,1.000000,0.000000,1.000000,0.000000,0,1.000000,0.000000,0.000000,25000,0,25000,25000,20566,20566,0,4434,4434,0.822640,1.000000
74,0.956462,45.920000,1.733529,0.000000,0.000000,0.000000,0.000000,1.000000,0.000000,1.000000,0.000000,0,1.000000,0.000000,0.000000,25000,0,25000,25000,20004,20004,0,4996,4996,0.800160,1.000000
75,0.936844,46.880000,1.718282,0.000000,0.000000,0.000000,0.000000,1.000000,0.000000,1.000000,0.000000,0,1.000000,0.000000,0.000000,25000,0,25000,25000,20296,20296,0,4704,4704,0.811840,1.000000
76,1.007988,44.750000,1.735545,0.000000,0.000000,0.000000,0.000000,1.000000,0.000000,1.000000,0.000000,0,1.000000,0.000000,0.000000,25000,0,25000,25000,19886,19886,0,5114,5114,0.795440,1.000000
77,0.913579,45.530000,1.723778,0.000000,0.000000,0.000000,0.000000,1.000000,0.000000,1.000000,0.000000,0,1.000000,0.000000,0.000000,25000,0,25000,25000,20464,20464,0,4536,4536,0.818560,1.000000
78,0.963390,46.280000,1.709793,0.000000,0.000000,0.000000,0.000000,1.000000,0.000000,1.000000,0.000000,0,1.000000,0.000000,0.000000,25000,0,25000,25000,20034,20034,0,4966,4966,0.801360,1.000000
79,0.952298,44.690000,1.716863,0.000000,0.000000,0.000000,0.000000,1.000000,0.000000,1.000000,0.000000,0,1.000000,0.000000,0.000000,25000,0,25000,25000,20322,20322,0,4678,4678,0.812880,1.000000
80,1.003206,44.600000,1.724268,0.000000,0.000000,0.000000,0.000000,1.000000,0.000000,1.000000,0.000000,0,1.000000,0.000000,0.000000,25000,0,25000,25000,19780,19780,0,5220,5220,0.791200,1.000000
81,0.942104,45.200000,1.727939,0.000000,0.000000,0.000000,0.000000,1.000000,0.000000,1.000000,0.000000,0,1.000000,0.000000,0.000000,25000,0,25000,25000,20186,20186,0,4814,4814,0.807440,1.000000
82,0.965221,46.070000,1.720316,0.000000,0.000000,0.000000,0.000000,1.000000,0.000000,1.000000,0.000000,0,1.000000,0.000000,0.000000,25000,0,25000,25000,20110,20110,0,4890,4890,0.804400,1.000000
83,0.988281,46.300000,1.718381,0.000000,0.000000,0.000000,0.000000,1.000000,0.000000,1.000000,0.000000,0,1.000000,0.000000,0.000000,25000,0,25000,25000,19780,19780,0,5220,5220,0.791200,1.000000
84,0.999767,45.520000,1.729293,0.000000,0.000000,0.000000,0.000000,1.000000,0.000000,1.000000,0.000000,0,1.000000,0.000000,0.000000,25000,0,25000,25000,19836,19836,0,5164,5164,0.793440,1.000000
85,0.946806,44.400000,1.725387,0.000000,0.000000,0.000000,0.000000,1.000000,0.000000,1.000000,0.000000,0,1.000000,0.000000,0.000000,25000,0,25000,25000,20140,20140,0,4860,4860,0.805600,1.000000
86,1.006410,42.460000,1.737152,0.000000,0.000000,0.000000,0.000000,1.000000,0.000000,1.000000,0.000000,0,1.000000,0.000000,0.000000,25000,0,25000,25000,19768,19768,0,5232,5232,0.790720,1.000000
87,0.899770,45.790000,1.710454,0.000000,0.000000,0.000000,0.000000,1.000000,0.000000,1.000000,0.000000,0,1.000000,0.000000,0.000000,25000,0,25000,25000,20456,20456,0,4544,4544,0.818240,1.000000
88,0.996413,45.280000,1.724222,0.000000,0.000000,0.000000,0.000000,1.000000,0.000000,1.000000,0.000000,0,1.000000,0.000000,0.000000,25000,0,25000,25000,19840,19840,0,5160,5160,0.793600,1.000000
89,0.944142,45.770000,1.720457,0.000000,0.000000,0.000000,0.000000,1.000000,0.000000,1.000000,0.000000,0,1.000000,0.000000,0.000000,25000,0,25000,25000,20096,20096,0,4904,4904,0.803840,1.000000
90,0.914949,45.770000,1.719597,0.000000,0.000000,0.000000,0.000000,1.000000,0.000000,1.000000,0.000000,0,1.000000,0.000000,0.000000,25000,0,25000,25000,20334,20334,0,4666,4666,0.813360,1.000000
91,0.953050,45.010000,1.714215,0.000000,0.000000,0.000000,0.000000,1.000000,0.000000,1.000000,0.000000,0,1.000000,0.000000,0.000000,25000,0,25000,25000,20072,20072,0,4928,4928,0.802880,1.000000
92,1.018390,44.120000,1.741749,0.000000,0.000000,0.000000,0.000000,1.000000,0.000000,1.000000,0.000000,0,1.000000,0.000000,0.000000,25000,0,25000,25000,19496,19496,0,5504,5504,0.779840,1.000000
93,0.883499,44.490000,1.730983,0.000000,0.000000,0.000000,0.000000,1.000000,0.000000,1.000000,0.000000,0,1.000000,0.000000,0.000000,25000,0,25000,25000,20456,20456,0,4544,4544,0.818240,1.000000
94,1.005705,45.970000,1.717805,0.000000,0.000000,0.000000,0.000000,1.000000,0.000000,1.000000,0.000000,0,1.000000,0.000000,0.000000,25000,0,25000,25000,19556,19556,0,5444,5444,0.782240,1.000000
95,0.868871,44.910000,1.711703,0.000000,0.000000,0.000000,0.000000,1.000000,0.000000,1.000000,0.000000,0,1.000000,0.000000,0.000000,25000,0,25000,25000,20612,20612,0,4388,4388,0.824480,1.000000
96,0.983683,45.600000,1.704700,0.000000,0.000000,0.000000,0.000000,1.000000,0.000000,1.000000,0.000000,0,1.000000,0.000000,0.000000,25000,0,25000,25000,19760,19760,0,5240,5240,0.790400,1.000000
97,1.010416,45.390000,1.718620,0.000000,0.000000,0.000000,0.000000,1.000000,0.000000,1.000000,0.000000,0,1.000000,0.000000,0.000000,25000,0,25000,25000,19474,19474,0,5526,5526,0.778960,1.000000
98,0.939443,44.820000,1.721201,0.000000,0.000000,0.000000,0.000000,1.000000,0.000000,1.000000,0.000000,0,1.000000,0.000000,0.000000,25000,0,25000,25000,20134,20134,0,4866,4866,0.805360,1.000000
99,0.970094,44.530000,1.728217,0.000000,0.000000,0.000000,0.000000,1.000000,0.000000,1.000000,0.000000,0,1.000000,0.000000,0.000000,25000,0,25000,25000,19908,19908,0,5092,5092,0.796320,1.000000
100,0.244548,47.630000,1.623303,0.000000,0.000000,0.000000,0.000000,0.762200,0.015000,0.762200,0.454960,1,0.600000,0.200000,0.200000,19055,375,19055,25000,18911,20258,1347,144,1491,0.992443,0.933508
101,0.227053,51.510000,1.514127,0.000000,0.000000,0.000000,0.000000,0.733040,0.000000,0.733040,0.446800,0,0.600000,0.200000,0.200000,18326,0,18326,25000,18206,20010,1804,120,1924,0.993452,0.909845
102,0.213713,53.590000,1.445690,0.000000,0.000000,0.000000,0.000000,0.760160,0.000000,0.760160,0.472080,0,0.600000,0.200000,0.200000,19004,0,19004,25000,18902,20336,1434,102,1536,0.994633,0.929485
103,0.202788,52.450000,1.420355,0.000000,0.000000,0.000000,0.000000,0.749360,0.000000,0.749360,0.498960,0,0.600000,0.200000,0.200000,18734,0,18734,25000,18612,19674,1062,122,1184,0.993488,0.946020
104,0.204598,53.710000,1.395822,0.000000,0.000000,0.000000,0.000000,0.752560,0.000000,0.752560,0.490560,0,0.600000,0.200000,0.200000,18814,0,18814,25000,18710,20036,1326,104,1430,0.994472,0.933819
105,0.200633,54.340000,1.367144,0.000000,0.000000,0.000000,0.000000,0.758160,0.009760,0.758160,0.475600,1,0.600000,0.200000,0.200000,18954,244,18954,25000,18841,19936,1095,113,1208,0.994038,0.945074
106,0.197146,55.520000,1.330072,0.000000,0.000000,0.000000,0.000000,0.761320,0.000000,0.761320,0.517800,0,0.600000,0.200000,0.200000,19033,0,19033,25000,18940,20146,1206,93,1299,0.995114,0.940137
107,0.201358,56.400000,1.315039,0.000000,0.000000,0.000000,0.000000,0.742520,0.000000,0.742520,0.492040,0,0.600000,0.200000,0.200000,18563,0,18563,25000,18458,19568,1110,105,1215,0.994344,0.943275
108,0.180946,54.190000,1.326437,0.000000,0.000000,0.000000,0.000000,0.760520,0.000000,0.760520,0.540000,0,0.600000,0.200000,0.200000,19013,0,19013,25000,18896,19940,1044,117,1161,0.993846,0.947643
109,0.172312,55.290000,1.304776,0.000000,0.000000,0.000000,0.000000,0.751880,0.000000,0.751880,0.481320,0,0.600000,0.200000,0.200000,18797,0,18797,25000,18724,20032,1308,73,1381,0.996116,0.934704
110,0.159717,54.570000,1.297342,0.000000,0.000000,0.000000,0.000000,0.768880,0.009960,0.768880,0.508920,1,0.600000,0.200000,0.200000,19222,249,19222,25000,19144,20356,1212,78,1290,0.995942,0.940460
111,0.190485,53.030000,1.338200,0.000000,0.000000,0.000000,0.000000,0.743640,0.000000,0.743640,0.518640,0,0.600000,0.200000,0.200000,18591,0,18591,25000,18494,19670,1176,97,1273,0.994782,0.940214
112,0.175964,57.250000,1.254586,0.000000,0.000000,0.000000,0.000000,0.743520,0.000000,0.743520,0.460120,0,0.600000,0.200000,0.200000,18588,0,18588,25000,18495,20020,1525,93,1618,0.994997,0.923826
113,0.201739,57.480000,1.242192,0.000000,0.000000,0.000000,0.000000,0.759840,0.000000,0.759840,0.522760,0,0.600000,0.200000,0.200000,18996,0,18996,25000,18848,19944,1096,148,1244,0.992209,0.945046
114,0.181975,56.340000,1.266792,0.000000,0.000000,0.000000,0.000000,0.753440,0.000000,0.753440,0.521520,0,0.600000,0.200000,0.200000,18836,0,18836,25000,18762,19860,1098,74,1172,0.996071,0.944713
115,0.165898,58.470000,1.231451,0.000000,0.000000,0.000000,0.000000,0.763120,0.008440,0.763120,0.530200,1,0.600000,0.200000,0.200000,19078,211,19078,25000,19004,19998,994,74,1068,0.996121,0.950295
116,0.167077,59.370000,1.202344,0.000000,0.000000,0.000000,0.000000,0.769360,0.000000,0.769360,0.533840,0,0.600000,0.200000,0.200000,19234,0,19234,25000,19148,20184,1036,86,1122,0.995529,0.948672
117,0.172751,59.330000,1.207184,0.000000,0.000000,0.000000,0.000000,0.764880,0.000000,0.764880,0.533080,0,0.600000,0.200000,0.200000,19122,0,19122,25000,19016,20100,1084,106,1190,0.994457,0.946070
118,0.195444,59.560000,1.177934,0.000000,0.000000,0.000000,0.000000,0.775480,0.000000,0.775480,0.533480,0,0.600000,0.200000,0.200000,19387,0,19387,25000,19298,20440,1142,89,1231,0.995409,0.944129
119,0.167192,57.860000,1.226976,0.000000,0.000000,0.000000,0.000000,0.749040,0.000000,0.749040,0.544600,0,0.600000,0.200000,0.200000,18726,0,18726,25000,18617,19614,997,109,1106,0.994179,0.949169
120,0.183396,55.270000,1.249768,0.000000,0.000000,0.000000,0.000000,0.781480,0.009040,0.781480,0.553760,1,0.600000,0.200000,0.200000,19537,226,19537,25000,19440,20468,1028,97,1125,0.995035,0.949775
121,0.177591,59.290000,1.199735,0.000000,0.000000,0.000000,0.000000,0.754400,0.000000,0.754400,0.525080,0,0.600000,0.200000,0.200000,18860,0,18860,25000,18749,19886,1137,111,1248,0.994115,0.942824
122,0.177902,58.610000,1.200699,0.000000,0.000000,0.000000,0.000000,0.770400,0.000000,0.770400,0.572200,0,0.600000,0.200000,0.200000,19260,0,19260,25000,19169,20102,933,91,1024,0.995275,0.953587
123,0.165657,59.690000,1.190007,0.000000,0.000000,0.000000,0.000000,0.762400,0.000000,0.762400,0.558960,0,0.600000,0.200000,0.200000,19060,0,19060,25000,18958,19938,980,102,1082,0.994648,0.950848
124,0.170866,59.680000,1.183777,0.000000,0.000000,0.000000,0.000000,0.755800,0.000000,0.755800,0.556800,0,0.600000,0.200000,0.200000,18895,0,18895,25000,18782,19900,1118,113,1231,0.994020,0.943819
125,0.174244,58.430000,1.219813,0.000000,0.000000,0.000000,0.000000,0.744160,0.008960,0.744160,0.564520,1,0.600000,0.200000,0.200000,18604,224,18604,25000,18509,19528,1019,95,1114,0.994894,0.947819
126,0.181536,59.880000,1.169545,0.000000,0.000000,0.000000,0.000000,0.775040,0.000000,0.775040,0.552440,0,0.600000,0.200000,0.200000,19376,0,19376,25000,19279,20428,1149,97,1246,0.994994,0.943754
127,0.156867,57.750000,1.194315,0.000000,0.000000,0.000000,0.000000,0.750400,0.000000,0.750400,0.554760,0,0.600000,0.200000,0.200000,18760,0,18760,25000,18656,19676,1020,104,1124,0.994456,0.948160
128,0.171122,57.460000,1.206182,0.000000,0.000000,0.000000,0.000000,0.770400,0.000000,0.770400,0.549240,0,0.600000,0.200000,0.200000,19260,0,19260,25000,19158,20194,1036,102,1138,0.994704,0.948698
129,0.142439,57.280000,1.212823,0.000000,0.000000,0.000000,0.000000,0.770120,0.000000,0.770120,0.571360,0,0.600000,0.200000,0.200000,19253,0,19253,25000,19177,20082,905,76,981,0.996053,0.954935
130,0.164025,61.300000,1.131875,0.000000,0.000000,0.000000,0.000000,0.757920,0.010520,0.757920,0.557000,1,0.600000,0.200000,0.200000,18948,263,18948,25000,18860,19968,1108,88,1196,0.995356,0.944511
131,0.148962,59.890000,1.163499,0.000000,0.000000,0.000000,0.000000,0.776800,0.000000,0.776800,0.578400,0,0.600000,0.200000,0.200000,19420,0,19420,25000,19329,20260,931,91,1022,0.995314,0.954047
132,0.166428,60.320000,1.142296,0.000000,0.000000,0.000000,0.000000,0.763840,0.000000,0.763840,0.578440,0,0.600000,0.200000,0.200000,19096,0,19096,25000,19009,19910,901,87,988,0.995444,0.954746
133,0.159576,58.110000,1.200282,0.000000,0.000000,0.000000,0.000000,0.764240,0.000000,0.764240,0.565800,0,0.600000,0.200000,0.200000,19106,0,19106,25000,18994,20012,1018,112,1130,0.994138,0.949131
134,0.161814,61.490000,1.123518,0.000000,0.000000,0.000000,0.000000,0.770120,0.000000,0.770120,0.559600,0,0.600000,0.200000,0.200000,19253,0,19253,25000,19164,20144,980,89,1069,0.995377,0.951350
135,0.180746,59.830000,1.174233,0.000000,0.000000,0.000000,0.000000,0.765400,0.007400,0.765400,0.604120,1,0.600000,0.200000,0.200000,19135,185,19135,25000,19035,19920,885,100,985,0.994774,0.955572
136,0.156649,60.610000,1.146085,0.000000,0.000000,0.000000,0.000000,0.778400,0.000000,0.778400,0.572400,0,0.600000,0.200000,0.200000,19460,0,19460,25000,19375,20252,877,85,962,0.995632,0.956696
137,0.159061,60.930000,1.129877,0.000000,0.000000,0.000000,0.000000,0.754840,0.000000,0.754840,0.573560,0,0.600000,0.200000,0.200000,18871,0,18871,25000,18771,19728,957,100,1057,0.994701,0.951490
138,0.168134,59.960000,1.158267,0.000000,0.000000,0.000000,0.000000,0.756160,0.000000,0.756160,0.571160,0,0.600000,0.200000,0.200000,18904,0,18904,25000,18820,19736,916,84,1000,0.995556,0.953587
139,0.171584,60.520000,1.130520,0.000000,0.000000,0.000000,0.000000,0.773920,0.000000,0.773920,0.572560,0,0.600000,0.200000,0.200000,19348,0,19348,25000,19253,20256,1003,95,1098,0.995090,0.950484
140,0.169331,59.640000,1.154294,0.000000,0.000000,0.000000,0.000000,0.767280,0.006680,0.767280,0.580320,1,0.600000,0.200000,0.200000,19182,167,19182,25000,19092,19984,892,90,982,0.995308,0.955364
141,0.141588,60.540000,1.148565,0.000000,0.000000,0.000000,0.000000,0.790640,0.000000,0.790640,0.589840,0,0.600000,0.200000,0.200000,19766,0,19766,25000,19691,20620,929,75,1004,0.996206,0.954947
142,0.164075,56.560000,1.204806,0.000000,0.000000,0.000000,0.000000,0.776480,0.000000,0.776480,0.580960,0,0.600000,0.200000,0.200000,19412,0,19412,25000,19322,20272,950,90,1040,0.995364,0.953137
143,0.184370,61.090000,1.132234,0.000000,0.000000,0.000000,0.000000,0.771320,0.000000,0.771320,0.559680,0,0.600000,0.200000,0.200000,19283,0,19283,25000,19195,20256,1061,88,1149,0.995436,0.947620
144,0.181862,57.810000,1.170951,0.000000,0.000000,0.000000,0.000000,0.767280,0.000000,0.767280,0.585680,0,0.600000,0.200000,0.200000,19182,0,19182,25000,19072,19952,880,110,990,0.994265,0.955894
145,0.148177,59.320000,1.186540,0.000000,0.000000,0.000000,0.000000,0.779360,0.007880,0.779360,0.593600,1,0.600000,0.200000,0.200000,19484,197,19484,25000,19408,20334,926,76,1002,0.996099,0.954461
146,0.161037,61.050000,1.133319,0.000000,0.000000,0.000000,0.000000,0.774280,0.000000,0.774280,0.584440,0,0.600000,0.200000,0.200000,19357,0,19357,25000,19260,20160,900,97,997,0.994989,0.955357
147,0.152965,59.930000,1.145969,0.000000,0.000000,0.000000,0.000000,0.751440,0.000000,0.751440,0.589320,0,0.600000,0.200000,0.200000,18786,0,18786,25000,18689,19714,1025,97,1122,0.994837,0.948006
148,0.150765,61.570000,1.098677,0.000000,0.000000,0.000000,0.000000,0.783240,0.000000,0.783240,0.580760,0,0.600000,0.200000,0.200000,19581,0,19581,25000,19490,20430,940,91,1031,0.995353,0.953989
149,0.159015,60.240000,1.140594,0.000000,0.000000,0.000000,0.000000,0.780920,0.000000,0.780920,0.584320,0,0.600000,0.200000,0.200000,19523,0,19523,25000,19435,20430,995,88,1083,0.995492,0.951297
150,0.179713,59.450000,1.148937,0.000000,0.000000,0.000000,0.000000,0.758600,0.007240,0.758600,0.604200,1,0.600000,0.200000,0.200000,18965,181,18965,25000,18852,19782,930,113,1043,0.994042,0.952988
151,0.160931,58.420000,1.182007,0.000000,0.000000,0.000000,0.000000,0.757840,0.000000,0.757840,0.609120,0,0.600000,0.200000,0.200000,18946,0,18946,25000,18826,19638,812,120,932,0.993666,0.958652
152,0.153815,60.200000,1.151359,0.000000,0.000000,0.000000,0.000000,0.759240,0.000000,0.759240,0.569080,0,0.600000,0.200000,0.200000,18981,0,18981,25000,18883,19794,911,98,1009,0.994837,0.953976
153,0.147214,60.510000,1.143979,0.000000,0.000000,0.000000,0.000000,0.767080,0.000000,0.767080,0.598200,0,0.600000,0.200000,0.200000,19177,0,19177,25000,19086,20046,960,91,1051,0.995255,0.952110
154,0.148770,62.380000,1.095982,0.000000,0.000000,0.000000,0.000000,0.784760,0.000000,0.784760,0.596400,0,0.600000,0.200000,0.200000,19619,0,19619,25000,19545,20448,903,74,977,0.996228,0.955839
155,0.139238,60.110000,1.155253,0.000000,0.000000,0.000000,0.000000,0.766600,0.006200,0.766600,0.622760,1,0.600000,0.200000,0.200000,19165,155,19165,25000,19085,19870,785,80,865,0.995826,0.960493
156,0.144238,59.450000,1.168987,0.000000,0.000000,0.000000,0.000000,0.765160,0.000000,0.765160,0.611160,0,0.600000,0.200000,0.200000,19129,0,19129,25000,19037,19904,867,92,959,0.995191,0.956441
157,0.169887,62.160000,1.094589,0.000000,0.000000,0.000000,0.000000,0.766200,0.000000,0.766200,0.604320,0,0.600000,0.200000,0.200000,19155,0,19155,25000,19060,19956,896,95,991,0.995040,0.955101
158,0.179490,59.230000,1.140844,0.000000,0.000000,0.000000,0.000000,0.756320,0.000000,0.756320,0.604160,0,0.600000,0.200000,0.200000,18908,0,18908,25000,18798,19674,876,110,986,0.994182,0.955474
159,0.141907,61.920000,1.110197,0.000000,0.000000,0.000000,0.000000,0.782400,0.000000,0.782400,0.603320,0,0.600000,0.200000,0.200000,19560,0,19560,25000,19485,20428,943,75,1018,0.996166,0.953838
160,0.144606,63.570000,1.072451,0.000000,0.000000,0.000000,0.000000,0.760680,0.007320,0.760680,0.608960,1,0.600000,0.200000,0.200000,19017,183,19017,25000,18923,19818,895,94,989,0.995057,0.954839
161,0.169029,62.160000,1.105536,0.000000,0.000000,0.000000,0.000000,0.779920,0.000000,0.779920,0.619400,0,0.600000,0.200000,0.200000,19498,0,19498,25000,19404,20270,866,94,960,0.995179,0.957277
162,0.143926,61.540000,1.116643,0.000000,0.000000,0.000000,0.000000,0.770880,0.000000,0.770880,0.608240,0,0.600000,0.200000,0.200000,19272,0,19272,25000,19168,20094,926,104,1030,0.994604,0.953917
163,0.149448,62.550000,1.081833,0.000000,0.000000,0.000000,0.000000,0.786360,0.000000,0.786360,0.603960,0,0.600000,0.200000,0.200000,19659,0,19659,25000,19573,20454,881,86,967,0.995625,0.956928
164,0.176756,62.110000,1.097159,0.000000,0.000000,0.000000,0.000000,0.769640,0.000000,0.769640,0.617560,0,0.600000,0.200000,0.200000,19241,0,19241,25000,19144,20046,902,97,999,0.994959,0.955003
165,0.157873,61.780000,1.106992,0.000000,0.000000,0.000000,0.000000,0.769520,0.007200,0.769520,0.585040,1,0.600000,0.200000,0.200000,19238,180,19238,25000,19133,19932,799,105,904,0.994542,0.959914
166,0.170494,61.560000,1.098875,0.000000,0.000000,0.000000,0.000000,0.760000,0.000000,0.760000,0.614760,0,0.600000,0.200000,0.200000,19000,0,19000,25000,18919,19840,921,81,1002,0.995737,0.953579
167,0.150933,63.900000,1.049328,0.000000,0.000000,0.000000,0.000000,0.788320,0.000000,0.788320,0.602040,0,0.600000,0.200000,0.200000,19708,0,19708,25000,19624,20530,906,84,990,0.995738,0.955869
168,0.123657,60.910000,1.130267,0.000000,0.000000,0.000000,0.000000,0.779440,0.000000,0.779440,0.625920,0,0.600000,0.200000,0.200000,19486,0,19486,25000,19413,20218,805,73,878,0.996254,0.960184
169,0.166342,62.620000,1.075928,0.000000,0.000000,0.000000,0.000000,0.767920,0.000000,0.767920,0.572840,0,0.600000,0.200000,0.200000,19198,0,19198,25000,19091,20064,973,107,1080,0.994427,0.951505
170,0.149270,63.460000,1.064818,0.000000,0.000000,0.000000,0.000000,0.766600,0.006880,0.766600,0.615360,1,0.600000,0.200000,0.200000,19165,172,19165,25000,19059,19876,817,106,923,0.994469,0.958895
171,0.132527,63.270000,1.075552,0.000000,0.000000,0.000000,0.000000,0.769840,0.000000,0.769840,0.627960,0,0.600000,0.200000,0.200000,19246,0,19246,25000,19168,19922,754,78,832,0.995947,0.962152
172,0.124986,62.670000,1.084787,0.000000,0.000000,0.000000,0.000000,0.761720,0.000000,0.761720,0.632200,0,0.600000,0.200000,0.200000,19043,0,19043,25000,18968,19734,766,75,841,0.996062,0.961184
173,0.116134,63.030000,1.090163,0.000000,0.000000,0.000000,0.000000,0.764040,0.000000,0.764040,0.614600,0,0.600000,0.200000,0.200000,19101,0,19101,25000,19034,19848,814,67,881,0.996492,0.958988
174,0.146971,63.270000,1.064754,0.000000,0.000000,0.000000,0.000000,0.799160,0.000000,0.799160,0.613920,0,0.600000,0.200000,0.200000,19979,0,19979,25000,19901,20694,793,78,871,0.996096,0.961680
175,0.160012,61.460000,1.101266,0.000000,0.000000,0.000000,0.000000,0.784280,0.006200,0.784280,0.616880,1,0.600000,0.200000,0.200000,19607,155,19607,25000,19500,20328,828,107,935,0.994543,0.959268
176,0.137185,62.410000,1.080056,0.000000,0.000000,0.000000,0.000000,0.773520,0.000000,0.773520,0.620040,0,0.600000,0.200000,0.200000,19338,0,19338,25000,19268,19946,678,70,748,0.996380,0.966008
177,0.161645,62.480000,1.089418,0.000000,0.000000,0.000000,0.000000,0.763720,0.000000,0.763720,0.596440,0,0.600000,0.200000,0.200000,19093,0,19093,25000,19014,19850,836,79,915,0.995862,0.957884
178,0.143992,63.020000,1.061275,0.000000,0.000000,0.000000,0.000000,0.774600,0.000000,0.774600,0.604040,0,0.600000,0.200000,0.200000,19365,0,19365,25000,19290,20106,816,75,891,0.996127,0.959415
179,0.138964,62.560000,1.084970,0.000000,0.000000,0.000000,0.000000,0.770920,0.000000,0.770920,0.624240,0,0.600000,0.200000,0.200000,19273,0,19273,25000,19184,19990,806,89,895,0.995382,0.959680
180,0.159532,62.670000,1.074842,0.000000,0.000000,0.000000,0.000000,0.790920,0.006840,0.790920,0.621720,1,0.600000,0.200000,0.200000,19773,171,19773,25000,19673,20558,885,100,985,0.994943,0.956951
181,0.146591,62.960000,1.084654,0.000000,0.000000,0.000000,0.000000,0.778760,0.000000,0.778760,0.637200,0,0.600000,0.200000,0.200000,19469,0,19469,25000,19388,20172,784,81,865,0.995840,0.961134
182,0.126807,63.190000,1.069634,0.000000,0.000000,0.000000,0.000000,0.779360,0.000000,0.779360,0.649760,0,0.600000,0.200000,0.200000,19484,0,19484,25000,19383,20210,827,101,928,0.994816,0.959080
183,0.135467,62.760000,1.080252,0.000000,0.000000,0.000000,0.000000,0.778200,0.000000,0.778200,0.625920,0,0.600000,0.200000,0.200000,19455,0,19455,25000,19382,20146,764,73,837,0.996248,0.962077
184,0.140236,61.650000,1.096618,0.000000,0.000000,0.000000,0.000000,0.784680,0.000000,0.784680,0.638080,0,0.600000,0.200000,0.200000,19617,0,19617,25000,19522,20256,734,95,829,0.995157,0.963764
185,0.152490,63.830000,1.044135,0.000000,0.000000,0.000000,0.000000,0.781880,0.007760,0.781880,0.630720,1,0.600000,0.200000,0.200000,19547,194,19547,25000,19453,20358,905,94,999,0.995191,0.955546
186,0.152058,62.510000,1.082970,0.000000,0.000000,0.000000,0.000000,0.798280,0.000000,0.798280,0.626960,0,0.600000,0.200000,0.200000,19957,0,19957,25000,19859,20708,849,98,947,0.995089,0.959001
187,0.149288,63.160000,1.057294,0.000000,0.000000,0.000000,0.000000,0.768200,0.000000,0.768200,0.623920,0,0.600000,0.200000,0.200000,19205,0,19205,25000,19118,19888,770,87,857,0.995470,0.961283
188,0.158454,59.640000,1.130362,0.000000,0.000000,0.000000,0.000000,0.786640,0.000000,0.786640,0.616920,0,0.600000,0.200000,0.200000,19666,0,19666,25000,19560,20338,778,106,884,0.994610,0.961746
189,0.137359,64.140000,1.046696,0.000000,0.000000,0.000000,0.000000,0.774400,0.000000,0.774400,0.597160,0,0.600000,0.200000,0.200000,19360,0,19360,25000,19276,20104,828,84,912,0.995661,0.958814
190,0.150262,61.550000,1.090893,0.000000,0.000000,0.000000,0.000000,0.798080,0.005800,0.798080,0.638680,1,0.600000,0.200000,0.200000,19952,145,19952,25000,19882,20614,732,70,802,0.996492,0.964490
191,0.163658,65.420000,1.008453,0.000000,0.000000,0.000000,0.000000,0.768200,0.000000,0.768200,0.627160,0,0.600000,0.200000,0.200000,19205,0,19205,25000,19110,20000,890,95,985,0.995053,0.955500
192,0.157137,64.240000,1.046412,0.000000,0.000000,0.000000,0.000000,0.766720,0.000000,0.766720,0.620800,0,0.600000,0.200000,0.200000,19168,0,19168,25000,19065,19856,791,103,894,0.994626,0.960163
193,0.151081,62.420000,1.078446,0.000000,0.000000,0.000000,0.000000,0.773360,0.000000,0.773360,0.637480,0,0.600000,0.200000,0.200000,19334,0,19334,25000,19234,20020,786,100,886,0.994828,0.960739
194,0.124743,63.060000,1.050888,0.000000,0.000000,0.000000,0.000000,0.790040,0.000000,0.790040,0.625360,0,0.600000,0.200000,0.200000,19751,0,19751,25000,19689,20564,875,62,937,0.996861,0.957450
195,0.159290,63.530000,1.045926,0.000000,0.000000,0.000000,0.000000,0.762000,0.006920,0.762000,0.626240,1,0.600000,0.200000,0.200000,19050,173,19050,25000,18929,19692,763,121,884,0.993648,0.961253
196,0.140336,62.200000,1.087316,0.000000,0.000000,0.000000,0.000000,0.793480,0.000000,0.793480,0.635800,0,0.600000,0.200000,0.200000,19837,0,19837,25000,19751,20540,789,86,875,0.995665,0.961587
197,0.136555,64.610000,1.024059,0.000000,0.000000,0.000000,0.000000,0.770760,0.000000,0.770760,0.605640,0,0.600000,0.200000,0.200000,19269,0,19269,25000,19182,20036,854,87,941,0.995485,0.957377
198,0.154799,63.820000,1.043862,0.000000,0.000000,0.000000,0.000000,0.764920,0.000000,0.764920,0.647920,0,0.600000,0.200000,0.200000,19123,0,19123,25000,19018,19650,632,105,737,0.994509,0.967837
199,0.125880,64.280000,1.041543,0.000000,0.000000,0.000000,0.000000,0.774880,0.000000,0.774880,0.653880,0,0.600000,0.200000,0.200000,19372,0,19372,25000,19290,20122,832,82,914,0.995767,0.958652
200,0.131113,64.640000,1.029125,0.000000,0.000000,0.000000,0.000000,0.765320,0.006240,0.765320,0.627840,1,0.600000,0.200000,0.200000,19133,156,19133,25000,19049,19842,793,84,877,0.995610,0.960034
201,0.144504,64.480000,1.030380,0.000000,0.000000,0.000000,0.000000,0.771880,0.000000,0.771880,0.622160,0,0.600000,0.200000,0.200000,19297,0,19297,25000,19204,19996,792,93,885,0.995181,0.960392
202,0.130352,62.470000,1.081923,0.000000,0.000000,0.000000,0.000000,0.775640,0.000000,0.775640,0.637440,0,0.600000,0.200000,0.200000,19391,0,19391,25000,19311,20128,817,80,897,0.995874,0.959410
203,0.157023,64.230000,1.054226,0.000000,0.000000,0.000000,0.000000,0.786920,0.000000,0.786920,0.644720,0,0.600000,0.200000,0.200000,19673,0,19673,25000,19574,20336,762,99,861,0.994968,0.962530
204,0.144415,63.270000,1.054863,0.000000,0.000000,0.000000,0.000000,0.749160,0.000000,0.749160,0.639760,0,0.600000,0.200000,0.200000,18729,0,18729,25000,18629,19380,751,100,851,0.994661,0.961249
205,0.136968,64.790000,1.019244,0.000000,0.000000,0.000000,0.000000,0.772080,0.005760,0.772080,0.651840,1,0.600000,0.200000,0.200000,19302,144,19302,25000,19227,19958,731,75,806,0.996114,0.963373
206,0.127819,62.540000,1.098999,0.000000,0.000000,0.000000,0.000000,0.767640,0.000000,0.767640,0.663880,0,0.600000,0.200000,0.200000,19191,0,19191,25000,19113,19902,789,78,867,0.995936,0.960356
207,0.134359,63.620000,1.053603,0.000000,0.000000,0.000000,0.000000,0.778600,0.000000,0.778600,0.657680,0,0.600000,0.200000,0.200000,19465,0,19465,25000,19381,20136,755,84,839,0.995685,0.962505
208,0.128843,60.440000,1.135971,0.000000,0.000000,0.000000,0.000000,0.773600,0.000000,0.773600,0.649560,0,0.600000,0.200000,0.200000,19340,0,19340,25000,19266,19994,728,74,802,0.996174,0.963589
209,0.131046,63.400000,1.058038,0.000000,0.000000,0.000000,0.000000,0.767440,0.000000,0.767440,0.656400,0,0.600000,0.200000,0.200000,19186,0,19186,25000,19107,19990,883,79,962,0.995882,0.955828
210,0.147653,63.670000,1.059587,0.000000,0.000000,0.000000,0.000000,0.787000,0.006240,0.787000,0.636200,1,0.600000,0.200000,0.200000,19675,156,19675,25000,19578,20292,714,97,811,0.995070,0.964814
211,0.136309,62.540000,1.086497,0.000000,0.000000,0.000000,0.000000,0.784200,0.000000,0.784200,0.646800,0,0.600000,0.200000,0.200000,19605,0,19605,25000,19517,20306,789,88,877,0.995511,0.961144
212,0.123863,65.690000,0.996323,0.000000,0.000000,0.000000,0.000000,0.762600,0.000000,0.762600,0.639560,0,0.600000,0.200000,0.200000,19065,0,19065,25000,18994,19676,682,71,753,0.996276,0.965338
213,0.136338,64.180000,1.031516,0.000000,0.000000,0.000000,0.000000,0.785200,0.000000,0.785200,0.666040,0,0.600000,0.200000,0.200000,19630,0,19630,25000,19536,20362,826,94,920,0.995211,0.959434
214,0.148215,65.650000,1.013554,0.000000,0.000000,0.000000,0.000000,0.768160,0.000000,0.768160,0.662200,0,0.600000,0.200000,0.200000,19204,0,19204,25000,19106,19862,756,98,854,0.994897,0.961937
215,0.140015,63.920000,1.040782,0.000000,0.000000,0.000000,0.000000,0.784560,0.004880,0.784560,0.652200,1,0.600000,0.200000,0.200000,19614,122,19614,25000,19546,20292,746,68,814,0.996533,0.963237
216,0.114028,64.330000,1.051949,0.000000,0.000000,0.000000,0.000000,0.789680,0.000000,0.789680,0.675360,0,0.600000,0.200000,0.200000,19742,0,19742,25000,19682,20486,804,60,864,0.996961,0.960754
217,0.137485,61.980000,1.100141,0.000000,0.000000,0.000000,0.000000,0.775600,0.000000,0.775600,0.645440,0,0.600000,0.200000,0.200000,19390,0,19390,25000,19298,19958,660,92,752,0.995255,0.966931
218,0.125396,64.420000,1.033012,0.000000,0.000000,0.000000,0.000000,0.772840,0.000000,0.772840,0.654800,0,0.600000,0.200000,0.200000,19321,0,19321,25000,19239,20008,769,82,851,0.995756,0.961565
219,0.122857,65.140000,1.014330,0.000000,0.000000,0.000000,0.000000,0.786120,0.000000,0.786120,0.661200,0,0.600000,0.200000,0.200000,19653,0,19653,25000,19582,20362,780,71,851,0.996387,0.961693
220,0.150336,66.220000,0.989981,0.000000,0.000000,0.000000,0.000000,0.780920,0.005600,0.780920,0.657360,1,0.600000,0.200000,0.200000,19523,140,19523,25000,19422,20182,760,101,861,0.994827,0.962343
221,0.141257,65.400000,1.005651,0.000000,0.000000,0.000000,0.000000,0.788360,0.000000,0.788360,0.643520,0,0.600000,0.200000,0.200000,19709,0,19709,25000,19635,20402,767,74,841,0.996245,0.962406
222,0.116556,64.150000,1.048683,0.000000,0.000000,0.000000,0.000000,0.797560,0.000000,0.797560,0.669400,0,0.600000,0.200000,0.200000,19939,0,19939,25000,19866,20736,870,73,943,0.996339,0.958044
223,0.133480,66.370000,0.980637,0.000000,0.000000,0.000000,0.000000,0.785760,0.000000,0.785760,0.644480,0,0.600000,0.200000,0.200000,19644,0,19644,25000,19565,20248,683,79,762,0.995978,0.966268
224,0.140947,65.710000,0.993758,0.000000,0.000000,0.000000,0.000000,0.774040,0.000000,0.774040,0.652960,0,0.600000,0.200000,0.200000,19351,0,19351,25000,19281,20032,751,70,821,0.996383,0.962510
225,0.126606,65.360000,1.008780,0.000000,0.000000,0.000000,0.000000,0.773360,0.007000,0.773360,0.644200,1,0.600000,0.200000,0.200000,19334,175,19334,25000,19246,20078,832,88,920,0.995448,0.958562
226,0.128118,65.420000,1.013116,0.000000,0.000000,0.000000,0.000000,0.788280,0.000000,0.788280,0.668760,0,0.600000,0.200000,0.200000,19707,0,19707,25000,19632,20358,726,75,801,0.996194,0.964338
227,0.118095,65.090000,1.020807,0.000000,0.000000,0.000000,0.000000,0.802800,0.000000,0.802800,0.680600,0,0.600000,0.200000,0.200000,20070,0,20070,25000,19996,20616,620,74,694,0.996313,0.969926
228,0.110836,63.800000,1.050362,0.000000,0.000000,0.000000,0.000000,0.773080,0.000000,0.773080,0.663920,0,0.600000,0.200000,0.200000,19327,0,19327,25000,19242,19976,734,85,819,0.995602,0.963256
229,0.114121,63.410000,1.060865,0.000000,0.000000,0.000000,0.000000,0.777360,0.000000,0.777360,0.669360,0,0.600000,0.200000,0.200000,19434,0,19434,25000,19350,20084,734,84,818,0.995678,0.963453
230,0.131977,62.840000,1.074766,0.000000,0.000000,0.000000,0.000000,0.766200,0.005880,0.766200,0.650520,1,0.600000,0.200000,0.200000,19155,147,19155,25000,19065,19810,745,90,835,0.995301,0.962393
231,0.123411,64.990000,1.025835,0.000000,0.000000,0.000000,0.000000,0.773680,0.000000,0.773680,0.661440,0,0.600000,0.200000,0.200000,19342,0,19342,25000,19247,19974,727,95,822,0.995088,0.963603
232,0.131483,64.680000,1.034471,0.000000,0.000000,0.000000,0.000000,0.757880,0.000000,0.757880,0.672280,0,0.600000,0.200000,0.200000,18947,0,18947,25000,18860,19602,742,87,829,0.995408,0.962147
233,0.145306,65.560000,1.014478,0.000000,0.000000,0.000000,0.000000,0.769440,0.000000,0.769440,0.679320,0,0.600000,0.200000,0.200000,19236,0,19236,25000,19137,19800,663,99,762,0.994853,0.966515
234,0.129203,65.640000,1.005807,0.000000,0.000000,0.000000,0.000000,0.772080,0.000000,0.772080,0.650800,0,0.600000,0.200000,0.200000,19302,0,19302,25000,19223,19990,767,79,846,0.995907,0.961631
235,0.132484,62.650000,1.067979,0.000000,0.000000,0.000000,0.000000,0.765160,0.005080,0.765160,0.680760,1,0.600000,0.200000,0.200000,19129,127,19129,25000,19026,19706,680,103,783,0.994616,0.965493
236,0.128316,64.630000,1.036829,0.000000,0.000000,0.000000,0.000000,0.798240,0.000000,0.798240,0.641520,0,0.600000,0.200000,0.200000,19956,0,19956,25000,19872,20512,640,84,724,0.995791,0.968799
237,0.139891,64.960000,1.027805,0.000000,0.000000,0.000000,0.000000,0.775080,0.000000,0.775080,0.675640,0,0.600000,0.200000,0.200000,19377,0,19377,25000,19287,20096,809,90,899,0.995355,0.959743
238,0.111368,64.610000,1.024902,0.000000,0.000000,0.000000,0.000000,0.780520,0.000000,0.780520,0.676680,0,0.600000,0.200000,0.200000,19513,0,19513,25000,19427,20058,631,86,717,0.995593,0.968541
239,0.112468,64.130000,1.039034,0.000000,0.000000,0.000000,0.000000,0.775840,0.000000,0.775840,0.676040,0,0.600000,0.200000,0.200000,19396,0,19396,25000,19321,20074,753,75,828,0.996133,0.962489
240,0.131969,63.890000,1.048707,0.000000,0.000000,0.000000,0.000000,0.796840,0.004200,0.796840,0.663000,1,0.600000,0.200000,0.200000,19921,105,19921,25000,19840,20464,624,81,705,0.995934,0.969507
241,0.136386,65.090000,1.002537,0.000000,0.000000,0.000000,0.000000,0.772480,0.000000,0.772480,0.662040,0,0.600000,0.200000,0.200000,19312,0,19312,25000,19226,19882,656,86,742,0.995547,0.967005
242,0.129353,63.470000,1.039073,0.000000,0.000000,0.000000,0.000000,0.788720,0.000000,0.788720,0.668480,0,0.600000,0.200000,0.200000,19718,0,19718,25000,19638,20412,774,80,854,0.995943,0.962081
243,0.125705,64.610000,1.034850,0.000000,0.000000,0.000000,0.000000,0.782880,0.000000,0.782880,0.677480,0,0.600000,0.200000,0.200000,19572,0,19572,25000,19501,20142,641,71,712,0.996372,0.968176
244,0.124091,66.050000,0.979730,0.000000,0.000000,0.000000,0.000000,0.790440,0.000000,0.790440,0.674520,0,0.600000,0.200000,0.200000,19761,0,19761,25000,19683,20328,645,78,723,0.996053,0.968270
245,0.125287,63.450000,1.056938,0.000000,0.000000,0.000000,0.000000,0.776280,0.004280,0.776280,0.669400,1,0.600000,0.200000,0.200000,19407,107,19407,25000,19328,19960,632,79,711,0.995929,0.968337
246,0.127308,65.280000,1.007714,0.000000,0.000000,0.000000,0.000000,0.783800,0.000000,0.783800,0.684080,0,0.600000,0.200000,0.200000,19595,0,19595,25000,19519,20224,705,76,781,0.996121,0.965140
247,0.121822,64.190000,1.034369,0.000000,0.000000,0.000000,0.000000,0.789960,0.000000,0.789960,0.674720,0,0.600000,0.200000,0.200000,19749,0,19749,25000,19669,20362,693,80,773,0.995949,0.965966
248,0.138722,62.890000,1.069249,0.000000,0.000000,0.000000,0.000000,0.787680,0.000000,0.787680,0.637120,0,0.600000,0.200000,0.200000,19692,0,19692,25000,19607,20266,659,85,744,0.995684,0.967482
249,0.112837,65.820000,0.984719,0.000000,0.000000,0.000000,0.000000,0.794120,0.000000,0.794120,0.661160,0,0.600000,0.200000,0.200000,19853,0,19853,25000,19783,20474,691,70,761,0.996474,0.966250
250,0.106148,64.660000,1.030457,0.000000,0.000000,0.000000,0.000000,0.790600,0.004800,0.790600,0.676920,1,0.600000,0.200000,0.200000,19765,120,19765,25000,19698,20360,662,67,729,0.996610,0.967485
251,0.123159,62.640000,1.091656,0.000000,0.000000,0.000000,0.000000,0.763000,0.000000,0.763000,0.676360,0,0.600000,0.200000,0.200000,19075,0,19075,25000,18991,19564,573,84,657,0.995596,0.970712
252,0.119088,66.130000,0.984179,0.000000,0.000000,0.000000,0.000000,0.793120,0.000000,0.793120,0.661200,0,0.600000,0.200000,0.200000,19828,0,19828,25000,19753,20522,769,75,844,0.996217,0.962528
253,0.125506,64.930000,1.020970,0.000000,0.000000,0.000000,0.000000,0.793520,0.000000,0.793520,0.673680,0,0.600000,0.200000,0.200000,19838,0,19838,25000,19761,20462,701,77,778,0.996119,0.965741
254,0.125830,65.230000,1.004767,0.000000,0.000000,0.000000,0.000000,0.790720,0.000000,0.790720,0.667880,0,0.600000,0.200000,0.200000,19768,0,19768,25000,19696,20372,676,72,748,0.996358,0.966817
255,0.110024,64.600000,1.018971,0.000000,0.000000,0.000000,0.000000,0.780080,0.006960,0.780080,0.664480,1,0.600000,0.200000,0.200000,19502,174,19502,25000,19434,20178,744,68,812,0.996513,0.963128
256,0.136730,65.230000,1.004915,0.000000,0.000000,0.000000,0.000000,0.777880,0.000000,0.777880,0.688880,0,0.600000,0.200000,0.200000,19447,0,19447,25000,19363,20126,763,84,847,0.995681,0.962089
257,0.103621,65.990000,0.983250,0.000000,0.000000,0.000000,0.000000,0.780200,0.000000,0.780200,0.677000,0,0.600000,0.200000,0.200000,19505,0,19505,25000,19420,20102,682,85,767,0.995642,0.966073
258,0.135430,64.460000,1.036589,0.000000,0.000000,0.000000,0.000000,0.771640,0.000000,0.771640,0.655920,0,0.600000,0.200000,0.200000,19291,0,19291,25000,19198,19856,658,93,751,0.995179,0.966861
259,0.109905,66.180000,1.001661,0.000000,0.000000,0.000000,0.000000,0.784120,0.000000,0.784120,0.660360,0,0.600000,0.200000,0.200000,19603,0,19603,25000,19530,20214,684,73,757,0.996276,0.966162
260,0.127772,64.250000,1.052100,0.000000,0.000000,0.000000,0.000000,0.767720,0.004680,0.767720,0.696280,1,0.600000,0.200000,0.200000,19193,117,19193,25000,19118,19734,616,75,691,0.996092,0.968785
261,0.131573,62.920000,1.062159,0.000000,0.000000,0.000000,0.000000,0.766920,0.000000,0.766920,0.685240,0,0.600000,0.200000,0.200000,19173,0,19173,25000,19089,19716,627,84,711,0.995619,0.968198
262,0.120013,64.670000,1.029644,0.000000,0.000000,0.000000,0.000000,0.794080,0.000000,0.794080,0.674000,0,0.600000,0.200000,0.200000,19852,0,19852,25000,19771,20308,537,81,618,0.995920,0.973557
263,0.101027,65.260000,1.017205,0.000000,0.000000,0.000000,0.000000,0.775400,0.000000,0.775400,0.666360,0,0.600000,0.200000,0.200000,19385,0,19385,25000,19322,19980,658,63,721,0.996750,0.967067
264,0.110423,65.720000,0.996963,0.000000,0.000000,0.000000,0.000000,0.793840,0.000000,0.793840,0.668080,0,0.600000,0.200000,0.200000,19846,0,19846,25000,19781,20446,665,65,730,0.996725,0.967475
265,0.119632,65.020000,1.012450,0.000000,0.000000,0.000000,0.000000,0.770560,0.005200,0.770560,0.700280,1,0.600000,0.200000,0.200000,19264,130,19264,25000,19160,19804,644,104,748,0.994601,0.967481
266,0.105484,64.330000,1.044455,0.000000,0.000000,0.000000,0.000000,0.777160,0.000000,0.777160,0.698240,0,0.600000,0.200000,0.200000,19429,0,19429,25000,19340,20002,662,89,751,0.995419,0.966903
267,0.132925,65.100000,1.016925,0.000000,0.000000,0.000000,0.000000,0.785360,0.000000,0.785360,0.683160,0,0.600000,0.200000,0.200000,19634,0,19634,25000,19553,20196,643,81,724,0.995875,0.968162
268,0.130682,65.610000,1.003248,0.000000,0.000000,0.000000,0.000000,0.761480,0.000000,0.761480,0.683960,0,0.600000,0.200000,0.200000,19037,0,19037,25000,18940,19500,560,97,657,0.994905,0.971282
269,0.102661,65.130000,1.011313,0.000000,0.000000,0.000000,0.000000,0.790600,0.000000,0.790600,0.693800,0,0.600000,0.200000,0.200000,19765,0,19765,25000,19704,20320,616,61,677,0.996914,0.969685
270,0.118091,65.450000,0.996458,0.000000,0.000000,0.000000,0.000000,0.784880,0.006560,0.784880,0.671400,1,0.600000,0.200000,0.200000,19622,164,19622,25000,19540,20302,762,82,844,0.995821,0.962467
271,0.129987,65.510000,1.016481,0.000000,0.000000,0.000000,0.000000,0.790960,0.000000,0.790960,0.673000,0,0.600000,0.200000,0.200000,19774,0,19774,25000,19682,20392,710,92,802,0.995347,0.965182
272,0.111433,64.710000,1.038588,0.000000,0.000000,0.000000,0.000000,0.780080,0.000000,0.780080,0.695640,0,0.600000,0.200000,0.200000,19502,0,19502,25000,19428,20130,702,74,776,0.996206,0.965127
273,0.102168,64.600000,1.028906,0.000000,0.000000,0.000000,0.000000,0.777800,0.000000,0.777800,0.702480,0,0.600000,0.200000,0.200000,19445,0,19445,25000,19379,19980,601,66,667,0.996606,0.969920
274,0.121871,66.590000,0.977411,0.000000,0.000000,0.000000,0.000000,0.786160,0.000000,0.786160,0.688080,0,0.600000,0.200000,0.200000,19654,0,19654,25000,19556,20236,680,98,778,0.995014,0.966397
275,0.120978,66.360000,0.989641,0.000000,0.000000,0.000000,0.000000,0.752400,0.005440,0.752400,0.688320,1,0.600000,0.200000,0.200000,18810,136,18810,25000,18701,19366,665,109,774,0.994205,0.965661
276,0.120598,65.950000,1.011428,0.000000,0.000000,0.000000,0.000000,0.774000,0.000000,0.774000,0.702880,0,0.600000,0.200000,0.200000,19350,0,19350,25000,19261,19918,657,89,746,0.995401,0.967015
277,0.136384,65.730000,1.001123,0.000000,0.000000,0.000000,0.000000,0.764600,0.000000,0.764600,0.671120,0,0.600000,0.200000,0.200000,19115,0,19115,25000,19009,19646,637,106,743,0.994455,0.967576
278,0.149884,67.160000,0.968985,0.000000,0.000000,0.000000,0.000000,0.790360,0.000000,0.790360,0.695080,0,0.600000,0.200000,0.200000,19759,0,19759,25000,19665,20328,663,94,757,0.995243,0.967385
279,0.102258,66.180000,1.005480,0.000000,0.000000,0.000000,0.000000,0.793080,0.000000,0.793080,0.707720,0,0.600000,0.200000,0.200000,19827,0,19827,25000,19748,20392,644,79,723,0.996016,0.968419
280,0.120680,66.290000,1.005979,0.000000,0.000000,0.000000,0.000000,0.761120,0.004640,0.761120,0.701080,1,0.600000,0.200000,0.200000,19028,116,19028,25000,18931,19576,645,97,742,0.994902,0.967051
281,0.116364,66.980000,0.972845,0.000000,0.000000,0.000000,0.000000,0.767040,0.000000,0.767040,0.691920,0,0.600000,0.200000,0.200000,19176,0,19176,25000,19100,19712,612,76,688,0.996037,0.968953
282,0.110898,64.620000,1.036330,0.000000,0.000000,0.000000,0.000000,0.771560,0.000000,0.771560,0.707520,0,0.600000,0.200000,0.200000,19289,0,19289,25000,19212,19818,606,77,683,0.996008,0.969422
283,0.115217,64.160000,1.043216,0.000000,0.000000,0.000000,0.000000,0.782840,0.000000,0.782840,0.671680,0,0.600000,0.200000,0.200000,19571,0,19571,25000,19500,20182,682,71,753,0.996372,0.966208
284,0.125895,65.110000,1.016568,0.000000,0.000000,0.000000,0.000000,0.769680,0.000000,0.769680,0.695280,0,0.600000,0.200000,0.200000,19242,0,19242,25000,19151,19716,565,91,656,0.995271,0.971343
285,0.119343,66.260000,0.972996,0.000000,0.000000,0.000000,0.000000,0.778560,0.004240,0.778560,0.678320,1,0.600000,0.200000,0.200000,19464,106,19464,25000,19378,19966,588,86,674,0.995582,0.970550
286,0.135099,66.580000,0.987966,0.000000,0.000000,0.000000,0.000000,0.786920,0.000000,0.786920,0.708920,0,0.600000,0.200000,0.200000,19673,0,19673,25000,19569,20232,663,104,767,0.994714,0.967230
287,0.108724,65.070000,1.017859,0.000000,0.000000,0.000000,0.000000,0.771720,0.000000,0.771720,0.686240,0,0.600000,0.200000,0.200000,19293,0,19293,25000,19227,19820,593,66,659,0.996579,0.970081
288,0.130305,66.410000,0.981588,0.000000,0.000000,0.000000,0.000000,0.791960,0.000000,0.791960,0.663920,0,0.600000,0.200000,0.200000,19799,0,19799,25000,19726,20402,676,73,749,0.996313,0.966866
289,0.123136,65.750000,1.008534,0.000000,0.000000,0.000000,0.000000,0.784880,0.000000,0.784880,0.684240,0,0.600000,0.200000,0.200000,19622,0,19622,25000,19523,20228,705,99,804,0.994955,0.965147
290,0.112584,65.330000,1.025112,0.000000,0.000000,0.000000,0.000000,0.771600,0.004720,0.771600,0.712240,1,0.600000,0.200000,0.200000,19290,118,19290,25000,19190,19814,624,100,724,0.994816,0.968507
291,0.122681,65.720000,1.001812,0.000000,0.000000,0.000000,0.000000,0.778280,0.000000,0.778280,0.703120,0,0.600000,0.200000,0.200000,19457,0,19457,25000,19364,19884,520,93,613,0.995220,0.973848
292,0.120313,64.880000,1.031245,0.000000,0.000000,0.000000,0.000000,0.785840,0.000000,0.785840,0.680440,0,0.600000,0.200000,0.200000,19646,0,19646,25000,19573,20128,555,73,628,0.996284,0.972426
293,0.129099,65.100000,1.005047,0.000000,0.000000,0.000000,0.000000,0.786600,0.000000,0.786600,0.685200,0,0.600000,0.200000,0.200000,19665,0,19665,25000,19587,20252,665,78,743,0.996034,0.967164
294,0.122966,66.270000,0.986300,0.000000,0.000000,0.000000,0.000000,0.768800,0.000000,0.768800,0.696600,0,0.600000,0.200000,0.200000,19220,0,19220,25000,19138,19752,614,82,696,0.995734,0.968915
295,0.119462,66.040000,0.994598,0.000000,0.000000,0.000000,0.000000,0.789800,0.005440,0.789800,0.697280,1,0.600000,0.200000,0.200000,19745,136,19745,25000,19668,20376,708,77,785,0.996100,0.965253
296,0.115438,67.780000,0.942218,0.000000,0.000000,0.000000,0.000000,0.776800,0.000000,0.776800,0.687400,0,0.600000,0.200000,0.200000,19420,0,19420,25000,19349,20026,677,71,748,0.996344,0.966194
297,0.122241,66.200000,0.988334,0.000000,0.000000,0.000000,0.000000,0.760600,0.000000,0.760600,0.702040,0,0.600000,0.200000,0.200000,19015,0,19015,25000,18908,19608,700,107,807,0.994373,0.964300
298,0.107151,67.730000,0.951794,0.000000,0.000000,0.000000,0.000000,0.797720,0.000000,0.797720,0.708720,0,0.600000,0.200000,0.200000,19943,0,19943,25000,19868,20514,646,75,721,0.996239,0.968509
299,0.108568,66.370000,0.979304,0.000000,0.000000,0.000000,0.000000,0.784960,0.000000,0.784960,0.696720,0,0.600000,0.200000,0.200000,19624,0,19624,25000,19546,20200,654,78,732,0.996025,0.967624
300,0.125564,67.000000,0.951951,0.000000,0.000000,0.000000,0.000000,0.772080,0.004920,0.772080,0.694160,1,0.600000,0.200000,0.200000,19302,123,19302,25000,19202,19812,610,100,710,0.994819,0.969211
301,0.113987,66.050000,0.984654,0.000000,0.000000,0.000000,0.000000,0.802520,0.000000,0.802520,0.665840,0,0.600000,0.200000,0.200000,20063,0,20063,25000,19973,20652,679,90,769,0.995514,0.967122
302,0.123084,67.140000,0.952578,0.000000,0.000000,0.000000,0.000000,0.764760,0.000000,0.764760,0.695280,0,0.600000,0.200000,0.200000,19119,0,19119,25000,19041,19680,639,78,717,0.995920,0.967530
303,0.128157,67.430000,0.944593,0.000000,0.000000,0.000000,0.000000,0.774720,0.000000,0.774720,0.697520,0,0.600000,0.200000,0.200000,19368,0,19368,25000,19274,19856,582,94,676,0.995147,0.970689
304,0.100156,67.020000,0.959774,0.000000,0.000000,0.000000,0.000000,0.793760,0.000000,0.793760,0.677440,0,0.600000,0.200000,0.200000,19844,0,19844,25000,19771,20434,663,73,736,0.996321,0.967554
305,0.108831,66.710000,0.978290,0.000000,0.000000,0.000000,0.000000,0.773000,0.005640,0.773000,0.700760,1,0.600000,0.200000,0.200000,19325,141,19325,25000,19248,19944,696,77,773,0.996016,0.965102
306,0.116245,66.850000,0.968871,0.000000,0.000000,0.000000,0.000000,0.793680,0.000000,0.793680,0.687760,0,0.600000,0.200000,0.200000,19842,0,19842,25000,19760,20406,646,82,728,0.995867,0.968343
307,0.113315,65.820000,0.991869,0.000000,0.000000,0.000000,0.000000,0.787360,0.000000,0.787360,0.708440,0,0.600000,0.200000,0.200000,19684,0,19684,25000,19602,20286,684,82,766,0.995834,0.966282
308,0.108015,66.990000,0.975398,0.000000,0.000000,0.000000,0.000000,0.790680,0.000000,0.790680,0.709800,0,0.600000,0.200000,0.200000,19767,0,19767,25000,19689,20370,681,78,759,0.996054,0.966568
309,0.118387,66.460000,0.971151,0.000000,0.000000,0.000000,0.000000,0.794760,0.000000,0.794760,0.705640,0,0.600000,0.200000,0.200000,19869,0,19869,25000,19796,20456,660,73,733,0.996326,0.967736
310,0.115762,65.660000,1.010685,0.000000,0.000000,0.000000,0.000000,0.779040,0.004640,0.779040,0.689800,1,0.600000,0.200000,0.200000,19476,116,19476,25000,19391,19936,545,85,630,0.995636,0.972663
311,0.103879,66.790000,0.966508,0.000000,0.000000,0.000000,0.000000,0.770720,0.000000,0.770720,0.698160,0,0.600000,0.200000,0.200000,19268,0,19268,25000,19171,19818,647,97,744,0.994966,0.967353
312,0.096187,66.360000,0.985429,0.000000,0.000000,0.000000,0.000000,0.804240,0.000000,0.804240,0.707000,0,0.600000,0.200000,0.200000,20106,0,20106,25000,20046,20660,614,60,674,0.997016,0.970281
313,0.126393,66.780000,0.974665,0.000000,0.000000,0.000000,0.000000,0.777600,0.000000,0.777600,0.706680,0,0.600000,0.200000,0.200000,19440,0,19440,25000,19330,19918,588,110,698,0.994342,0.970479
314,0.095341,65.690000,1.005430,0.000000,0.000000,0.000000,0.000000,0.805960,0.000000,0.805960,0.715480,0,0.600000,0.200000,0.200000,20149,0,20149,25000,20088,20666,578,61,639,0.996973,0.972031
315,0.108010,66.020000,0.997574,0.000000,0.000000,0.000000,0.000000,0.779560,0.003120,0.779560,0.726800,1,0.600000,0.200000,0.200000,19489,78,19489,25000,19418,19928,510,71,581,0.996357,0.974408
316,0.111000,68.360000,0.930528,0.000000,0.000000,0.000000,0.000000,0.776400,0.000000,0.776400,0.697040,0,0.600000,0.200000,0.200000,19410,0,19410,25000,19334,19970,636,76,712,0.996084,0.968152
317,0.109395,67.070000,0.966939,0.000000,0.000000,0.000000,0.000000,0.779080,0.000000,0.779080,0.718960,0,0.600000,0.200000,0.200000,19477,0,19477,25000,19418,20018,600,59,659,0.996971,0.970027
318,0.099715,66.960000,0.973191,0.000000,0.000000,0.000000,0.000000,0.801480,0.000000,0.801480,0.708080,0,0.600000,0.200000,0.200000,20037,0,20037,25000,19971,20568,597,66,663,0.996706,0.970974
319,0.118093,66.300000,0.973444,0.000000,0.000000,0.000000,0.000000,0.790880,0.000000,0.790880,0.707200,0,0.600000,0.200000,0.200000,19772,0,19772,25000,19689,20318,629,83,712,0.995802,0.969042
320,0.110263,65.340000,1.014174,0.000000,0.000000,0.000000,0.000000,0.789240,0.003880,0.789240,0.699920,1,0.600000,0.200000,0.200000,19731,97,19731,25000,19646,20204,558,85,643,0.995692,0.972382
321,0.126160,66.090000,0.986701,0.000000,0.000000,0.000000,0.000000,0.787560,0.000000,0.787560,0.706280,0,0.600000,0.200000,0.200000,19689,0,19689,25000,19599,20184,585,90,675,0.995429,0.971017
322,0.104009,64.710000,1.037603,0.000000,0.000000,0.000000,0.000000,0.797240,0.000000,0.797240,0.737520,0,0.600000,0.200000,0.200000,19931,0,19931,25000,19855,20340,485,76,561,0.996187,0.976155
323,0.115265,68.600000,0.926571,0.000000,0.000000,0.000000,0.000000,0.790600,0.000000,0.790600,0.708080,0,0.600000,0.200000,0.200000,19765,0,19765,25000,19689,20284,595,76,671,0.996155,0.970667
324,0.111961,66.560000,0.994823,0.000000,0.000000,0.000000,0.000000,0.788520,0.000000,0.788520,0.718560,0,0.600000,0.200000,0.200000,19713,0,19713,25000,19636,20190,554,77,631,0.996094,0.972561
325,0.111692,64.550000,1.033353,0.000000,0.000000,0.000000,0.000000,0.769360,0.004560,0.769360,0.704960,1,0.600000,0.200000,0.200000,19234,114,19234,25000,19150,19742,592,84,676,0.995633,0.970013
326,0.132732,68.490000,0.927712,0.000000,0.000000,0.000000,0.000000,0.755600,0.000000,0.755600,0.692520,0,0.600000,0.200000,0.200000,18890,0,18890,25000,18799,19380,581,91,672,0.995183,0.970021
327,0.126038,66.470000,0.979126,0.000000,0.000000,0.000000,0.000000,0.790320,0.000000,0.790320,0.707600,0,0.600000,0.200000,0.200000,19758,0,19758,25000,19671,20262,591,87,678,0.995597,0.970832
328,0.100880,65.320000,1.007035,0.000000,0.000000,0.000000,0.000000,0.794360,0.000000,0.794360,0.708160,0,0.600000,0.200000,0.200000,19859,0,19859,25000,19785,20406,621,74,695,0.996274,0.969568
329,0.100460,66.950000,0.963516,0.000000,0.000000,0.000000,0.000000,0.794160,0.000000,0.794160,0.695320,0,0.600000,0.200000,0.200000,19854,0,19854,25000,19780,20378,598,74,672,0.996273,0.970655
330,0.111661,67.140000,0.974515,0.000000,0.000000,0.000000,0.000000,0.770360,0.002960,0.770360,0.735920,1,0.600000,0.200000,0.200000,19259,74,19259,25000,19167,19696,529,92,621,0.995223,0.973142
331,0.110704,68.180000,0.935971,0.000000,0.000000,0.000000,0.000000,0.786560,0.000000,0.786560,0.706960,0,0.600000,0.200000,0.200000,19664,0,19664,25000,19589,20130,541,75,616,0.996186,0.973125
332,0.093690,65.940000,1.001022,0.000000,0.000000,0.000000,0.000000,0.804520,0.000000,0.804520,0.705600,0,0.600000,0.200000,0.200000,20113,0,20113,25000,20058,20710,652,55,707,0.997265,0.968518
333,0.112668,65.840000,0.997791,0.000000,0.000000,0.000000,0.000000,0.773720,0.000000,0.773720,0.723400,0,0.600000,0.200000,0.200000,19343,0,19343,25000,19253,19774,521,90,611,0.995347,0.973652
334,0.123124,66.310000,0.987765,0.000000,0.000000,0.000000,0.000000,0.776200,0.000000,0.776200,0.713800,0,0.600000,0.200000,0.200000,19405,0,19405,25000,19313,19956,643,92,735,0.995259,0.967779
335,0.118767,66.860000,0.970377,0.000000,0.000000,0.000000,0.000000,0.786280,0.004760,0.786280,0.700200,1,0.600000,0.200000,0.200000,19657,119,19657,25000,19558,20164,606,99,705,0.994964,0.969946
336,0.102540,66.520000,0.983095,0.000000,0.000000,0.000000,0.000000,0.760200,0.000000,0.760200,0.708640,0,0.600000,0.200000,0.200000,19005,0,19005,25000,18928,19472,544,77,621,0.995948,0.972062
337,0.115729,67.610000,0.948852,0.000000,0.000000,0.000000,0.000000,0.770960,0.000000,0.770960,0.719560,0,0.600000,0.200000,0.200000,19274,0,19274,25000,19169,19728,559,105,664,0.994552,0.971665
338,0.098538,66.620000,0.989623,0.000000,0.000000,0.000000,0.000000,0.778720,0.000000,0.778720,0.731360,0,0.600000,0.200000,0.200000,19468,0,19468,25000,19396,19922,526,72,598,0.996302,0.973597
339,0.100591,66.890000,0.973275,0.000000,0.000000,0.000000,0.000000,0.792000,0.000000,0.792000,0.723120,0,0.600000,0.200000,0.200000,19800,0,19800,25000,19721,20284,563,79,642,0.996010,0.972244
340,0.101808,67.350000,0.960284,0.000000,0.000000,0.000000,0.000000,0.792040,0.003960,0.792040,0.714200,1,0.600000,0.200000,0.200000,19801,99,19801,25000,19722,20358,636,79,715,0.996010,0.968759
341,0.108782,66.570000,0.986477,0.000000,0.000000,0.000000,0.000000,0.792080,0.000000,0.792080,0.716360,0,0.600000,0.200000,0.200000,19802,0,19802,25000,19714,20238,524,88,612,0.995556,0.974108
342,0.127379,67.280000,0.965537,0.000000,0.000000,0.000000,0.000000,0.780320,0.000000,0.780320,0.716800,0,0.600000,0.200000,0.200000,19508,0,19508,25000,19414,19956,542,94,636,0.995181,0.972840
343,0.121994,65.470000,1.022612,0.000000,0.000000,0.000000,0.000000,0.792840,0.000000,0.792840,0.711400,0,0.600000,0.200000,0.200000,19821,0,19821,25000,19751,20310,559,70,629,0.996468,0.972477
344,0.104612,66.380000,0.999087,0.000000,0.000000,0.000000,0.000000,0.766400,0.000000,0.766400,0.724040,0,0.600000,0.200000,0.200000,19160,0,19160,25000,19083,19606,523,77,600,0.995981,0.973324
345,0.115135,68.380000,0.945792,0.000000,0.000000,0.000000,0.000000,0.766920,0.004520,0.766920,0.699120,1,0.600000,0.200000,0.200000,19173,113,19173,25000,19091,19698,607,82,689,0.995723,0.969185
346,0.111495,68.810000,0.921833,0.000000,0.000000,0.000000,0.000000,0.810360,0.000000,0.810360,0.709040,0,0.600000,0.200000,0.200000,20259,0,20259,25000,20175,20780,605,84,689,0.995854,0.970885
347,0.100211,66.310000,0.995445,0.000000,0.000000,0.000000,0.000000,0.783320,0.000000,0.783320,0.708040,0,0.600000,0.200000,0.200000,19583,0,19583,25000,19514,20042,528,69,597,0.996477,0.973655
348,0.109982,67.050000,0.965620,0.000000,0.000000,0.000000,0.000000,0.776440,0.000000,0.776440,0.711520,0,0.600000,0.200000,0.200000,19411,0,19411,25000,19325,19944,619,86,705,0.995570,0.968963
349,0.113880,67.250000,0.974781,0.000000,0.000000,0.000000,0.000000,0.785440,0.000000,0.785440,0.727120,0,0.600000,0.200000,0.200000,19636,0,19636,25000,19556,20086,530,80,610,0.995926,0.973613
350,0.110003,68.320000,0.932934,0.000000,0.000000,0.000000,0.000000,0.792520,0.003200,0.792520,0.715840,1,0.600000,0.200000,0.200000,19813,80,19813,25000,19732,20228,496,81,577,0.995912,0.975480
351,0.094255,66.490000,0.983867,0.000000,0.000000,0.000000,0.000000,0.779520,0.000000,0.779520,0.711200,0,0.600000,0.200000,0.200000,19488,0,19488,25000,19409,19930,521,79,600,0.995946,0.973859
352,0.099919,67.310000,0.964063,0.000000,0.000000,0.000000,0.000000,0.785560,0.000000,0.785560,0.720240,0,0.600000,0.200000,0.200000,19639,0,19639,25000,19544,20130,586,95,681,0.995163,0.970889
353,0.117639,66.640000,0.996028,0.000000,0.000000,0.000000,0.000000,0.787680,0.000000,0.787680,0.743000,0,0.600000,0.200000,0.200000,19692,0,19692,25000,19612,20162,550,80,630,0.995937,0.972721
354,0.119281,66.870000,0.975348,0.000000,0.000000,0.000000,0.000000,0.774760,0.000000,0.774760,0.706600,0,0.600000,0.200000,0.200000,19369,0,19369,25000,19271,19786,515,98,613,0.994940,0.973971
355,0.116752,68.200000,0.935207,0.000000,0.000000,0.000000,0.000000,0.783760,0.003600,0.783760,0.721600,1,0.600000,0.200000,0.200000,19594,90,19594,25000,19522,20046,524,72,596,0.996325,0.973860
356,0.111783,67.150000,0.963836,0.000000,0.000000,0.000000,0.000000,0.768280,0.000000,0.768280,0.720840,0,0.600000,0.200000,0.200000,19207,0,19207,25000,19124,19682,558,83,641,0.995679,0.971649
357,0.106296,68.000000,0.950171,0.000000,0.000000,0.000000,0.000000,0.776520,0.000000,0.776520,0.728520,0,0.600000,0.200000,0.200000,19413,0,19413,25000,19322,19914,592,91,683,0.995312,0.970272
358,0.105073,67.410000,0.970253,0.000000,0.000000,0.000000,0.000000,0.783000,0.000000,0.783000,0.733520,0,0.600000,0.200000,0.200000,19575,0,19575,25000,19484,20032,548,91,639,0.995351,0.972644
359,0.104231,69.050000,0.903690,0.000000,0.000000,0.000000,0.000000,0.799440,0.000000,0.799440,0.720480,0,0.600000,0.200000,0.200000,19986,0,19986,25000,19915,20496,581,71,652,0.996448,0.971653
360,0.105720,66.500000,0.984839,0.000000,0.000000,0.000000,0.000000,0.782080,0.003120,0.782080,0.735160,1,0.600000,0.200000,0.200000,19552,78,19552,25000,19480,19968,488,72,560,0.996318,0.975561
361,0.112340,66.850000,0.978443,0.000000,0.000000,0.000000,0.000000,0.798160,0.000000,0.798160,0.727240,0,0.600000,0.200000,0.200000,19954,0,19954,25000,19881,20482,601,73,674,0.996342,0.970657
362,0.115217,67.120000,0.965726,0.000000,0.000000,0.000000,0.000000,0.784840,0.000000,0.784840,0.727240,0,0.600000,0.200000,0.200000,19621,0,19621,25000,19531,20020,489,90,579,0.995413,0.975574
363,0.108548,68.360000,0.937101,0.000000,0.000000,0.000000,0.000000,0.761800,0.000000,0.761800,0.721880,0,0.600000,0.200000,0.200000,19045,0,19045,25000,18955,19568,613,90,703,0.995274,0.968673
364,0.123720,67.460000,0.963363,0.000000,0.000000,0.000000,0.000000,0.772560,0.000000,0.772560,0.722600,0,0.600000,0.200000,0.200000,19314,0,19314,25000,19213,19720,507,101,608,0.994771,0.974290
365,0.104002,68.220000,0.935867,0.000000,0.000000,0.000000,0.000000,0.776920,0.004440,0.776920,0.718280,1,0.600000,0.200000,0.200000,19423,111,19423,25000,19338,19890,552,85,637,0.995624,0.972247
366,0.106111,66.960000,0.970080,0.000000,0.000000,0.000000,0.000000,0.760560,0.000000,0.760560,0.725720,0,0.600000,0.200000,0.200000,19014,0,19014,25000,18910,19414,504,104,608,0.994530,0.974039
367,0.099809,67.660000,0.950290,0.000000,0.000000,0.000000,0.000000,0.784800,0.000000,0.784800,0.721840,0,0.600000,0.200000,0.200000,19620,0,19620,25000,19541,20002,461,79,540,0.995973,0.976952
368,0.087458,67.820000,0.956815,0.000000,0.000000,0.000000,0.000000,0.810160,0.000000,0.810160,0.720680,0,0.600000,0.200000,0.200000,20254,0,20254,25000,20186,20710,524,68,592,0.996643,0.974698
369,0.116999,66.530000,0.981968,0.000000,0.000000,0.000000,0.000000,0.816400,0.000000,0.816400,0.717800,0,0.600000,0.200000,0.200000,20410,0,20410,25000,20322,20882,560,88,648,0.995688,0.973183
370,0.109737,68.100000,0.946479,0.000000,0.000000,0.000000,0.000000,0.773000,0.003680,0.773000,0.727440,1,0.600000,0.200000,0.200000,19325,92,19325,25000,19230,19836,606,95,701,0.995084,0.969449
371,0.091625,67.630000,0.960745,0.000000,0.000000,0.000000,0.000000,0.784480,0.000000,0.784480,0.719360,0,0.600000,0.200000,0.200000,19612,0,19612,25000,19551,20048,497,61,558,0.996890,0.975209
372,0.098916,67.510000,0.960362,0.000000,0.000000,0.000000,0.000000,0.794040,0.000000,0.794040,0.730480,0,0.600000,0.200000,0.200000,19851,0,19851,25000,19772,20310,538,79,617,0.996020,0.973511
373,0.103053,66.330000,0.987938,0.000000,0.000000,0.000000,0.000000,0.782280,0.000000,0.782280,0.726040,0,0.600000,0.200000,0.200000,19557,0,19557,25000,19464,20032,568,93,661,0.995245,0.971645
374,0.119099,67.440000,0.963901,0.000000,0.000000,0.000000,0.000000,0.798920,0.000000,0.798920,0.724720,0,0.600000,0.200000,0.200000,19973,0,19973,25000,19898,20434,536,75,611,0.996245,0.973769
375,0.088583,66.670000,0.976480,0.000000,0.000000,0.000000,0.000000,0.785720,0.003200,0.785720,0.731880,1,0.600000,0.200000,0.200000,19643,80,19643,25000,19572,20066,494,71,565,0.996385,0.975381
376,0.105140,67.920000,0.947731,0.000000,0.000000,0.000000,0.000000,0.797040,0.000000,0.797040,0.710680,0,0.600000,0.200000,0.200000,19926,0,19926,25000,19839,20384,545,87,632,0.995634,0.973263
377,0.078457,66.850000,0.984573,0.000000,0.000000,0.000000,0.000000,0.793920,0.000000,0.793920,0.736040,0,0.600000,0.200000,0.200000,19848,0,19848,25000,19797,20350,553,51,604,0.997430,0.972826
378,0.107920,66.640000,1.000570,0.000000,0.000000,0.000000,0.000000,0.803400,0.000000,0.803400,0.748080,0,0.600000,0.200000,0.200000,20085,0,20085,25000,20012,20508,496,73,569,0.996365,0.975814
379,0.108730,67.130000,0.971968,0.000000,0.000000,0.000000,0.000000,0.777560,0.000000,0.777560,0.733560,0,0.600000,0.200000,0.200000,19439,0,19439,25000,19344,19876,532,95,627,0.995113,0.973234
380,0.115489,67.840000,0.953263,0.000000,0.000000,0.000000,0.000000,0.796360,0.003160,0.796360,0.731440,1,0.600000,0.200000,0.200000,19909,79,19909,25000,19824,20244,420,85,505,0.995731,0.979253
381,0.108109,68.560000,0.921425,0.000000,0.000000,0.000000,0.000000,0.771680,0.000000,0.771680,0.727880,0,0.600000,0.200000,0.200000,19292,0,19292,25000,19207,19798,591,85,676,0.995594,0.970148
382,0.090122,67.410000,0.970176,0.000000,0.000000,0.000000,0.000000,0.790440,0.000000,0.790440,0.726960,0,0.600000,0.200000,0.200000,19761,0,19761,25000,19681,20148,467,80,547,0.995952,0.976822
383,0.078725,67.070000,0.986985,0.000000,0.000000,0.000000,0.000000,0.778480,0.000000,0.778480,0.733640,0,0.600000,0.200000,0.200000,19462,0,19462,25000,19390,19964,574,72,646,0.996300,0.971248
384,0.093093,67.680000,0.966621,0.000000,0.000000,0.000000,0.000000,0.774400,0.000000,0.774400,0.736240,0,0.600000,0.200000,0.200000,19360,0,19360,25000,19273,19830,557,87,644,0.995506,0.971911
385,0.100940,68.500000,0.932355,0.000000,0.000000,0.000000,0.000000,0.767720,0.003480,0.767720,0.734760,1,0.600000,0.200000,0.200000,19193,87,19193,25000,19105,19666,561,88,649,0.995415,0.971474
386,0.100338,67.720000,0.964990,0.000000,0.000000,0.000000,0.000000,0.797840,0.000000,0.797840,0.730000,0,0.600000,0.200000,0.200000,19946,0,19946,25000,19871,20376,505,75,580,0.996240,0.975216
387,0.104074,68.000000,0.948010,0.000000,0.000000,0.000000,0.000000,0.771720,0.000000,0.771720,0.737480,0,0.600000,0.200000,0.200000,19293,0,19293,25000,19204,19744,540,89,629,0.995387,0.972650
388,0.117208,68.330000,0.935373,0.000000,0.000000,0.000000,0.000000,0.781360,0.000000,0.781360,0.732840,0,0.600000,0.200000,0.200000,19534,0,19534,25000,19465,19976,511,69,580,0.996468,0.974419
389,0.088266,66.440000,0.996500,0.000000,0.000000,0.000000,0.000000,0.780240,0.000000,0.780240,0.722000,0,0.600000,0.200000,0.200000,19506,0,19506,25000,19432,19976,544,74,618,0.996206,0.972767
390,0.120241,67.490000,0.945409,0.000000,0.000000,0.000000,0.000000,0.778240,0.003640,0.778240,0.716360,1,0.600000,0.200000,0.200000,19456,91,19456,25000,19365,19952,587,91,678,0.995323,0.970579
391,0.106733,67.260000,0.980302,0.000000,0.000000,0.000000,0.000000,0.790840,0.000000,0.790840,0.719880,0,0.600000,0.200000,0.200000,19771,0,19771,25000,19699,20284,585,72,657,0.996358,0.971160
392,0.090550,68.800000,0.923674,0.000000,0.000000,0.000000,0.000000,0.773640,0.000000,0.773640,0.711280,0,0.600000,0.200000,0.200000,19341,0,19341,25000,19269,19824,555,72,627,0.996277,0.972004
393,0.077019,67.740000,0.959172,0.000000,0.000000,0.000000,0.000000,0.805960,0.000000,0.805960,0.748960,0,0.600000,0.200000,0.200000,20149,0,20149,25000,20094,20502,408,55,463,0.997270,0.980100
394,0.085036,68.070000,0.943862,0.000000,0.000000,0.000000,0.000000,0.782400,0.000000,0.782400,0.723520,0,0.600000,0.200000,0.200000,19560,0,19560,25000,19489,19982,493,71,564,0.996370,0.975328
395,0.100767,67.020000,0.957880,0.000000,0.000000,0.000000,0.000000,0.791360,0.005000,0.791360,0.723280,1,0.600000,0.200000,0.200000,19784,125,19784,25000,19689,20236,547,95,642,0.995198,0.972969
396,0.092338,67.950000,0.949361,0.000000,0.000000,0.000000,0.000000,0.791720,0.000000,0.791720,0.711920,0,0.600000,0.200000,0.200000,19793,0,19793,25000,19729,20266,537,64,601,0.996767,0.973502
397,0.105429,67.800000,0.960650,0.000000,0.000000,0.000000,0.000000,0.792440,0.000000,0.792440,0.742400,0,0.600000,0.200000,0.200000,19811,0,19811,25000,19737,20180,443,74,517,0.996265,0.978048
398,0.101689,67.450000,0.947822,0.000000,0.000000,0.000000,0.000000,0.775360,0.000000,0.775360,0.711160,0,0.600000,0.200000,0.200000,19384,0,19384,25000,19299,19832,533,85,618,0.995615,0.973124
399,0.095136,66.780000,1.000374,0.000000,0.000000,0.000000,0.000000,0.806560,0.000000,0.806560,0.739040,0,0.600000,0.200000,0.200000,20164,0,20164,25000,20081,20648,567,83,650,0.995884,0.972540
400,0.097208,66.300000,1.000174,0.000000,0.000000,0.000000,0.000000,0.791120,0.003640,0.791120,0.715480,1,0.600000,0.200000,0.200000,19778,91,19778,25000,19698,20182,484,80,564,0.995955,0.976018
401,0.089081,68.760000,0.932851,0.000000,0.000000,0.000000,0.000000,0.770840,0.000000,0.770840,0.733080,0,0.600000,0.200000,0.200000,19271,0,19271,25000,19202,19692,490,69,559,0.996419,0.975117
402,0.093244,68.190000,0.948455,0.000000,0.000000,0.000000,0.000000,0.793040,0.000000,0.793040,0.732760,0,0.600000,0.200000,0.200000,19826,0,19826,25000,19755,20260,505,71,576,0.996419,0.975074
403,0.123959,69.560000,0.894604,0.000000,0.000000,0.000000,0.000000,0.775720,0.000000,0.775720,0.739000,0,0.600000,0.200000,0.200000,19393,0,19393,25000,19280,19904,624,113,737,0.994173,0.968650
404,0.107191,68.400000,0.924846,0.000000,0.000000,0.000000,0.000000,0.805560,0.000000,0.805560,0.741480,0,0.600000,0.200000,0.200000,20139,0,20139,25000,20033,20584,551,106,657,0.994737,0.973232
405,0.119833,68.120000,0.933361,0.000000,0.000000,0.000000,0.000000,0.793280,0.004720,0.793280,0.715160,1,0.600000,0.200000,0.200000,19832,118,19832,25000,19745,20342,597,87,684,0.995613,0.970652
406,0.090205,67.120000,0.971367,0.000000,0.000000,0.000000,0.000000,0.803040,0.000000,0.803040,0.740840,0,0.600000,0.200000,0.200000,20076,0,20076,25000,20013,20558,545,63,608,0.996862,0.973490
407,0.115196,67.690000,0.943544,0.000000,0.000000,0.000000,0.000000,0.786080,0.000000,0.786080,0.741320,0,0.600000,0.200000,0.200000,19652,0,19652,25000,19558,19994,436,94,530,0.995217,0.978193
408,0.107936,68.010000,0.933768,0.000000,0.000000,0.000000,0.000000,0.768640,0.000000,0.768640,0.716160,0,0.600000,0.200000,0.200000,19216,0,19216,25000,19120,19686,566,96,662,0.995004,0.971249
409,0.108831,66.540000,0.982949,0.000000,0.000000,0.000000,0.000000,0.778160,0.000000,0.778160,0.747440,0,0.600000,0.200000,0.200000,19454,0,19454,25000,19388,19840,452,66,518,0.996607,0.977218
410,0.100659,69.000000,0.902069,0.000000,0.000000,0.000000,0.000000,0.785520,0.003640,0.785520,0.718720,1,0.600000,0.200000,0.200000,19638,91,19638,25000,19552,20068,516,86,602,0.995621,0.974287
411,0.103985,67.780000,0.953990,0.000000,0.000000,0.000000,0.000000,0.789080,0.000000,0.789080,0.749240,0,0.600000,0.200000,0.200000,19727,0,19727,25000,19654,20130,476,73,549,0.996299,0.976354
412,0.112923,67.210000,0.961129,0.000000,0.000000,0.000000,0.000000,0.782200,0.000000,0.782200,0.741200,0,0.600000,0.200000,0.200000,19555,0,19555,25000,19476,19964,488,79,567,0.995960,0.975556
413,0.107068,67.790000,0.950753,0.000000,0.000000,0.000000,0.000000,0.773960,0.000000,0.773960,0.743800,0,0.600000,0.200000,0.200000,19349,0,19349,25000,19253,19728,475,96,571,0.995039,0.975923
414,0.117859,68.440000,0.926275,0.000000,0.000000,0.000000,0.000000,0.786000,0.000000,0.786000,0.743880,0,0.600000,0.200000,0.200000,19650,0,19650,25000,19560,20166,606,90,696,0.995420,0.969949
415,0.093820,68.770000,0.919672,0.000000,0.000000,0.000000,0.000000,0.778440,0.003360,0.778440,0.728000,1,0.600000,0.200000,0.200000,19461,84,19461,25000,19384,19878,494,77,571,0.996043,0.975148
416,0.094139,68.800000,0.918280,0.000000,0.000000,0.000000,0.000000,0.774080,0.000000,0.774080,0.732880,0,0.600000,0.200000,0.200000,19352,0,19352,25000,19269,19784,515,83,598,0.995711,0.973969
417,0.081259,68.510000,0.933218,0.000000,0.000000,0.000000,0.000000,0.776280,0.000000,0.776280,0.728680,0,0.600000,0.200000,0.200000,19407,0,19407,25000,19326,19852,526,81,607,0.995826,0.973504
418,0.114107,66.280000,1.003565,0.000000,0.000000,0.000000,0.000000,0.800440,0.000000,0.800440,0.746400,0,0.600000,0.200000,0.200000,20011,0,20011,25000,19954,20450,496,57,553,0.997152,0.975746
419,0.097309,68.300000,0.944319,0.000000,0.000000,0.000000,0.000000,0.767840,0.000000,0.767840,0.740640,0,0.600000,0.200000,0.200000,19196,0,19196,25000,19113,19530,417,83,500,0.995676,0.978648
420,0.134888,68.820000,0.910391,0.000000,0.000000,0.000000,0.000000,0.788320,0.002800,0.788320,0.737760,1,0.600000,0.200000,0.200000,19708,70,19708,25000,19633,20074,441,75,516,0.996194,0.978031
421,0.101188,65.750000,1.002820,0.000000,0.000000,0.000000,0.000000,0.806680,0.000000,0.806680,0.747000,0,0.600000,0.200000,0.200000,20167,0,20167,25000,20082,20536,454,85,539,0.995785,0.977892
422,0.099035,67.460000,0.958585,0.000000,0.000000,0.000000,0.000000,0.775160,0.000000,0.775160,0.715320,0,0.600000,0.200000,0.200000,19379,0,19379,25000,19302,19870,568,77,645,0.996027,0.971414
423,0.091967,68.030000,0.942606,0.000000,0.000000,0.000000,0.000000,0.779920,0.000000,0.779920,0.735080,0,0.600000,0.200000,0.200000,19498,0,19498,25000,19420,19878,458,78,536,0.996000,0.976959
424,0.092924,68.000000,0.954634,0.000000,0.000000,0.000000,0.000000,0.764200,0.000000,0.764200,0.751240,0,0.600000,0.200000,0.200000,19105,0,19105,25000,19018,19550,532,87,619,0.995446,0.972788
425,0.094780,67.900000,0.955739,0.000000,0.000000,0.000000,0.000000,0.802360,0.004120,0.802360,0.727320,1,0.600000,0.200000,0.200000,20059,103,20059,25000,19982,20504,522,77,599,0.996161,0.974542
426,0.118296,67.340000,0.953554,0.000000,0.000000,0.000000,0.000000,0.787640,0.000000,0.787640,0.735920,0,0.600000,0.200000,0.200000,19691,0,19691,25000,19595,20100,505,96,601,0.995125,0.974876
427,0.101501,68.030000,0.950350,0.000000,0.000000,0.000000,0.000000,0.778440,0.000000,0.778440,0.731680,0,0.600000,0.200000,0.200000,19461,0,19461,25000,19380,19922,542,81,623,0.995838,0.972794
428,0.095500,66.600000,0.996980,0.000000,0.000000,0.000000,0.000000,0.776880,0.000000,0.776880,0.756640,0,0.600000,0.200000,0.200000,19422,0,19422,25000,19338,19806,468,84,552,0.995675,0.976371
429,0.088793,67.480000,0.969298,0.000000,0.000000,0.000000,0.000000,0.786120,0.000000,0.786120,0.733080,0,0.600000,0.200000,0.200000,19653,0,19653,25000,19587,20048,461,66,527,0.996642,0.977005
430,0.111559,66.750000,0.988799,0.000000,0.000000,0.000000,0.000000,0.762120,0.002600,0.762120,0.730520,1,0.600000,0.200000,0.200000,19053,65,19053,25000,18970,19412,442,83,525,0.995644,0.977231
431,0.095133,66.010000,1.016050,0.000000,0.000000,0.000000,0.000000,0.788720,0.000000,0.788720,0.722560,0,0.600000,0.200000,0.200000,19718,0,19718,25000,19639,20152,513,79,592,0.995994,0.974543
432,0.091652,67.700000,0.961604,0.000000,0.000000,0.000000,0.000000,0.786280,0.000000,0.786280,0.724440,0,0.600000,0.200000,0.200000,19657,0,19657,25000,19577,20202,625,80,705,0.995930,0.969062
433,0.091644,67.870000,0.951864,0.000000,0.000000,0.000000,0.000000,0.788600,0.000000,0.788600,0.735680,0,0.600000,0.200000,0.200000,19715,0,19715,25000,19644,20130,486,71,557,0.996399,0.975857
434,0.102724,68.820000,0.916272,0.000000,0.000000,0.000000,0.000000,0.765720,0.000000,0.765720,0.734720,0,0.600000,0.200000,0.200000,19143,0,19143,25000,19058,19590,532,85,617,0.995560,0.972843
435,0.093402,68.080000,0.931280,0.000000,0.000000,0.000000,0.000000,0.776200,0.003040,0.776200,0.728320,1,0.600000,0.200000,0.200000,19405,76,19405,25000,19328,19800,472,77,549,0.996032,0.976162
436,0.120154,68.120000,0.953024,0.000000,0.000000,0.000000,0.000000,0.785280,0.000000,0.785280,0.730040,0,0.600000,0.200000,0.200000,19632,0,19632,25000,19545,19978,433,87,520,0.995568,0.978326
437,0.088464,65.400000,1.003113,0.000000,0.000000,0.000000,0.000000,0.792360,0.000000,0.792360,0.703680,0,0.600000,0.200000,0.200000,19809,0,19809,25000,19734,20324,590,75,665,0.996214,0.970970
438,0.089859,68.060000,0.955524,0.000000,0.000000,0.000000,0.000000,0.796640,0.000000,0.796640,0.729240,0,0.600000,0.200000,0.200000,19916,0,19916,25000,19839,20330,491,77,568,0.996134,0.975848
439,0.097693,69.000000,0.917402,0.000000,0.000000,0.000000,0.000000,0.792760,0.000000,0.792760,0.730760,0,0.600000,0.200000,0.200000,19819,0,19819,25000,19754,20226,472,65,537,0.996720,0.976664
440,0.109000,68.320000,0.929681,0.000000,0.000000,0.000000,0.000000,0.775720,0.003720,0.775720,0.725480,1,0.600000,0.200000,0.200000,19393,93,19393,25000,19295,19856,561,98,659,0.994947,0.971747
441,0.095701,67.760000,0.959430,0.000000,0.000000,0.000000,0.000000,0.763600,0.000000,0.763600,0.728480,0,0.600000,0.200000,0.200000,19090,0,19090,25000,19008,19498,490,82,572,0.995705,0.974869
442,0.094520,68.520000,0.943512,0.000000,0.000000,0.000000,0.000000,0.801640,0.000000,0.801640,0.742360,0,0.600000,0.200000,0.200000,20041,0,20041,25000,19961,20510,549,80,629,0.996008,0.973233
443,0.097817,69.790000,0.881868,0.000000,0.000000,0.000000,0.000000,0.788880,0.000000,0.788880,0.740680,0,0.600000,0.200000,0.200000,19722,0,19722,25000,19647,20176,529,75,604,0.996197,0.973781
444,0.111665,67.830000,0.939911,0.000000,0.000000,0.000000,0.000000,0.788040,0.000000,0.788040,0.742920,0,0.600000,0.200000,0.200000,19701,0,19701,25000,19603,20160,557,98,655,0.995026,0.972371
445,0.100485,69.130000,0.916926,0.000000,0.000000,0.000000,0.000000,0.776440,0.003280,0.776440,0.739280,1,0.600000,0.200000,0.200000,19411,82,19411,25000,19319,19850,531,92,623,0.995260,0.973249
446,0.100965,66.130000,1.010931,0.000000,0.000000,0.000000,0.000000,0.786360,0.000000,0.786360,0.741480,0,0.600000,0.200000,0.200000,19659,0,19659,25000,19562,20098,536,97,633,0.995066,0.973331
447,0.104736,67.540000,0.949041,0.000000,0.000000,0.000000,0.000000,0.799160,0.000000,0.799160,0.723080,0,0.600000,0.200000,0.200000,19979,0,19979,25000,19896,20420,524,83,607,0.995846,0.974339
448,0.081515,67.900000,0.956699,0.000000,0.000000,0.000000,0.000000,0.778560,0.000000,0.778560,0.739560,0,0.600000,0.200000,0.200000,19464,0,19464,25000,19396,19810,414,68,482,0.996506,0.979101
449,0.097884,68.710000,0.906266,0.000000,0.000000,0.000000,0.000000,0.783440,0.000000,0.783440,0.735280,0,0.600000,0.200000,0.200000,19586,0,19586,25000,19503,19998,495,83,578,0.995762,0.975248
450,0.095619,67.710000,0.975077,0.000000,0.000000,0.000000,0.000000,0.779800,0.002920,0.779800,0.742560,1,0.600000,0.200000,0.200000,19495,73,19495,25000,19431,19870,439,64,503,0.996717,0.977906
451,0.095847,67.450000,0.959107,0.000000,0.000000,0.000000,0.000000,0.790320,0.000000,0.790320,0.720920,0,0.600000,0.200000,0.200000,19758,0,19758,25000,19697,20156,459,61,520,0.996913,0.977228
452,0.087322,67.120000,0.973371,0.000000,0.000000,0.000000,0.000000,0.782800,0.000000,0.782800,0.748360,0,0.600000,0.200000,0.200000,19570,0,19570,25000,19506,19990,484,64,548,0.996730,0.975788
453,0.096560,68.680000,0.929783,0.000000,0.000000,0.000000,0.000000,0.778120,0.000000,0.778120,0.750400,0,0.600000,0.200000,0.200000,19453,0,19453,25000,19357,19872,515,96,611,0.995065,0.974084
454,0.094577,68.350000,0.941266,0.000000,0.000000,0.000000,0.000000,0.781000,0.000000,0.781000,0.743400,0,0.600000,0.200000,0.200000,19525,0,19525,25000,19453,19950,497,72,569,0.996312,0.975088
455,0.104008,67.600000,0.971236,0.000000,0.000000,0.000000,0.000000,0.792840,0.002800,0.792840,0.750800,1,0.600000,0.200000,0.200000,19821,70,19821,25000,19736,20254,518,85,603,0.995712,0.974425
456,0.088972,69.170000,0.915645,0.000000,0.000000,0.000000,0.000000,0.777880,0.000000,0.777880,0.735560,0,0.600000,0.200000,0.200000,19447,0,19447,25000,19378,19886,508,69,577,0.996452,0.974454
457,0.104818,68.170000,0.950314,0.000000,0.000000,0.000000,0.000000,0.786240,0.000000,0.786240,0.752120,0,0.600000,0.200000,0.200000,19656,0,19656,25000,19565,20024,459,91,550,0.995370,0.977078
458,0.103789,69.040000,0.920093,0.000000,0.000000,0.000000,0.000000,0.777720,0.000000,0.777720,0.741800,0,0.600000,0.200000,0.200000,19443,0,19443,25000,19377,19842,465,66,531,0.996605,0.976565
459,0.101047,67.570000,0.968947,0.000000,0.000000,0.000000,0.000000,0.773680,0.000000,0.773680,0.729600,0,0.600000,0.200000,0.200000,19342,0,19342,25000,19247,19690,443,95,538,0.995088,0.977501
460,0.089127,69.120000,0.918889,0.000000,0.000000,0.000000,0.000000,0.795640,0.004360,0.795640,0.739920,1,0.600000,0.200000,0.200000,19891,109,19891,25000,19821,20348,527,70,597,0.996481,0.974101
461,0.080471,67.510000,0.962431,0.000000,0.000000,0.000000,0.000000,0.792080,0.000000,0.792080,0.745480,0,0.600000,0.200000,0.200000,19802,0,19802,25000,19722,20194,472,80,552,0.995960,0.976627
462,0.091403,68.650000,0.937087,0.000000,0.000000,0.000000,0.000000,0.768680,0.000000,0.768680,0.746800,0,0.600000,0.200000,0.200000,19217,0,19217,25000,19135,19610,475,82,557,0.995733,0.975778
463,0.086743,69.250000,0.921258,0.000000,0.000000,0.000000,0.000000,0.779040,0.000000,0.779040,0.751600,0,0.600000,0.200000,0.200000,19476,0,19476,25000,19395,19920,525,81,606,0.995841,0.973645
464,0.109071,66.870000,0.969635,0.000000,0.000000,0.000000,0.000000,0.797600,0.000000,0.797600,0.740320,0,0.600000,0.200000,0.200000,19940,0,19940,25000,19858,20322,464,82,546,0.995888,0.977168
465,0.103738,67.850000,0.948105,0.000000,0.000000,0.000000,0.000000,0.792480,0.002520,0.792480,0.757080,1,0.600000,0.200000,0.200000,19812,63,19812,25000,19712,20136,424,100,524,0.994953,0.978943
466,0.077967,68.110000,0.943076,0.000000,0.000000,0.000000,0.000000,0.792440,0.000000,0.792440,0.765240,0,0.600000,0.200000,0.200000,19811,0,19811,25000,19747,20158,411,64,475,0.996769,0.979611
467,0.088681,69.120000,0.910191,0.000000,0.000000,0.000000,0.000000,0.804760,0.000000,0.804760,0.738400,0,0.600000,0.200000,0.200000,20119,0,20119,25000,20051,20578,527,68,595,0.996620,0.974390
468,0.095315,68.450000,0.935669,0.000000,0.000000,0.000000,0.000000,0.793480,0.000000,0.793480,0.750480,0,0.600000,0.200000,0.200000,19837,0,19837,25000,19761,20232,471,76,547,0.996169,0.976720
469,0.104238,68.290000,0.936397,0.000000,0.000000,0.000000,0.000000,0.767960,0.000000,0.767960,0.739080,0,0.600000,0.200000,0.200000,19199,0,19199,25000,19112,19598,486,87,573,0.995469,0.975202
470,0.100938,69.050000,0.903572,0.000000,0.000000,0.000000,0.000000,0.786760,0.003480,0.786760,0.754720,1,0.600000,0.200000,0.200000,19669,87,19669,25000,19595,20138,543,74,617,0.996238,0.973036
471,0.104296,68.420000,0.940795,0.000000,0.000000,0.000000,0.000000,0.780960,0.000000,0.780960,0.726120,0,0.600000,0.200000,0.200000,19524,0,19524,25000,19433,19972,539,91,630,0.995339,0.973012
472,0.096377,68.190000,0.937731,0.000000,0.000000,0.000000,0.000000,0.790000,0.000000,0.790000,0.742240,0,0.600000,0.200000,0.200000,19750,0,19750,25000,19659,20144,485,91,576,0.995392,0.975923
473,0.088097,70.240000,0.880709,0.000000,0.000000,0.000000,0.000000,0.783400,0.000000,0.783400,0.752560,0,0.600000,0.200000,0.200000,19585,0,19585,25000,19509,20030,521,76,597,0.996119,0.973989
474,0.097903,67.700000,0.954706,0.000000,0.000000,0.000000,0.000000,0.802360,0.000000,0.802360,0.757720,0,0.600000,0.200000,0.200000,20059,0,20059,25000,19978,20444,466,81,547,0.995962,0.977206
475,0.089210,67.990000,0.954118,0.000000,0.000000,0.000000,0.000000,0.805480,0.002680,0.805480,0.762440,1,0.600000,0.200000,0.200000,20137,67,20137,25000,20060,20530,470,77,547,0.996176,0.977107
476,0.094276,68.460000,0.934022,0.000000,0.000000,0.000000,0.000000,0.785360,0.000000,0.785360,0.761040,0,0.600000,0.200000,0.200000,19634,0,19634,25000,19544,20052,508,90,598,0.995416,0.974666
477,0.094043,69.350000,0.903795,0.000000,0.000000,0.000000,0.000000,0.790760,0.000000,0.790760,0.744000,0,0.600000,0.200000,0.200000,19769,0,19769,25000,19667,20166,499,102,601,0.994840,0.975255
478,0.100295,69.370000,0.900489,0.000000,0.000000,0.000000,0.000000,0.783960,0.000000,0.783960,0.743560,0,0.600000,0.200000,0.200000,19599,0,19599,25000,19518,20062,544,81,625,0.995867,0.972884
479,0.099191,68.250000,0.954036,0.000000,0.000000,0.000000,0.000000,0.797600,0.000000,0.797600,0.762920,0,0.600000,0.200000,0.200000,19940,0,19940,25000,19841,20298,457,99,556,0.995035,0.977485
480,0.100238,65.570000,1.010473,0.000000,0.000000,0.000000,0.000000,0.778160,0.004200,0.778160,0.735200,1,0.600000,0.200000,0.200000,19454,105,19454,25000,19357,19860,503,97,600,0.995014,0.974673
481,0.094905,68.420000,0.934713,0.000000,0.000000,0.000000,0.000000,0.784200,0.000000,0.784200,0.738680,0,0.600000,0.200000,0.200000,19605,0,19605,25000,19538,20078,540,67,607,0.996583,0.973105
482,0.091217,67.540000,0.958692,0.000000,0.000000,0.000000,0.000000,0.791080,0.000000,0.791080,0.749600,0,0.600000,0.200000,0.200000,19777,0,19777,25000,19691,20174,483,86,569,0.995652,0.976058
483,0.089612,68.650000,0.935981,0.000000,0.000000,0.000000,0.000000,0.795920,0.000000,0.795920,0.739560,0,0.600000,0.200000,0.200000,19898,0,19898,25000,19816,20274,458,82,540,0.995879,0.977409
484,0.099513,67.490000,0.973533,0.000000,0.000000,0.000000,0.000000,0.780440,0.000000,0.780440,0.756400,0,0.600000,0.200000,0.200000,19511,0,19511,25000,19421,19840,419,90,509,0.995387,0.978881
485,0.094891,68.410000,0.937742,0.000000,0.000000,0.000000,0.000000,0.802000,0.002880,0.802000,0.751480,1,0.600000,0.200000,0.200000,20050,72,20050,25000,19969,20424,455,81,536,0.995960,0.977722
486,0.090593,68.620000,0.920759,0.000000,0.000000,0.000000,0.000000,0.797520,0.000000,0.797520,0.752360,0,0.600000,0.200000,0.200000,19938,0,19938,25000,19855,20308,453,83,536,0.995837,0.977694
487,0.091884,67.970000,0.956367,0.000000,0.000000,0.000000,0.000000,0.777640,0.000000,0.777640,0.742120,0,0.600000,0.200000,0.200000,19441,0,19441,25000,19372,19916,544,69,613,0.996451,0.972685
488,0.082521,67.930000,0.951503,0.000000,0.000000,0.000000,0.000000,0.776640,0.000000,0.776640,0.733440,0,0.600000,0.200000,0.200000,19416,0,19416,25000,19334,19780,446,82,528,0.995777,0.977452
489,0.094443,67.890000,0.972732,0.000000,0.000000,0.000000,0.000000,0.785160,0.000000,0.785160,0.743640,0,0.600000,0.200000,0.200000,19629,0,19629,25000,19549,20004,455,80,535,0.995924,0.977255
490,0.098878,67.570000,0.969487,0.000000,0.000000,0.000000,0.000000,0.791360,0.002960,0.791360,0.746240,1,0.600000,0.200000,0.200000,19784,74,19784,25000,19694,20146,452,90,542,0.995451,0.977564
491,0.091069,68.120000,0.934009,0.000000,0.000000,0.000000,0.000000,0.789920,0.000000,0.789920,0.726080,0,0.600000,0.200000,0.200000,19748,0,19748,25000,19658,20064,406,90,496,0.995443,0.979765
492,0.082573,67.280000,0.950901,0.000000,0.000000,0.000000,0.000000,0.793760,0.000000,0.793760,0.754880,0,0.600000,0.200000,0.200000,19844,0,19844,25000,19779,20250,471,65,536,0.996724,0.976741
493,0.084084,68.180000,0.941211,0.000000,0.000000,0.000000,0.000000,0.788720,0.000000,0.788720,0.737680,0,0.600000,0.200000,0.200000,19718,0,19718,25000,19632,20150,518,86,604,0.995639,0.974293
494,0.086850,67.860000,0.957981,0.000000,0.000000,0.000000,0.000000,0.804960,0.000000,0.804960,0.764120,0,0.600000,0.200000,0.200000,20124,0,20124,25000,20048,20452,404,76,480,0.996223,0.980246
495,0.081530,66.660000,0.987044,0.000000,0.000000,0.000000,0.000000,0.792640,0.003200,0.792640,0.742880,1,0.600000,0.200000,0.200000,19816,80,19816,25000,19735,20148,413,81,494,0.995912,0.979502
496,0.107528,66.970000,0.977608,0.000000,0.000000,0.000000,0.000000,0.781800,0.000000,0.781800,0.732840,0,0.600000,0.200000,0.200000,19545,0,19545,25000,19461,19950,489,84,573,0.995702,0.975489
497,0.102379,67.670000,0.958513,0.000000,0.000000,0.000000,0.000000,0.788040,0.000000,0.788040,0.741440,0,0.600000,0.200000,0.200000,19701,0,19701,25000,19612,20088,476,89,565,0.995482,0.976304
498,0.068374,67.470000,0.975105,0.000000,0.000000,0.000000,0.000000,0.812680,0.000000,0.812680,0.764920,0,0.600000,0.200000,0.200000,20317,0,20317,25000,20244,20710,466,73,539,0.996407,0.977499
499,0.114568,69.900000,0.894379,0.000000,0.000000,0.000000,0.000000,0.757520,0.000000,0.757520,0.742240,0,0.600000,0.200000,0.200000,18938,0,18938,25000,18848,19360,512,90,602,0.995248,0.973554
