epoch,train_loss,global_test_acc,global_test_loss,rec_apa,rec_loss,personal_apa,personal_loss,core_clean_ratio,recover_ratio,train_ratio,agreement_ratio,recovery_trigger,w_rn,w_rec,w_pfl,core_count,recover_count,train_count,total_count,actual_train_clean_count,actual_round_clean_count,missed_clean_count,false_clean_count,total_wrong_count,actual_train_clean_ratio,clean_recall
0,1.715775,25.520000,2.073470,0.000000,0.000000,0.000000,0.000000,1.000000,0.000000,1.000000,0.000000,0,1.000000,0.000000,0.000000,5000,0,5000,5000,3872,3872,0,1128,1128,0.774400,1.000000
1,1.531107,34.320000,1.871334,0.000000,0.000000,0.000000,0.000000,1.000000,0.000000,1.000000,0.000000,0,1.000000,0.000000,0.000000,5000,0,5000,5000,4142,4142,0,858,858,0.828400,1.000000
2,1.509738,29.530000,1.864222,0.000000,0.000000,0.000000,0.000000,1.000000,0.000000,1.000000,0.000000,0,1.000000,0.000000,0.000000,5000,0,5000,5000,3980,3980,0,1020,1020,0.796000,1.000000
3,1.487326,40.730000,1.731766,0.000000,0.000000,0.000000,0.000000,1.000000,0.000000,1.000000,0.000000,0,1.000000,0.000000,0.000000,5000,0,5000,5000,4014,4014,0,986,986,0.802800,1.000000
4,1.560530,35.830000,1.762958,0.000000,0.000000,0.000000,0.000000,1.000000,0.000000,1.000000,0.000000,0,1.000000,0.000000,0.000000,5000,0,5000,5000,3812,3812,0,1188,1188,0.762400,1.000000
5,1.366767,33.270000,1.785845,0.000000,0.000000,0.000000,0.000000,1.000000,0.000000,1.000000,0.000000,0,1.000000,0.000000,0.000000,5000,0,5000,5000,4064,4064,0,936,936,0.812800,1.000000
6,1.463313,40.900000,1.681385,0.000000,0.000000,0.000000,0.000000,1.000000,0.000000,1.000000,0.000000,0,1.000000,0.000000,0.000000,5000,0,5000,5000,3988,3988,0,1012,1012,0.797600,1.000000
7,1.294142,40.460000,1.668173,0.000000,0.000000,0.000000,0.000000,1.000000,0.000000,1.000000,0.000000,0,1.000000,0.000000,0.000000,5000,0,5000,5000,4094,4094,0,906,906,0.818800,1.000000
8,1.401513,44.420000,1.606155,0.000000,0.000000,0.000000,0.000000,1.000000,0.000000,1.000000,0.000000,0,1.000000,0.000000,0.000000,5000,0,5000,5000,4006,4006,0,994,994,0.801200,1.000000
9,1.428618,44.360000,1.647379,0.000000,0.000000,0.000000,0.000000,1.000000,0.000000,1.000000,0.000000,0,1.000000,0.000000,0.000000,5000,0,5000,5000,3792,3792,0,1208,1208,0.758400,1.000000
10,1.259121,45.350000,1.627380,0.000000,0.000000,0.000000,0.000000,1.000000,0.000000,1.000000,0.000000,0,1.000000,0.000000,0.000000,5000,0,5000,5000,4150,4150,0,850,850,0.830000,1.000000
11,1.361792,43.760000,1.610830,0.000000,0.000000,0.000000,0.000000,1.000000,0.000000,1.000000,0.000000,0,1.000000,0.000000,0.000000,5000,0,5000,5000,4050,4050,0,950,950,0.810000,1.000000
12,1.305633,42.840000,1.647013,0.000000,0.000000,0.000000,0.000000,1.000000,0.000000,1.000000,0.000000,0,1.000000,0.000000,0.000000,5000,0,5000,5000,4020,4020,0,980,980,0.804000,1.000000
13,1.432379,48.490000,1.543649,0.000000,0.000000,0.000000,0.000000,1.000000,0.000000,1.000000,0.000000,0,1.000000,0.000000,0.000000,5000,0,5000,5000,3794,3794,0,1206,1206,0.758800,1.000000
14,1.368961,46.540000,1.589216,0.000000,0.000000,0.000000,0.000000,1.000000,0.000000,1.000000,0.000000,0,1.000000,0.000000,0.000000,5000,0,5000,5000,3880,3880,0,1120,1120,0.776000,1.000000
15,1.357255,44.160000,1.638331,0.000000,0.000000,0.000000,0.000000,1.000000,0.000000,1.000000,0.000000,0,1.000000,0.000000,0.000000,5000,0,5000,5000,3956,3956,0,1044,1044,0.791200,1.000000
16,1.285386,38.110000,1.650894,0.000000,0.000000,0.000000,0.000000,1.000000,0.000000,1.000000,0.000000,0,1.000000,0.000000,0.000000,5000,0,5000,5000,4108,4108,0,892,892,0.821600,1.000000
17,1.327546,47.570000,1.541004,0.000000,0.000000,0.000000,0.000000,1.000000,0.000000,1.000000,0.000000,0,1.000000,0.000000,0.000000,5000,0,5000,5000,3912,3912,0,1088,1088,0.782400,1.000000
18,1.384770,51.640000,1.518892,0.000000,0.000000,0.000000,0.000000,1.000000,0.000000,1.000000,0.000000,0,1.000000,0.000000,0.000000,5000,0,5000,5000,3904,3904,0,1096,1096,0.780800,1.000000
19,1.342460,51.800000,1.475023,0.000000,0.000000,0.000000,0.000000,1.000000,0.000000,1.000000,0.000000,0,1.000000,0.000000,0.000000,5000,0,5000,5000,4030,4030,0,970,970,0.806000,1.000000
20,1.317947,50.900000,1.472223,0.000000,0.000000,0.000000,0.000000,1.000000,0.000000,1.000000,0.000000,0,1.000000,0.000000,0.000000,5000,0,5000,5000,4070,4070,0,930,930,0.814000,1.000000
21,1.269346,54.050000,1.453050,0.000000,0.000000,0.000000,0.000000,1.000000,0.000000,1.000000,0.000000,0,1.000000,0.000000,0.000000,5000,0,5000,5000,4042,4042,0,958,958,0.808400,1.000000
22,1.169123,49.370000,1.494722,0.000000,0.000000,0.000000,0.000000,1.000000,0.000000,1.000000,0.000000,0,1.000000,0.000000,0.000000,5000,0,5000,5000,4126,4126,0,874,874,0.825200,1.000000
23,1.277862,53.780000,1.461290,0.000000,0.000000,0.000000,0.000000,1.000000,0.000000,1.000000,0.000000,0,1.000000,0.000000,0.000000,5000,0,5000,5000,3964,3964,0,1036,1036,0.792800,1.000000
24,1.018555,48.280000,1.503388,0.000000,0.000000,0.000000,0.000000,1.000000,0.000000,1.000000,0.000000,0,1.000000,0.000000,0.000000,5000,0,5000,5000,4356,4356,0,644,644,0.871200,1.000000
25,1.329683,50.590000,1.520890,0.000000,0.000000,0.000000,0.000000,1.000000,0.000000,1.000000,0.000000,0,1.000000,0.000000,0.000000,5000,0,5000,5000,3880,3880,0,1120,1120,0.776000,1.000000
26,1.144167,54.950000,1.392346,0.000000,0.000000,0.000000,0.000000,1.000000,0.000000,1.000000,0.000000,0,1.000000,0.000000,0.000000,5000,0,5000,5000,4266,4266,0,734,734,0.853200,1.000000
27,1.310198,44.420000,1.531020,0.000000,0.000000,0.000000,0.000000,1.000000,0.000000,1.000000,0.000000,0,1.000000,0.000000,0.000000,5000,0,5000,5000,3892,3892,0,1108,1108,0.778400,1.000000
28,1.104522,52.100000,1.416469,0.000000,0.000000,0.000000,0.000000,1.000000,0.000000,1.000000,0.000000,0,1.000000,0.000000,0.000000,5000,0,5000,5000,4188,4188,0,812,812,0.837600,1.000000
29,1.152249,55.510000,1.396506,0.000000,0.000000,0.000000,0.000000,1.000000,0.000000,1.000000,0.000000,0,1.000000,0.000000,0.000000,5000,0,5000,5000,4116,4116,0,884,884,0.823200,1.000000
30,1.168733,50.720000,1.409974,0.000000,0.000000,0.000000,0.000000,1.000000,0.000000,1.000000,0.000000,0,1.000000,0.000000,0.000000,5000,0,5000,5000,4128,4128,0,872,872,0.825600,1.000000
31,1.273034,49.460000,1.473028,0.000000,0.000000,0.000000,0.000000,1.000000,0.000000,1.000000,0.000000,0,1.000000,0.000000,0.000000,5000,0,5000,5000,3918,3918,0,1082,1082,0.783600,1.000000
32,1.274222,54.800000,1.375364,0.000000,0.000000,0.000000,0.000000,1.000000,0.000000,1.000000,0.000000,0,1.000000,0.000000,0.000000,5000,0,5000,5000,3954,3954,0,1046,1046,0.790800,1.000000
33,1.260801,55.420000,1.415032,0.000000,0.000000,0.000000,0.000000,1.000000,0.000000,1.000000,0.000000,0,1.000000,0.000000,0.000000,5000,0,5000,5000,3892,3892,0,1108,1108,0.778400,1.000000
34,1.219742,53.990000,1.411186,0.000000,0.000000,0.000000,0.000000,1.000000,0.000000,1.000000,0.000000,0,1.000000,0.000000,0.000000,5000,0,5000,5000,4054,4054,0,946,946,0.810800,1.000000
35,1.165358,47.580000,1.525802,0.000000,0.000000,0.000000,0.000000,1.000000,0.000000,1.000000,0.000000,0,1.000000,0.000000,0.000000,5000,0,5000,5000,4088,4088,0,912,912,0.817600,1.000000
36,1.439484,51.720000,1.484592,0.000000,0.000000,0.000000,0.000000,1.000000,0.000000,1.000000,0.000000,0,1.000000,0.000000,0.000000,5000,0,5000,5000,3558,3558,0,1442,1442,0.711600,1.000000
37,1.361459,52.480000,1.460588,0.000000,0.000000,0.000000,0.000000,1.000000,0.000000,1.000000,0.000000,0,1.000000,0.000000,0.000000,5000,0,5000,5000,3782,3782,0,1218,1218,0.756400,1.000000
38,0.981890,53.300000,1.376399,0.000000,0.000000,0.000000,0.000000,1.000000,0.000000,1.000000,0.000000,0,1.000000,0.000000,0.000000,5000,0,5000,5000,4474,4474,0,526,526,0.894800,1.000000
39,1.194054,54.330000,1.396139,0.000000,0.000000,0.000000,0.000000,1.000000,0.000000,1.000000,0.000000,0,1.000000,0.000000,0.000000,5000,0,5000,5000,4048,4048,0,952,952,0.809600,1.000000
40,1.146622,52.730000,1.429046,0.000000,0.000000,0.000000,0.000000,1.000000,0.000000,1.000000,0.000000,0,1.000000,0.000000,0.000000,5000,0,5000,5000,4122,4122,0,878,878,0.824400,1.000000
41,1.182580,54.080000,1.377210,0.000000,0.000000,0.000000,0.000000,1.000000,0.000000,1.000000,0.000000,0,1.000000,0.000000,0.000000,5000,0,5000,5000,4046,4046,0,954,954,0.809200,1.000000
42,1.290576,58.260000,1.372146,0.000000,0.000000,0.000000,0.000000,1.000000,0.000000,1.000000,0.000000,0,1.000000,0.000000,0.000000,5000,0,5000,5000,3868,3868,0,1132,1132,0.773600,1.000000
43,1.203130,55.570000,1.367389,0.000000,0.000000,0.000000,0.000000,1.000000,0.000000,1.000000,0.000000,0,1.000000,0.000000,0.000000,5000,0,5000,5000,4030,4030,0,970,970,0.806000,1.000000
44,1.135619,56.290000,1.354887,0.000000,0.000000,0.000000,0.000000,1.000000,0.000000,1.000000,0.000000,0,1.000000,0.000000,0.000000,5000,0,5000,5000,4184,4184,0,816,816,0.836800,1.000000
45,1.097981,51.670000,1.444050,0.000000,0.000000,0.000000,0.000000,1.000000,0.000000,1.000000,0.000000,0,1.000000,0.000000,0.000000,5000,0,5000,5000,4080,4080,0,920,920,0.816000,1.000000
46,1.242528,53.400000,1.392197,0.000000,0.000000,0.000000,0.000000,1.000000,0.000000,1.000000,0.000000,0,1.000000,0.000000,0.000000,5000,0,5000,5000,4022,4022,0,978,978,0.804400,1.000000
47,1.186074,52.600000,1.431653,0.000000,0.000000,0.000000,0.000000,1.000000,0.000000,1.000000,0.000000,0,1.000000,0.000000,0.000000,5000,0,5000,5000,3988,3988,0,1012,1012,0.797600,1.000000
48,1.220496,57.090000,1.371205,0.000000,0.000000,0.000000,0.000000,1.000000,0.000000,1.000000,0.000000,0,1.000000,0.000000,0.000000,5000,0,5000,5000,3928,3928,0,1072,1072,0.785600,1.000000
49,1.109204,52.780000,1.404446,0.000000,0.000000,0.000000,0.000000,1.000000,0.000000,1.000000,0.000000,0,1.000000,0.000000,0.000000,5000,0,5000,5000,4072,4072,0,928,928,0.814400,1.000000
50,1.396927,59.270000,1.376482,0.000000,0.000000,0.000000,0.000000,1.000000,0.000000,1.000000,0.000000,0,1.000000,0.000000,0.000000,5000,0,5000,5000,3618,3618,0,1382,1382,0.723600,1.000000
51,1.126965,54.290000,1.417469,0.000000,0.000000,0.000000,0.000000,1.000000,0.000000,1.000000,0.000000,0,1.000000,0.000000,0.000000,5000,0,5000,5000,3982,3982,0,1018,1018,0.796400,1.000000
52,1.231086,61.100000,1.341277,0.000000,0.000000,0.000000,0.000000,1.000000,0.000000,1.000000,0.000000,0,1.000000,0.000000,0.000000,5000,0,5000,5000,3938,3938,0,1062,1062,0.787600,1.000000
53,1.115859,52.380000,1.405195,0.000000,0.000000,0.000000,0.000000,1.000000,0.000000,1.000000,0.000000,0,1.000000,0.000000,0.000000,5000,0,5000,5000,4192,4192,0,808,808,0.838400,1.000000
54,1.191628,55.810000,1.381738,0.000000,0.000000,0.000000,0.000000,1.000000,0.000000,1.000000,0.000000,0,1.000000,0.000000,0.000000,5000,0,5000,5000,3934,3934,0,1066,1066,0.786800,1.000000
55,1.211403,57.880000,1.352204,0.000000,0.000000,0.000000,0.000000,1.000000,0.000000,1.000000,0.000000,0,1.000000,0.000000,0.000000,5000,0,5000,5000,3960,3960,0,1040,1040,0.792000,1.000000
56,1.255540,60.880000,1.326002,0.000000,0.000000,0.000000,0.000000,1.000000,0.000000,1.000000,0.000000,0,1.000000,0.000000,0.000000,5000,0,5000,5000,3862,3862,0,1138,1138,0.772400,1.000000
57,1.256482,58.250000,1.353836,0.000000,0.000000,0.000000,0.000000,1.000000,0.000000,1.000000,0.000000,0,1.000000,0.000000,0.000000,5000,0,5000,5000,3886,3886,0,1114,1114,0.777200,1.000000
58,1.187589,56.570000,1.392639,0.000000,0.000000,0.000000,0.000000,1.000000,0.000000,1.000000,0.000000,0,1.000000,0.000000,0.000000,5000,0,5000,5000,3916,3916,0,1084,1084,0.783200,1.000000
59,1.205147,56.900000,1.366086,0.000000,0.000000,0.000000,0.000000,1.000000,0.000000,1.000000,0.000000,0,1.000000,0.000000,0.000000,5000,0,5000,5000,3898,3898,0,1102,1102,0.779600,1.000000
60,1.218990,54.440000,1.374881,0.000000,0.000000,0.000000,0.000000,1.000000,0.000000,1.000000,0.000000,0,1.000000,0.000000,0.000000,5000,0,5000,5000,3914,3914,0,1086,1086,0.782800,1.000000
61,1.140567,56.080000,1.352269,0.000000,0.000000,0.000000,0.000000,1.000000,0.000000,1.000000,0.000000,0,1.000000,0.000000,0.000000,5000,0,5000,5000,4030,4030,0,970,970,0.806000,1.000000
62,1.075795,56.350000,1.321350,0.000000,0.000000,0.000000,0.000000,1.000000,0.000000,1.000000,0.000000,0,1.000000,0.000000,0.000000,5000,0,5000,5000,4154,4154,0,846,846,0.830800,1.000000
63,1.233982,56.750000,1.343064,0.000000,0.000000,0.000000,0.000000,1.000000,0.000000,1.000000,0.000000,0,1.000000,0.000000,0.000000,5000,0,5000,5000,3878,3878,0,1122,1122,0.775600,1.000000
64,1.187072,60.110000,1.311419,0.000000,0.000000,0.000000,0.000000,1.000000,0.000000,1.000000,0.000000,0,1.000000,0.000000,0.000000,5000,0,5000,5000,3948,3948,0,1052,1052,0.789600,1.000000
65,0.944721,58.230000,1.273416,0.000000,0.000000,0.000000,0.000000,1.000000,0.000000,1.000000,0.000000,0,1.000000,0.000000,0.000000,5000,0,5000,5000,4362,4362,0,638,638,0.872400,1.000000
66,1.003763,59.390000,1.240952,0.000000,0.000000,0.000000,0.000000,1.000000,0.000000,1.000000,0.000000,0,1.000000,0.000000,0.000000,5000,0,5000,5000,4306,4306,0,694,694,0.861200,1.000000
67,1.157242,57.980000,1.313475,0.000000,0.000000,0.000000,0.000000,1.000000,0.000000,1.000000,0.000000,0,1.000000,0.000000,0.000000,5000,0,5000,5000,3990,3990,0,1010,1010,0.798000,1.000000
68,1.022004,57.290000,1.293219,0.000000,0.000000,0.000000,0.000000,1.000000,0.000000,1.000000,0.000000,0,1.000000,0.000000,0.000000,5000,0,5000,5000,4238,4238,0,762,762,0.847600,1.000000
69,1.271204,60.370000,1.269152,0.000000,0.000000,0.000000,0.000000,1.000000,0.000000,1.000000,0.000000,0,1.000000,0.000000,0.000000,5000,0,5000,5000,3872,3872,0,1128,1128,0.774400,1.000000
70,1.028997,56.300000,1.353209,0.000000,0.000000,0.000000,0.000000,1.000000,0.000000,1.000000,0.000000,0,1.000000,0.000000,0.000000,5000,0,5000,5000,4218,4218,0,782,782,0.843600,1.000000
71,1.188817,57.880000,1.332384,0.000000,0.000000,0.000000,0.000000,1.000000,0.000000,1.000000,0.000000,0,1.000000,0.000000,0.000000,5000,0,5000,5000,3906,3906,0,1094,1094,0.781200,1.000000
72,1.313313,58.630000,1.346427,0.000000,0.000000,0.000000,0.000000,1.000000,0.000000,1.000000,0.000000,0,1.000000,0.000000,0.000000,5000,0,5000,5000,3672,3672,0,1328,1328,0.734400,1.000000
73,1.079635,55.200000,1.338642,0.000000,0.000000,0.000000,0.000000,1.000000,0.000000,1.000000,0.000000,0,1.000000,0.000000,0.000000,5000,0,5000,5000,4138,4138,0,862,862,0.827600,1.000000
74,0.996849,56.890000,1.344355,0.000000,0.000000,0.000000,0.000000,1.000000,0.000000,1.000000,0.000000,0,1.000000,0.000000,0.000000,5000,0,5000,5000,4186,4186,0,814,814,0.837200,1.000000
75,1.177722,60.390000,1.299430,0.000000,0.000000,0.000000,0.000000,1.000000,0.000000,1.000000,0.000000,0,1.000000,0.000000,0.000000,5000,0,5000,5000,3900,3900,0,1100,1100,0.780000,1.000000
76,1.286273,56.910000,1.327152,0.000000,0.000000,0.000000,0.000000,1.000000,0.000000,1.000000,0.000000,0,1.000000,0.000000,0.000000,5000,0,5000,5000,3802,3802,0,1198,1198,0.760400,1.000000
77,1.242577,61.070000,1.289729,0.000000,0.000000,0.000000,0.000000,1.000000,0.000000,1.000000,0.000000,0,1.000000,0.000000,0.000000,5000,0,5000,5000,3904,3904,0,1096,1096,0.780800,1.000000
78,1.041044,57.140000,1.313459,0.000000,0.000000,0.000000,0.000000,1.000000,0.000000,1.000000,0.000000,0,1.000000,0.000000,0.000000,5000,0,5000,5000,4154,4154,0,846,846,0.830800,1.000000
79,1.166508,56.520000,1.326786,0.000000,0.000000,0.000000,0.000000,1.000000,0.000000,1.000000,0.000000,0,1.000000,0.000000,0.000000,5000,0,5000,5000,3960,3960,0,1040,1040,0.792000,1.000000
80,1.090462,58.770000,1.285132,0.000000,0.000000,0.000000,0.000000,1.000000,0.000000,1.000000,0.000000,0,1.000000,0.000000,0.000000,5000,0,5000,5000,4092,4092,0,908,908,0.818400,1.000000
81,1.220757,53.320000,1.384353,0.000000,0.000000,0.000000,0.000000,1.000000,0.000000,1.000000,0.000000,0,1.000000,0.000000,0.000000,5000,0,5000,5000,3806,3806,0,1194,1194,0.761200,1.000000
82,0.994624,60.610000,1.259768,0.000000,0.000000,0.000000,0.000000,1.000000,0.000000,1.000000,0.000000,0,1.000000,0.000000,0.000000,5000,0,5000,5000,4210,4210,0,790,790,0.842000,1.000000
83,1.097959,58.890000,1.287612,0.000000,0.000000,0.000000,0.000000,1.000000,0.000000,1.000000,0.000000,0,1.000000,0.000000,0.000000,5000,0,5000,5000,4072,4072,0,928,928,0.814400,1.000000
84,1.123115,59.100000,1.273671,0.000000,0.000000,0.000000,0.000000,1.000000,0.000000,1.000000,0.000000,0,1.000000,0.000000,0.000000,5000,0,5000,5000,4008,4008,0,992,992,0.801600,1.000000
85,1.108779,63.390000,1.213447,0.000000,0.000000,0.000000,0.000000,1.000000,0.000000,1.000000,0.000000,0,1.000000,0.000000,0.000000,5000,0,5000,5000,4052,4052,0,948,948,0.810400,1.000000
86,1.028923,62.770000,1.224312,0.000000,0.000000,0.000000,0.000000,1.000000,0.000000,1.000000,0.000000,0,1.000000,0.000000,0.000000,5000,0,5000,5000,4134,4134,0,866,866,0.826800,1.000000
87,1.263824,58.660000,1.326832,0.000000,0.000000,0.000000,0.000000,1.000000,0.000000,1.000000,0.000000,0,1.000000,0.000000,0.000000,5000,0,5000,5000,3744,3744,0,1256,1256,0.748800,1.000000
88,1.196313,58.250000,1.327324,0.000000,0.000000,0.000000,0.000000,1.000000,0.000000,1.000000,0.000000,0,1.000000,0.000000,0.000000,5000,0,5000,5000,3860,3860,0,1140,1140,0.772000,1.000000
89,1.119964,62.590000,1.233516,0.000000,0.000000,0.000000,0.000000,1.000000,0.000000,1.000000,0.000000,0,1.000000,0.000000,0.000000,5000,0,5000,5000,4028,4028,0,972,972,0.805600,1.000000
90,1.010104,63.630000,1.221127,0.000000,0.000000,0.000000,0.000000,1.000000,0.000000,1.000000,0.000000,0,1.000000,0.000000,0.000000,5000,0,5000,5000,4162,4162,0,838,838,0.832400,1.000000
91,0.945200,57.770000,1.311388,0.000000,0.000000,0.000000,0.000000,1.000000,0.000000,1.000000,0.000000,0,1.000000,0.000000,0.000000,5000,0,5000,5000,4256,4256,0,744,744,0.851200,1.000000
92,1.128450,62.900000,1.196266,0.000000,0.000000,0.000000,0.000000,1.000000,0.000000,1.000000,0.000000,0,1.000000,0.000000,0.000000,5000,0,5000,5000,4056,4056,0,944,944,0.811200,1.000000
93,1.080317,59.060000,1.276494,0.000000,0.000000,0.000000,0.000000,1.000000,0.000000,1.000000,0.000000,0,1.000000,0.000000,0.000000,5000,0,5000,5000,4026,4026,0,974,974,0.805200,1.000000
94,1.139386,63.250000,1.215279,0.000000,0.000000,0.000000,0.000000,1.000000,0.000000,1.000000,0.000000,0,1.000000,0.000000,0.000000,5000,0,5000,5000,3922,3922,0,1078,1078,0.784400,1.000000
95,1.104864,58.310000,1.314428,0.000000,0.000000,0.000000,0.000000,1.000000,0.000000,1.000000,0.000000,0,1.000000,0.000000,0.000000,5000,0,5000,5000,3914,3914,0,1086,1086,0.782800,1.000000
96,1.094845,61.490000,1.257014,0.000000,0.000000,0.000000,0.000000,1.000000,0.000000,1.000000,0.000000,0,1.000000,0.000000,0.000000,5000,0,5000,5000,4076,4076,0,924,924,0.815200,1.000000
97,1.181497,56.440000,1.335653,0.000000,0.000000,0.000000,0.000000,1.000000,0.000000,1.000000,0.000000,0,1.000000,0.000000,0.000000,5000,0,5000,5000,3882,3882,0,1118,1118,0.776400,1.000000
98,1.276571,58.880000,1.327434,0.000000,0.000000,0.000000,0.000000,1.000000,0.000000,1.000000,0.000000,0,1.000000,0.000000,0.000000,5000,0,5000,5000,3712,3712,0,1288,1288,0.742400,1.000000
99,1.103825,59.700000,1.286759,0.000000,0.000000,0.000000,0.000000,1.000000,0.000000,1.000000,0.000000,0,1.000000,0.000000,0.000000,5000,0,5000,5000,4026,4026,0,974,974,0.805200,1.000000
100,0.492906,60.630000,1.184574,0.000000,0.000000,0.000000,0.000000,0.717600,0.012800,0.717600,0.549200,1,0.600000,0.200000,0.200000,3588,64,3588,5000,3519,3910,391,69,460,0.980769,0.900000
101,0.307196,60.270000,1.166816,0.000000,0.000000,0.000000,0.000000,0.676800,0.000000,0.676800,0.569400,0,0.600000,0.200000,0.200000,3384,0,3384,5000,3320,3892,572,64,636,0.981087,0.853032
102,0.320167,57.070000,1.181347,0.000000,0.000000,0.000000,0.000000,0.660000,0.000000,0.660000,0.556800,0,0.600000,0.200000,0.200000,3300,0,3300,5000,3241,3836,595,59,654,0.982121,0.844891
103,0.446851,60.410000,1.134352,0.000000,0.000000,0.000000,0.000000,0.705600,0.000000,0.705600,0.492400,0,0.600000,0.200000,0.200000,3528,0,3528,5000,3467,3796,329,61,390,0.982710,0.913330
104,0.318309,55.490000,1.250150,0.000000,0.000000,0.000000,0.000000,0.723400,0.000000,0.723400,0.581000,0,0.600000,0.200000,0.200000,3617,0,3617,5000,3586,4200,614,31,645,0.991429,0.853810
105,0.332947,61.480000,1.122020,0.000000,0.000000,0.000000,0.000000,0.726400,0.015200,0.726400,0.580200,1,0.600000,0.200000,0.200000,3632,76,3632,5000,3566,4060,494,66,560,0.981828,0.878325
106,0.374476,56.960000,1.180622,0.000000,0.000000,0.000000,0.000000,0.734600,0.000000,0.734600,0.517000,0,0.600000,0.200000,0.200000,3673,0,3673,5000,3616,4108,492,57,549,0.984481,0.880234
107,0.440016,60.040000,1.128345,0.000000,0.000000,0.000000,0.000000,0.710000,0.000000,0.710000,0.432200,0,0.600000,0.200000,0.200000,3550,0,3550,5000,3481,3900,419,69,488,0.980563,0.892564
108,0.286811,63.490000,1.067745,0.000000,0.000000,0.000000,0.000000,0.683400,0.000000,0.683400,0.538000,0,0.600000,0.200000,0.200000,3417,0,3417,5000,3367,3888,521,50,571,0.985367,0.865998
109,0.301241,63.510000,1.056731,0.000000,0.000000,0.000000,0.000000,0.751200,0.000000,0.751200,0.559600,0,0.600000,0.200000,0.200000,3756,0,3756,5000,3735,4322,587,21,608,0.994409,0.864183
110,0.324525,60.480000,1.121582,0.000000,0.000000,0.000000,0.000000,0.717000,0.014000,0.717000,0.574000,1,0.600000,0.200000,0.200000,3585,70,3585,5000,3520,3952,432,65,497,0.981869,0.890688
111,0.388372,67.700000,0.946436,0.000000,0.000000,0.000000,0.000000,0.702000,0.000000,0.702000,0.564000,0,0.600000,0.200000,0.200000,3510,0,3510,5000,3430,3826,396,80,476,0.977208,0.896498
112,0.333707,63.880000,1.037089,0.000000,0.000000,0.000000,0.000000,0.721400,0.000000,0.721400,0.572600,0,0.600000,0.200000,0.200000,3607,0,3607,5000,3549,4008,459,58,517,0.983920,0.885479
113,0.294460,61.610000,1.120174,0.000000,0.000000,0.000000,0.000000,0.689200,0.000000,0.689200,0.592800,0,0.600000,0.200000,0.200000,3446,0,3446,5000,3394,3832,438,52,490,0.984910,0.885699
114,0.271295,62.930000,1.084160,0.000000,0.000000,0.000000,0.000000,0.685400,0.000000,0.685400,0.583000,0,0.600000,0.200000,0.200000,3427,0,3427,5000,3383,3866,483,44,527,0.987161,0.875065
115,0.299983,60.850000,1.130379,0.000000,0.000000,0.000000,0.000000,0.733600,0.016200,0.733600,0.578200,1,0.600000,0.200000,0.200000,3668,81,3668,5000,3620,4080,460,48,508,0.986914,0.887255
116,0.298224,66.390000,0.984173,0.000000,0.000000,0.000000,0.000000,0.672000,0.000000,0.672000,0.522400,0,0.600000,0.200000,0.200000,3360,0,3360,5000,3309,3770,461,51,512,0.984821,0.877719
117,0.329312,64.790000,1.044681,0.000000,0.000000,0.000000,0.000000,0.751200,0.000000,0.751200,0.545200,0,0.600000,0.200000,0.200000,3756,0,3756,5000,3691,4128,437,65,502,0.982694,0.894138
118,0.278210,64.620000,1.039692,0.000000,0.000000,0.000000,0.000000,0.710200,0.000000,0.710200,0.600400,0,0.600000,0.200000,0.200000,3551,0,3551,5000,3500,3888,388,51,439,0.985638,0.900206
119,0.303567,66.130000,0.990131,0.000000,0.000000,0.000000,0.000000,0.705200,0.000000,0.705200,0.633600,0,0.600000,0.200000,0.200000,3526,0,3526,5000,3474,3964,490,52,542,0.985252,0.876387
120,0.318882,67.770000,0.946661,0.000000,0.000000,0.000000,0.000000,0.658600,0.012600,0.658600,0.619800,1,0.600000,0.200000,0.200000,3293,63,3293,5000,3190,3604,414,103,517,0.968722,0.885128
121,0.361194,64.870000,1.014790,0.000000,0.000000,0.000000,0.000000,0.760400,0.000000,0.760400,0.573600,0,0.600000,0.200000,0.200000,3802,0,3802,5000,3772,4282,510,30,540,0.992109,0.880897
122,0.269518,59.690000,1.242897,0.000000,0.000000,0.000000,0.000000,0.657800,0.000000,0.657800,0.628200,0,0.600000,0.200000,0.200000,3289,0,3289,5000,3221,3582,361,68,429,0.979325,0.899218
123,0.295997,58.780000,1.261424,0.000000,0.000000,0.000000,0.000000,0.712400,0.000000,0.712400,0.559400,0,0.600000,0.200000,0.200000,3562,0,3562,5000,3533,4106,573,29,602,0.991859,0.860448
124,0.333826,68.830000,0.916177,0.000000,0.000000,0.000000,0.000000,0.690800,0.000000,0.690800,0.537800,0,0.600000,0.200000,0.200000,3454,0,3454,5000,3371,3788,417,83,500,0.975970,0.889916
125,0.263262,63.660000,1.078511,0.000000,0.000000,0.000000,0.000000,0.751400,0.013400,0.751400,0.640800,1,0.600000,0.200000,0.200000,3757,67,3757,5000,3732,4188,456,25,481,0.993346,0.891117
126,0.269047,62.600000,1.095799,0.000000,0.000000,0.000000,0.000000,0.768400,0.000000,0.768400,0.630800,0,0.600000,0.200000,0.200000,3842,0,3842,5000,3817,4344,527,25,552,0.993493,0.878683
127,0.260452,68.520000,0.931173,0.000000,0.000000,0.000000,0.000000,0.757200,0.000000,0.757200,0.639600,0,0.600000,0.200000,0.200000,3786,0,3786,5000,3763,4266,503,23,526,0.993925,0.882091
128,0.320237,69.190000,0.902003,0.000000,0.000000,0.000000,0.000000,0.690200,0.000000,0.690200,0.625000,0,0.600000,0.200000,0.200000,3451,0,3451,5000,3380,3810,430,71,501,0.979426,0.887139
129,0.263581,66.340000,0.992306,0.000000,0.000000,0.000000,0.000000,0.740800,0.000000,0.740800,0.612600,0,0.600000,0.200000,0.200000,3704,0,3704,5000,3664,4046,382,40,422,0.989201,0.905586
130,0.299363,66.330000,0.994129,0.000000,0.000000,0.000000,0.000000,0.686600,0.012800,0.686600,0.568600,1,0.600000,0.200000,0.200000,3433,64,3433,5000,3366,3808,442,67,509,0.980484,0.883929
131,0.256274,63.910000,1.073949,0.000000,0.000000,0.000000,0.000000,0.720000,0.000000,0.720000,0.591400,0,0.600000,0.200000,0.200000,3600,0,3600,5000,3563,4110,547,37,584,0.989722,0.866910
132,0.274260,64.710000,1.049416,0.000000,0.000000,0.000000,0.000000,0.730400,0.000000,0.730400,0.654200,0,0.600000,0.200000,0.200000,3652,0,3652,5000,3602,4074,472,50,522,0.986309,0.884143
133,0.332919,64.590000,1.060690,0.000000,0.000000,0.000000,0.000000,0.698600,0.000000,0.698600,0.519600,0,0.600000,0.200000,0.200000,3493,0,3493,5000,3461,3956,495,32,527,0.990839,0.874874
134,0.322676,64.070000,1.052037,0.000000,0.000000,0.000000,0.000000,0.742800,0.000000,0.742800,0.603000,0,0.600000,0.200000,0.200000,3714,0,3714,5000,3685,4170,485,29,514,0.992192,0.883693
135,0.325210,64.850000,1.023621,0.000000,0.000000,0.000000,0.000000,0.680000,0.008800,0.680000,0.609200,1,0.600000,0.200000,0.200000,3400,44,3400,5000,3351,3714,363,49,412,0.985588,0.902262
136,0.241633,65.230000,1.028168,0.000000,0.000000,0.000000,0.000000,0.766600,0.000000,0.766600,0.623800,0,0.600000,0.200000,0.200000,3833,0,3833,5000,3801,4318,517,32,549,0.991651,0.880269
137,0.313233,61.900000,1.152859,0.000000,0.000000,0.000000,0.000000,0.730600,0.000000,0.730600,0.589800,0,0.600000,0.200000,0.200000,3653,0,3653,5000,3588,3972,384,65,449,0.982206,0.903323
138,0.281696,66.210000,1.015501,0.000000,0.000000,0.000000,0.000000,0.717200,0.000000,0.717200,0.542000,0,0.600000,0.200000,0.200000,3586,0,3586,5000,3551,4062,511,35,546,0.990240,0.874200
139,0.286322,65.420000,1.063611,0.000000,0.000000,0.000000,0.000000,0.712200,0.000000,0.712200,0.601600,0,0.600000,0.200000,0.200000,3561,0,3561,5000,3493,3872,379,68,447,0.980904,0.902118
140,0.261867,65.720000,1.034432,0.000000,0.000000,0.000000,0.000000,0.691000,0.022200,0.691000,0.567200,1,0.600000,0.200000,0.200000,3455,111,3455,5000,3408,4026,618,47,665,0.986397,0.846498
141,0.260358,60.810000,1.232228,0.000000,0.000000,0.000000,0.000000,0.738800,0.000000,0.738800,0.624400,0,0.600000,0.200000,0.200000,3694,0,3694,5000,3635,4042,407,59,466,0.984028,0.899307
142,0.378650,65.880000,1.012684,0.000000,0.000000,0.000000,0.000000,0.722400,0.000000,0.722400,0.597800,0,0.600000,0.200000,0.200000,3612,0,3612,5000,3571,3914,343,41,384,0.988649,0.912366
143,0.258109,66.050000,1.028873,0.000000,0.000000,0.000000,0.000000,0.686400,0.000000,0.686400,0.622400,0,0.600000,0.200000,0.200000,3432,0,3432,5000,3383,3800,417,49,466,0.985723,0.890263
144,0.280194,66.260000,1.045084,0.000000,0.000000,0.000000,0.000000,0.693200,0.000000,0.693200,0.645800,0,0.600000,0.200000,0.200000,3466,0,3466,5000,3413,3840,427,53,480,0.984709,0.888802
145,0.257159,66.830000,0.982993,0.000000,0.000000,0.000000,0.000000,0.665400,0.016400,0.665400,0.615000,1,0.600000,0.200000,0.200000,3327,82,3327,5000,3291,3760,469,36,505,0.989179,0.875266
146,0.295103,69.930000,0.896685,0.000000,0.000000,0.000000,0.000000,0.753400,0.000000,0.753400,0.646000,0,0.600000,0.200000,0.200000,3767,0,3767,5000,3728,4194,466,39,505,0.989647,0.888889
147,0.358725,65.840000,1.024184,0.000000,0.000000,0.000000,0.000000,0.735800,0.000000,0.735800,0.625200,0,0.600000,0.200000,0.200000,3679,0,3679,5000,3628,4036,408,51,459,0.986138,0.898910
148,0.247886,66.620000,0.996402,0.000000,0.000000,0.000000,0.000000,0.759400,0.000000,0.759400,0.570400,0,0.600000,0.200000,0.200000,3797,0,3797,5000,3779,4268,489,18,507,0.995259,0.885426
149,0.293932,67.980000,0.955605,0.000000,0.000000,0.000000,0.000000,0.699200,0.000000,0.699200,0.614000,0,0.600000,0.200000,0.200000,3496,0,3496,5000,3432,3908,476,64,540,0.981693,0.878199
150,0.266551,70.080000,0.909821,0.000000,0.000000,0.000000,0.000000,0.731600,0.014800,0.731600,0.646600,1,0.600000,0.200000,0.200000,3658,74,3658,5000,3621,4114,493,37,530,0.989885,0.880165
151,0.237054,68.040000,0.972142,0.000000,0.000000,0.000000,0.000000,0.668600,0.000000,0.668600,0.659400,0,0.600000,0.200000,0.200000,3343,0,3343,5000,3281,3602,321,62,383,0.981454,0.910883
152,0.256369,70.390000,0.890676,0.000000,0.000000,0.000000,0.000000,0.675800,0.000000,0.675800,0.626200,0,0.600000,0.200000,0.200000,3379,0,3379,5000,3328,3766,438,51,489,0.984907,0.883696
153,0.221088,66.370000,0.995331,0.000000,0.000000,0.000000,0.000000,0.655800,0.000000,0.655800,0.668800,0,0.600000,0.200000,0.200000,3279,0,3279,5000,3237,3604,367,42,409,0.987191,0.898169
154,0.333066,70.550000,0.879330,0.000000,0.000000,0.000000,0.000000,0.714200,0.000000,0.714200,0.634200,0,0.600000,0.200000,0.200000,3571,0,3571,5000,3498,3906,408,73,481,0.979558,0.895545
155,0.205022,67.050000,1.018265,0.000000,0.000000,0.000000,0.000000,0.764000,0.011200,0.764000,0.675000,1,0.600000,0.200000,0.200000,3820,56,3820,5000,3794,4174,380,26,406,0.993194,0.908960
156,0.403493,66.230000,1.016503,0.000000,0.000000,0.000000,0.000000,0.684200,0.000000,0.684200,0.614800,0,0.600000,0.200000,0.200000,3421,0,3421,5000,3349,3814,465,72,537,0.978954,0.878081
157,0.292341,68.350000,0.942117,0.000000,0.000000,0.000000,0.000000,0.722800,0.000000,0.722800,0.641200,0,0.600000,0.200000,0.200000,3614,0,3614,5000,3553,3962,409,61,470,0.983121,0.896769
158,0.292109,65.090000,1.048374,0.000000,0.000000,0.000000,0.000000,0.742400,0.000000,0.742400,0.674600,0,0.600000,0.200000,0.200000,3712,0,3712,5000,3675,4084,409,37,446,0.990032,0.899853
159,0.242048,69.010000,0.932715,0.000000,0.000000,0.000000,0.000000,0.718000,0.000000,0.718000,0.615000,0,0.600000,0.200000,0.200000,3590,0,3590,5000,3540,3936,396,50,446,0.986072,0.899390
160,0.216998,68.180000,0.963050,0.000000,0.000000,0.000000,0.000000,0.715600,0.013200,0.715600,0.657600,1,0.600000,0.200000,0.200000,3578,66,3578,5000,3542,4012,470,36,506,0.989939,0.882851
161,0.262064,67.210000,1.028544,0.000000,0.000000,0.000000,0.000000,0.781000,0.000000,0.781000,0.664200,0,0.600000,0.200000,0.200000,3905,0,3905,5000,3867,4272,405,38,443,0.990269,0.905197
162,0.231680,68.210000,0.993118,0.000000,0.000000,0.000000,0.000000,0.690000,0.000000,0.690000,0.691000,0,0.600000,0.200000,0.200000,3450,0,3450,5000,3410,3772,362,40,402,0.988406,0.904030
163,0.191477,66.820000,1.019521,0.000000,0.000000,0.000000,0.000000,0.712000,0.000000,0.712000,0.686000,0,0.600000,0.200000,0.200000,3560,0,3560,5000,3535,3998,463,25,488,0.992978,0.884192
164,0.275530,60.760000,1.200313,0.000000,0.000000,0.000000,0.000000,0.701600,0.000000,0.701600,0.689400,0,0.600000,0.200000,0.200000,3508,0,3508,5000,3453,3878,425,55,480,0.984322,0.890407
165,0.286512,70.520000,0.893133,0.000000,0.000000,0.000000,0.000000,0.706600,0.011000,0.706600,0.542800,1,0.600000,0.200000,0.200000,3533,55,3533,5000,3493,3904,411,40,451,0.988678,0.894723
166,0.238633,70.990000,0.880490,0.000000,0.000000,0.000000,0.000000,0.728600,0.000000,0.728600,0.674800,0,0.600000,0.200000,0.200000,3643,0,3643,5000,3603,4046,443,40,483,0.989020,0.890509
167,0.217971,66.850000,1.017732,0.000000,0.000000,0.000000,0.000000,0.741000,0.000000,0.741000,0.672200,0,0.600000,0.200000,0.200000,3705,0,3705,5000,3663,4038,375,42,417,0.988664,0.907132
168,0.310272,67.960000,0.941426,0.000000,0.000000,0.000000,0.000000,0.717600,0.000000,0.717600,0.627400,0,0.600000,0.200000,0.200000,3588,0,3588,5000,3518,3902,384,70,454,0.980491,0.901589
169,0.260674,70.510000,0.885356,0.000000,0.000000,0.000000,0.000000,0.710800,0.000000,0.710800,0.637800,0,0.600000,0.200000,0.200000,3554,0,3554,5000,3505,3910,405,49,454,0.986213,0.896419
170,0.202054,69.770000,0.910450,0.000000,0.000000,0.000000,0.000000,0.740400,0.006600,0.740400,0.701400,1,0.600000,0.200000,0.200000,3702,33,3702,5000,3666,4046,380,36,416,0.990276,0.906080
171,0.232364,71.410000,0.870700,0.000000,0.000000,0.000000,0.000000,0.764800,0.000000,0.764800,0.680200,0,0.600000,0.200000,0.200000,3824,0,3824,5000,3785,4208,423,39,462,0.989801,0.899477
172,0.260322,64.780000,1.064791,0.000000,0.000000,0.000000,0.000000,0.766600,0.000000,0.766600,0.709800,0,0.600000,0.200000,0.200000,3833,0,3833,5000,3801,4200,399,32,431,0.991651,0.905000
173,0.199268,68.700000,0.953179,0.000000,0.000000,0.000000,0.000000,0.722400,0.000000,0.722400,0.608800,0,0.600000,0.200000,0.200000,3612,0,3612,5000,3562,3948,386,50,436,0.986157,0.902229
174,0.196461,67.690000,0.984407,0.000000,0.000000,0.000000,0.000000,0.764800,0.000000,0.764800,0.673200,0,0.600000,0.200000,0.200000,3824,0,3824,5000,3802,4238,436,22,458,0.994247,0.897121
175,0.243471,69.400000,0.940814,0.000000,0.000000,0.000000,0.000000,0.666200,0.012400,0.666200,0.674400,1,0.600000,0.200000,0.200000,3331,62,3331,5000,3267,3638,371,64,435,0.980787,0.898021
176,0.177230,68.120000,1.009688,0.000000,0.000000,0.000000,0.000000,0.733400,0.000000,0.733400,0.708600,0,0.600000,0.200000,0.200000,3667,0,3667,5000,3643,4126,483,24,507,0.993455,0.882937
177,0.378993,64.230000,1.127842,0.000000,0.000000,0.000000,0.000000,0.705000,0.000000,0.705000,0.707000,0,0.600000,0.200000,0.200000,3525,0,3525,5000,3461,3782,321,64,385,0.981844,0.915124
178,0.267616,68.630000,0.980542,0.000000,0.000000,0.000000,0.000000,0.696000,0.000000,0.696000,0.639600,0,0.600000,0.200000,0.200000,3480,0,3480,5000,3428,3958,530,52,582,0.985057,0.866094
179,0.235931,68.830000,0.934270,0.000000,0.000000,0.000000,0.000000,0.748000,0.000000,0.748000,0.612400,0,0.600000,0.200000,0.200000,3740,0,3740,5000,3690,4284,594,50,644,0.986631,0.861345
180,0.259776,70.810000,0.912688,0.000000,0.000000,0.000000,0.000000,0.760200,0.009000,0.760200,0.694200,1,0.600000,0.200000,0.200000,3801,45,3801,5000,3760,4114,354,41,395,0.989213,0.913952
181,0.275945,65.150000,1.094960,0.000000,0.000000,0.000000,0.000000,0.748800,0.000000,0.748800,0.704800,0,0.600000,0.200000,0.200000,3744,0,3744,5000,3709,4150,441,35,476,0.990652,0.893735
182,0.211411,67.350000,1.010910,0.000000,0.000000,0.000000,0.000000,0.689800,0.000000,0.689800,0.693400,0,0.600000,0.200000,0.200000,3449,0,3449,5000,3406,3862,456,43,499,0.987533,0.881926
183,0.217651,65.460000,1.101862,0.000000,0.000000,0.000000,0.000000,0.753000,0.000000,0.753000,0.675400,0,0.600000,0.200000,0.200000,3765,0,3765,5000,3732,4042,310,33,343,0.991235,0.923305
184,0.201579,69.360000,0.945369,0.000000,0.000000,0.000000,0.000000,0.719200,0.000000,0.719200,0.586400,0,0.600000,0.200000,0.200000,3596,0,3596,5000,3562,4278,716,34,750,0.990545,0.832632
185,0.271904,68.320000,0.987535,0.000000,0.000000,0.000000,0.000000,0.750400,0.009600,0.750400,0.711800,1,0.600000,0.200000,0.200000,3752,48,3752,5000,3720,4076,356,32,388,0.991471,0.912659
186,0.206635,67.310000,1.018492,0.000000,0.000000,0.000000,0.000000,0.711200,0.000000,0.711200,0.666400,0,0.600000,0.200000,0.200000,3556,0,3556,5000,3522,3922,400,34,434,0.990439,0.898011
187,0.201964,67.560000,1.018294,0.000000,0.000000,0.000000,0.000000,0.786200,0.000000,0.786200,0.653000,0,0.600000,0.200000,0.200000,3931,0,3931,5000,3903,4346,443,28,471,0.992877,0.898067
188,0.238671,70.950000,0.895964,0.000000,0.000000,0.000000,0.000000,0.722400,0.000000,0.722400,0.651600,0,0.600000,0.200000,0.200000,3612,0,3612,5000,3577,4086,509,35,544,0.990310,0.875428
189,0.225282,68.350000,0.962568,0.000000,0.000000,0.000000,0.000000,0.703800,0.000000,0.703800,0.633800,0,0.600000,0.200000,0.200000,3519,0,3519,5000,3471,4032,561,48,609,0.986360,0.860863
190,0.205470,67.520000,1.051869,0.000000,0.000000,0.000000,0.000000,0.693200,0.013000,0.693200,0.677800,1,0.600000,0.200000,0.200000,3466,65,3466,5000,3432,3930,498,34,532,0.990190,0.873282
191,0.234481,68.730000,0.957598,0.000000,0.000000,0.000000,0.000000,0.731800,0.000000,0.731800,0.660400,0,0.600000,0.200000,0.200000,3659,0,3659,5000,3626,4008,382,33,415,0.990981,0.904691
192,0.283093,72.270000,0.846724,0.000000,0.000000,0.000000,0.000000,0.752200,0.000000,0.752200,0.665800,0,0.600000,0.200000,0.200000,3761,0,3761,5000,3723,4142,419,38,457,0.989896,0.898841
193,0.248032,69.230000,0.952313,0.000000,0.000000,0.000000,0.000000,0.733200,0.000000,0.733200,0.720600,0,0.600000,0.200000,0.200000,3666,0,3666,5000,3637,4020,383,29,412,0.992089,0.904726
194,0.214471,70.410000,0.926653,0.000000,0.000000,0.000000,0.000000,0.749200,0.000000,0.749200,0.652200,0,0.600000,0.200000,0.200000,3746,0,3746,5000,3712,4144,432,34,466,0.990924,0.895753
195,0.225881,67.350000,1.033824,0.000000,0.000000,0.000000,0.000000,0.765800,0.011400,0.765800,0.661600,1,0.600000,0.200000,0.200000,3829,57,3829,5000,3793,4172,379,36,415,0.990598,0.909156
196,0.224692,66.460000,1.029683,0.000000,0.000000,0.000000,0.000000,0.731400,0.000000,0.731400,0.589800,0,0.600000,0.200000,0.200000,3657,0,3657,5000,3621,4038,417,36,453,0.990156,0.896731
197,0.195109,66.410000,1.034114,0.000000,0.000000,0.000000,0.000000,0.707600,0.000000,0.707600,0.676400,0,0.600000,0.200000,0.200000,3538,0,3538,5000,3508,3900,392,30,422,0.991521,0.899487
198,0.253566,69.730000,0.918359,0.000000,0.000000,0.000000,0.000000,0.744600,0.000000,0.744600,0.661800,0,0.600000,0.200000,0.200000,3723,0,3723,5000,3687,4114,427,36,463,0.990330,0.896208
199,0.166813,68.030000,0.987347,0.000000,0.000000,0.000000,0.000000,0.743600,0.000000,0.743600,0.697000,0,0.600000,0.200000,0.200000,3718,0,3718,5000,3694,4190,496,24,520,0.993545,0.881623
200,0.208186,67.740000,0.973260,0.000000,0.000000,0.000000,0.000000,0.742400,0.011000,0.742400,0.718800,1,0.600000,0.200000,0.200000,3712,55,3712,5000,3681,4104,423,31,454,0.991649,0.896930
201,0.170661,68.040000,1.000655,0.000000,0.000000,0.000000,0.000000,0.735600,0.000000,0.735600,0.633800,0,0.600000,0.200000,0.200000,3678,0,3678,5000,3654,4146,492,24,516,0.993475,0.881331
202,0.210841,70.110000,0.930187,0.000000,0.000000,0.000000,0.000000,0.694800,0.000000,0.694800,0.701200,0,0.600000,0.200000,0.200000,3474,0,3474,5000,3433,3818,385,41,426,0.988198,0.899162
203,0.192434,69.930000,0.940589,0.000000,0.000000,0.000000,0.000000,0.716600,0.000000,0.716600,0.690400,0,0.600000,0.200000,0.200000,3583,0,3583,5000,3549,3964,415,34,449,0.990511,0.895308
204,0.213334,63.210000,1.163417,0.000000,0.000000,0.000000,0.000000,0.795200,0.000000,0.795200,0.664000,0,0.600000,0.200000,0.200000,3976,0,3976,5000,3959,4368,409,17,426,0.995724,0.906364
205,0.312759,67.890000,1.023900,0.000000,0.000000,0.000000,0.000000,0.699400,0.011000,0.699400,0.649000,1,0.600000,0.200000,0.200000,3497,55,3497,5000,3451,3788,337,46,383,0.986846,0.911035
206,0.193476,65.500000,1.070558,0.000000,0.000000,0.000000,0.000000,0.757600,0.000000,0.757600,0.687800,0,0.600000,0.200000,0.200000,3788,0,3788,5000,3760,4264,504,28,532,0.992608,0.881801
