epoch,train_loss,global_test_acc,global_test_loss,rec_apa,rec_loss,personal_apa,personal_loss,core_clean_ratio,recover_ratio,train_ratio,agreement_ratio,recovery_trigger,w_rn,w_rec,w_pfl,core_count,recover_count,train_count,total_count,actual_train_clean_count,actual_round_clean_count,missed_clean_count,false_clean_count,total_wrong_count,actual_train_clean_ratio,clean_recall
0,1.643069,18.240000,2.237046,0.000000,0.000000,0.000000,0.000000,1.000000,0.000000,1.000000,0.000000,0,1.000000,0.000000,0.000000,25000,0,25000,25000,15368,15368,0,9632,9632,0.614720,1.000000
1,1.688993,23.930000,2.160990,0.000000,0.000000,0.000000,0.000000,1.000000,0.000000,1.000000,0.000000,0,1.000000,0.000000,0.000000,25000,0,25000,25000,14536,14536,0,10464,10464,0.581440,1.000000
2,1.681233,25.670000,2.134287,0.000000,0.000000,0.000000,0.000000,1.000000,0.000000,1.000000,0.000000,0,1.000000,0.000000,0.000000,25000,0,25000,25000,14336,14336,0,10664,10664,0.573440,1.000000
3,1.665698,26.660000,2.116951,0.000000,0.000000,0.000000,0.000000,1.000000,0.000000,1.000000,0.000000,0,1.000000,0.000000,0.000000,25000,0,25000,25000,14136,14136,0,10864,10864,0.565440,1.000000
4,1.523692,30.310000,2.084815,0.000000,0.000000,0.000000,0.000000,1.000000,0.000000,1.000000,0.000000,0,1.000000,0.000000,0.000000,25000,0,25000,25000,15684,15684,0,9316,9316,0.627360,1.000000
5,1.535406,31.170000,2.067840,0.000000,0.000000,0.000000,0.000000,1.000000,0.000000,1.000000,0.000000,0,1.000000,0.000000,0.000000,25000,0,25000,25000,15264,15264,0,9736,9736,0.610560,1.000000
6,1.564773,31.280000,2.058966,0.000000,0.000000,0.000000,0.000000,1.000000,0.000000,1.000000,0.000000,0,1.000000,0.000000,0.000000,25000,0,25000,25000,15084,15084,0,9916,9916,0.603360,1.000000
7,1.595422,29.830000,2.064730,0.000000,0.000000,0.000000,0.000000,1.000000,0.000000,1.000000,0.000000,0,1.000000,0.000000,0.000000,25000,0,25000,25000,14776,14776,0,10224,10224,0.591040,1.000000
8,1.461751,32.300000,2.042046,0.000000,0.000000,0.000000,0.000000,1.000000,0.000000,1.000000,0.000000,0,1.000000,0.000000,0.000000,25000,0,25000,25000,16124,16124,0,8876,8876,0.644960,1.000000
9,1.587634,36.340000,2.022328,0.000000,0.000000,0.000000,0.000000,1.000000,0.000000,1.000000,0.000000,0,1.000000,0.000000,0.000000,25000,0,25000,25000,14788,14788,0,10212,10212,0.591520,1.000000
10,1.544479,34.800000,2.026901,0.000000,0.000000,0.000000,0.000000,1.000000,0.000000,1.000000,0.000000,0,1.000000,0.000000,0.000000,25000,0,25000,25000,15144,15144,0,9856,9856,0.605760,1.000000
11,1.513616,35.620000,2.006431,0.000000,0.000000,0.000000,0.000000,1.000000,0.000000,1.000000,0.000000,0,1.000000,0.000000,0.000000,25000,0,25000,25000,15068,15068,0,9932,9932,0.602720,1.000000
12,1.455894,35.240000,2.000273,0.000000,0.000000,0.000000,0.000000,1.000000,0.000000,1.000000,0.000000,0,1.000000,0.000000,0.000000,25000,0,25000,25000,15948,15948,0,9052,9052,0.637920,1.000000
13,1.413860,36.330000,1.992859,0.000000,0.000000,0.000000,0.000000,1.000000,0.000000,1.000000,0.000000,0,1.000000,0.000000,0.000000,25000,0,25000,25000,15984,15984,0,9016,9016,0.639360,1.000000
14,1.563474,35.710000,2.003064,0.000000,0.000000,0.000000,0.000000,1.000000,0.000000,1.000000,0.000000,0,1.000000,0.000000,0.000000,25000,0,25000,25000,14752,14752,0,10248,10248,0.590080,1.000000
15,1.548668,34.410000,2.013734,0.000000,0.000000,0.000000,0.000000,1.000000,0.000000,1.000000,0.000000,0,1.000000,0.000000,0.000000,25000,0,25000,25000,14976,14976,0,10024,10024,0.599040,1.000000
16,1.597527,35.260000,2.013827,0.000000,0.000000,0.000000,0.000000,1.000000,0.000000,1.000000,0.000000,0,1.000000,0.000000,0.000000,25000,0,25000,25000,14508,14508,0,10492,10492,0.580320,1.000000
17,1.565305,36.140000,2.010833,0.000000,0.000000,0.000000,0.000000,1.000000,0.000000,1.000000,0.000000,0,1.000000,0.000000,0.000000,25000,0,25000,25000,14772,14772,0,10228,10228,0.590880,1.000000
18,1.557827,37.500000,2.001121,0.000000,0.000000,0.000000,0.000000,1.000000,0.000000,1.000000,0.000000,0,1.000000,0.000000,0.000000,25000,0,25000,25000,14644,14644,0,10356,10356,0.585760,1.000000
19,1.497281,36.550000,1.996919,0.000000,0.000000,0.000000,0.000000,1.000000,0.000000,1.000000,0.000000,0,1.000000,0.000000,0.000000,25000,0,25000,25000,15372,15372,0,9628,9628,0.614880,1.000000
20,1.614822,37.910000,2.001877,0.000000,0.000000,0.000000,0.000000,1.000000,0.000000,1.000000,0.000000,0,1.000000,0.000000,0.000000,25000,0,25000,25000,13976,13976,0,11024,11024,0.559040,1.000000
21,1.453811,36.150000,1.994835,0.000000,0.000000,0.000000,0.000000,1.000000,0.000000,1.000000,0.000000,0,1.000000,0.000000,0.000000,25000,0,25000,25000,15836,15836,0,9164,9164,0.633440,1.000000
22,1.512353,37.120000,1.996693,0.000000,0.000000,0.000000,0.000000,1.000000,0.000000,1.000000,0.000000,0,1.000000,0.000000,0.000000,25000,0,25000,25000,15064,15064,0,9936,9936,0.602560,1.000000
23,1.459823,37.200000,1.987273,0.000000,0.000000,0.000000,0.000000,1.000000,0.000000,1.000000,0.000000,0,1.000000,0.000000,0.000000,25000,0,25000,25000,15352,15352,0,9648,9648,0.614080,1.000000
24,1.508208,36.830000,1.974411,0.000000,0.000000,0.000000,0.000000,1.000000,0.000000,1.000000,0.000000,0,1.000000,0.000000,0.000000,25000,0,25000,25000,14924,14924,0,10076,10076,0.596960,1.000000
25,1.513118,38.240000,1.970007,0.000000,0.000000,0.000000,0.000000,1.000000,0.000000,1.000000,0.000000,0,1.000000,0.000000,0.000000,25000,0,25000,25000,15236,15236,0,9764,9764,0.609440,1.000000
26,1.548189,38.740000,1.966002,0.000000,0.000000,0.000000,0.000000,1.000000,0.000000,1.000000,0.000000,0,1.000000,0.000000,0.000000,25000,0,25000,25000,14680,14680,0,10320,10320,0.587200,1.000000
27,1.466663,35.360000,1.991002,0.000000,0.000000,0.000000,0.000000,1.000000,0.000000,1.000000,0.000000,0,1.000000,0.000000,0.000000,25000,0,25000,25000,15732,15732,0,9268,9268,0.629280,1.000000
28,1.470947,39.750000,1.961172,0.000000,0.000000,0.000000,0.000000,1.000000,0.000000,1.000000,0.000000,0,1.000000,0.000000,0.000000,25000,0,25000,25000,15304,15304,0,9696,9696,0.612160,1.000000
29,1.560850,33.760000,2.001543,0.000000,0.000000,0.000000,0.000000,1.000000,0.000000,1.000000,0.000000,0,1.000000,0.000000,0.000000,25000,0,25000,25000,14700,14700,0,10300,10300,0.588000,1.000000
30,1.540962,38.430000,1.985091,0.000000,0.000000,0.000000,0.000000,1.000000,0.000000,1.000000,0.000000,0,1.000000,0.000000,0.000000,25000,0,25000,25000,14480,14480,0,10520,10520,0.579200,1.000000
31,1.412329,38.710000,1.970973,0.000000,0.000000,0.000000,0.000000,1.000000,0.000000,1.000000,0.000000,0,1.000000,0.000000,0.000000,25000,0,25000,25000,15816,15816,0,9184,9184,0.632640,1.000000
32,1.637998,34.820000,1.992278,0.000000,0.000000,0.000000,0.000000,1.000000,0.000000,1.000000,0.000000,0,1.000000,0.000000,0.000000,25000,0,25000,25000,13668,13668,0,11332,11332,0.546720,1.000000
33,1.613936,36.900000,1.994650,0.000000,0.000000,0.000000,0.000000,1.000000,0.000000,1.000000,0.000000,0,1.000000,0.000000,0.000000,25000,0,25000,25000,13876,13876,0,11124,11124,0.555040,1.000000
34,1.475783,34.720000,1.984326,0.000000,0.000000,0.000000,0.000000,1.000000,0.000000,1.000000,0.000000,0,1.000000,0.000000,0.000000,25000,0,25000,25000,15268,15268,0,9732,9732,0.610720,1.000000
35,1.557647,35.900000,1.993264,0.000000,0.000000,0.000000,0.000000,1.000000,0.000000,1.000000,0.000000,0,1.000000,0.000000,0.000000,25000,0,25000,25000,14476,14476,0,10524,10524,0.579040,1.000000
36,1.449851,36.560000,1.976709,0.000000,0.000000,0.000000,0.000000,1.000000,0.000000,1.000000,0.000000,0,1.000000,0.000000,0.000000,25000,0,25000,25000,15392,15392,0,9608,9608,0.615680,1.000000
37,1.424571,37.130000,1.955409,0.000000,0.000000,0.000000,0.000000,1.000000,0.000000,1.000000,0.000000,0,1.000000,0.000000,0.000000,25000,0,25000,25000,15728,15728,0,9272,9272,0.629120,1.000000
38,1.436680,38.410000,1.962471,0.000000,0.000000,0.000000,0.000000,1.000000,0.000000,1.000000,0.000000,0,1.000000,0.000000,0.000000,25000,0,25000,25000,15356,15356,0,9644,9644,0.614240,1.000000
39,1.572840,36.640000,1.978212,0.000000,0.000000,0.000000,0.000000,1.000000,0.000000,1.000000,0.000000,0,1.000000,0.000000,0.000000,25000,0,25000,25000,14032,14032,0,10968,10968,0.561280,1.000000
40,1.426370,37.690000,1.956774,0.000000,0.000000,0.000000,0.000000,1.000000,0.000000,1.000000,0.000000,0,1.000000,0.000000,0.000000,25000,0,25000,25000,15744,15744,0,9256,9256,0.629760,1.000000
41,1.484908,35.470000,1.971582,0.000000,0.000000,0.000000,0.000000,1.000000,0.000000,1.000000,0.000000,0,1.000000,0.000000,0.000000,25000,0,25000,25000,14796,14796,0,10204,10204,0.591840,1.000000
42,1.586502,36.260000,1.986035,0.000000,0.000000,0.000000,0.000000,1.000000,0.000000,1.000000,0.000000,0,1.000000,0.000000,0.000000,25000,0,25000,25000,13920,13920,0,11080,11080,0.556800,1.000000
43,1.496904,34.070000,1.987395,0.000000,0.000000,0.000000,0.000000,1.000000,0.000000,1.000000,0.000000,0,1.000000,0.000000,0.000000,25000,0,25000,25000,14724,14724,0,10276,10276,0.588960,1.000000
44,1.501971,35.520000,1.983016,0.000000,0.000000,0.000000,0.000000,1.000000,0.000000,1.000000,0.000000,0,1.000000,0.000000,0.000000,25000,0,25000,25000,14936,14936,0,10064,10064,0.597440,1.000000
45,1.453171,37.220000,1.971057,0.000000,0.000000,0.000000,0.000000,1.000000,0.000000,1.000000,0.000000,0,1.000000,0.000000,0.000000,25000,0,25000,25000,15328,15328,0,9672,9672,0.613120,1.000000
46,1.486433,38.330000,1.959323,0.000000,0.000000,0.000000,0.000000,1.000000,0.000000,1.000000,0.000000,0,1.000000,0.000000,0.000000,25000,0,25000,25000,14492,14492,0,10508,10508,0.579680,1.000000
47,1.536766,36.300000,1.980467,0.000000,0.000000,0.000000,0.000000,1.000000,0.000000,1.000000,0.000000,0,1.000000,0.000000,0.000000,25000,0,25000,25000,14192,14192,0,10808,10808,0.567680,1.000000
48,1.449211,35.180000,1.966825,0.000000,0.000000,0.000000,0.000000,1.000000,0.000000,1.000000,0.000000,0,1.000000,0.000000,0.000000,25000,0,25000,25000,15324,15324,0,9676,9676,0.612960,1.000000
49,1.541634,35.970000,1.984371,0.000000,0.000000,0.000000,0.000000,1.000000,0.000000,1.000000,0.000000,0,1.000000,0.000000,0.000000,25000,0,25000,25000,14212,14212,0,10788,10788,0.568480,1.000000
50,1.408776,35.790000,1.967583,0.000000,0.000000,0.000000,0.000000,1.000000,0.000000,1.000000,0.000000,0,1.000000,0.000000,0.000000,25000,0,25000,25000,15492,15492,0,9508,9508,0.619680,1.000000
51,1.435783,35.030000,1.959214,0.000000,0.000000,0.000000,0.000000,1.000000,0.000000,1.000000,0.000000,0,1.000000,0.000000,0.000000,25000,0,25000,25000,15336,15336,0,9664,9664,0.613440,1.000000
52,1.507114,36.370000,1.960432,0.000000,0.000000,0.000000,0.000000,1.000000,0.000000,1.000000,0.000000,0,1.000000,0.000000,0.000000,25000,0,25000,25000,14392,14392,0,10608,10608,0.575680,1.000000
53,1.438069,35.390000,1.964688,0.000000,0.000000,0.000000,0.000000,1.000000,0.000000,1.000000,0.000000,0,1.000000,0.000000,0.000000,25000,0,25000,25000,14952,14952,0,10048,10048,0.598080,1.000000
54,1.412792,36.050000,1.962992,0.000000,0.000000,0.000000,0.000000,1.000000,0.000000,1.000000,0.000000,0,1.000000,0.000000,0.000000,25000,0,25000,25000,15496,15496,0,9504,9504,0.619840,1.000000
55,1.431256,38.020000,1.944802,0.000000,0.000000,0.000000,0.000000,1.000000,0.000000,1.000000,0.000000,0,1.000000,0.000000,0.000000,25000,0,25000,25000,15264,15264,0,9736,9736,0.610560,1.000000
56,1.551778,36.980000,1.953984,0.000000,0.000000,0.000000,0.000000,1.000000,0.000000,1.000000,0.000000,0,1.000000,0.000000,0.000000,25000,0,25000,25000,13876,13876,0,11124,11124,0.555040,1.000000
57,1.469434,35.280000,1.972290,0.000000,0.000000,0.000000,0.000000,1.000000,0.000000,1.000000,0.000000,0,1.000000,0.000000,0.000000,25000,0,25000,25000,14744,14744,0,10256,10256,0.589760,1.000000
58,1.455783,36.690000,1.961655,0.000000,0.000000,0.000000,0.000000,1.000000,0.000000,1.000000,0.000000,0,1.000000,0.000000,0.000000,25000,0,25000,25000,15160,15160,0,9840,9840,0.606400,1.000000
59,1.447590,34.020000,1.967044,0.000000,0.000000,0.000000,0.000000,1.000000,0.000000,1.000000,0.000000,0,1.000000,0.000000,0.000000,25000,0,25000,25000,15052,15052,0,9948,9948,0.602080,1.000000
60,1.502416,35.180000,1.973807,0.000000,0.000000,0.000000,0.000000,1.000000,0.000000,1.000000,0.000000,0,1.000000,0.000000,0.000000,25000,0,25000,25000,14616,14616,0,10384,10384,0.584640,1.000000
61,1.355501,36.060000,1.945255,0.000000,0.000000,0.000000,0.000000,1.000000,0.000000,1.000000,0.000000,0,1.000000,0.000000,0.000000,25000,0,25000,25000,15940,15940,0,9060,9060,0.637600,1.000000
62,1.417540,36.230000,1.941175,0.000000,0.000000,0.000000,0.000000,1.000000,0.000000,1.000000,0.000000,0,1.000000,0.000000,0.000000,25000,0,25000,25000,15280,15280,0,9720,9720,0.611200,1.000000
63,1.403885,35.880000,1.949720,0.000000,0.000000,0.000000,0.000000,1.000000,0.000000,1.000000,0.000000,0,1.000000,0.000000,0.000000,25000,0,25000,25000,15544,15544,0,9456,9456,0.621760,1.000000
64,1.392200,38.280000,1.931345,0.000000,0.000000,0.000000,0.000000,1.000000,0.000000,1.000000,0.000000,0,1.000000,0.000000,0.000000,25000,0,25000,25000,15700,15700,0,9300,9300,0.628000,1.000000
65,1.453562,38.060000,1.935572,0.000000,0.000000,0.000000,0.000000,1.000000,0.000000,1.000000,0.000000,0,1.000000,0.000000,0.000000,25000,0,25000,25000,14820,14820,0,10180,10180,0.592800,1.000000
66,1.472196,38.410000,1.935070,0.000000,0.000000,0.000000,0.000000,1.000000,0.000000,1.000000,0.000000,0,1.000000,0.000000,0.000000,25000,0,25000,25000,14660,14660,0,10340,10340,0.586400,1.000000
67,1.493187,34.590000,1.956467,0.000000,0.000000,0.000000,0.000000,1.000000,0.000000,1.000000,0.000000,0,1.000000,0.000000,0.000000,25000,0,25000,25000,14476,14476,0,10524,10524,0.579040,1.000000
68,1.396657,37.880000,1.929729,0.000000,0.000000,0.000000,0.000000,1.000000,0.000000,1.000000,0.000000,0,1.000000,0.000000,0.000000,25000,0,25000,25000,15316,15316,0,9684,9684,0.612640,1.000000
69,1.531971,34.450000,1.973390,0.000000,0.000000,0.000000,0.000000,1.000000,0.000000,1.000000,0.000000,0,1.000000,0.000000,0.000000,25000,0,25000,25000,14028,14028,0,10972,10972,0.561120,1.000000
70,1.467976,35.440000,1.954841,0.000000,0.000000,0.000000,0.000000,1.000000,0.000000,1.000000,0.000000,0,1.000000,0.000000,0.000000,25000,0,25000,25000,14556,14556,0,10444,10444,0.582240,1.000000
71,1.447196,37.120000,1.942587,0.000000,0.000000,0.000000,0.000000,1.000000,0.000000,1.000000,0.000000,0,1.000000,0.000000,0.000000,25000,0,25000,25000,14796,14796,0,10204,10204,0.591840,1.000000
72,1.382597,37.360000,1.923485,0.000000,0.000000,0.000000,0.000000,1.000000,0.000000,1.000000,0.000000,0,1.000000,0.000000,0.000000,25000,0,25000,25000,15448,15448,0,9552,9552,0.617920,1.000000
73,1.327653,36.580000,1.927696,0.000000,0.000000,0.000000,0.000000,1.000000,0.000000,1.000000,0.000000,0,1.000000,0.000000,0.000000,25000,0,25000,25000,16132,16132,0,8868,8868,0.645280,1.000000
74,1.408652,35.620000,1.939489,0.000000,0.000000,0.000000,0.000000,1.000000,0.000000,1.000000,0.000000,0,1.000000,0.000000,0.000000,25000,0,25000,25000,15008,15008,0,9992,9992,0.600320,1.000000
75,1.367911,36.910000,1.929535,0.000000,0.000000,0.000000,0.000000,1.000000,0.000000,1.000000,0.000000,0,1.000000,0.000000,0.000000,25000,0,25000,25000,15592,15592,0,9408,9408,0.623680,1.000000
76,1.463168,35.650000,1.946787,0.000000,0.000000,0.000000,0.000000,1.000000,0.000000,1.000000,0.000000,0,1.000000,0.000000,0.000000,25000,0,25000,25000,14772,14772,0,10228,10228,0.590880,1.000000
77,1.344343,35.780000,1.930759,0.000000,0.000000,0.000000,0.000000,1.000000,0.000000,1.000000,0.000000,0,1.000000,0.000000,0.000000,25000,0,25000,25000,15928,15928,0,9072,9072,0.637120,1.000000
78,1.410323,36.570000,1.924132,0.000000,0.000000,0.000000,0.000000,1.000000,0.000000,1.000000,0.000000,0,1.000000,0.000000,0.000000,25000,0,25000,25000,15068,15068,0,9932,9932,0.602720,1.000000
79,1.403124,33.740000,1.939573,0.000000,0.000000,0.000000,0.000000,1.000000,0.000000,1.000000,0.000000,0,1.000000,0.000000,0.000000,25000,0,25000,25000,15644,15644,0,9356,9356,0.625760,1.000000
80,1.461636,34.430000,1.946870,0.000000,0.000000,0.000000,0.000000,1.000000,0.000000,1.000000,0.000000,0,1.000000,0.000000,0.000000,25000,0,25000,25000,14560,14560,0,10440,10440,0.582400,1.000000
81,1.379319,34.710000,1.946614,0.000000,0.000000,0.000000,0.000000,1.000000,0.000000,1.000000,0.000000,0,1.000000,0.000000,0.000000,25000,0,25000,25000,15372,15372,0,9628,9628,0.614880,1.000000
82,1.414123,35.860000,1.943035,0.000000,0.000000,0.000000,0.000000,1.000000,0.000000,1.000000,0.000000,0,1.000000,0.000000,0.000000,25000,0,25000,25000,15220,15220,0,9780,9780,0.608800,1.000000
83,1.430217,35.720000,1.937577,0.000000,0.000000,0.000000,0.000000,1.000000,0.000000,1.000000,0.000000,0,1.000000,0.000000,0.000000,25000,0,25000,25000,14560,14560,0,10440,10440,0.582400,1.000000
84,1.460889,35.240000,1.940548,0.000000,0.000000,0.000000,0.000000,1.000000,0.000000,1.000000,0.000000,0,1.000000,0.000000,0.000000,25000,0,25000,25000,14672,14672,0,10328,10328,0.586880,1.000000
85,1.379996,34.580000,1.941571,0.000000,0.000000,0.000000,0.000000,1.000000,0.000000,1.000000,0.000000,0,1.000000,0.000000,0.000000,25000,0,25000,25000,15280,15280,0,9720,9720,0.611200,1.000000
86,1.477817,32.820000,1.961910,0.000000,0.000000,0.000000,0.000000,1.000000,0.000000,1.000000,0.000000,0,1.000000,0.000000,0.000000,25000,0,25000,25000,14536,14536,0,10464,10464,0.581440,1.000000
87,1.322977,35.240000,1.926184,0.000000,0.000000,0.000000,0.000000,1.000000,0.000000,1.000000,0.000000,0,1.000000,0.000000,0.000000,25000,0,25000,25000,15912,15912,0,9088,9088,0.636480,1.000000
88,1.454586,34.650000,1.951742,0.000000,0.000000,0.000000,0.000000,1.000000,0.000000,1.000000,0.000000,0,1.000000,0.000000,0.000000,25000,0,25000,25000,14680,14680,0,10320,10320,0.587200,1.000000
89,1.394202,36.000000,1.938607,0.000000,0.000000,0.000000,0.000000,1.000000,0.000000,1.000000,0.000000,0,1.000000,0.000000,0.000000,25000,0,25000,25000,15192,15192,0,9808,9808,0.607680,1.000000
90,1.345688,35.330000,1.945732,0.000000,0.000000,0.000000,0.000000,1.000000,0.000000,1.000000,0.000000,0,1.000000,0.000000,0.000000,25000,0,25000,25000,15668,15668,0,9332,9332,0.626720,1.000000
91,1.379113,34.820000,1.943260,0.000000,0.000000,0.000000,0.000000,1.000000,0.000000,1.000000,0.000000,0,1.000000,0.000000,0.000000,25000,0,25000,25000,15144,15144,0,9856,9856,0.605760,1.000000
92,1.495702,33.280000,1.973971,0.000000,0.000000,0.000000,0.000000,1.000000,0.000000,1.000000,0.000000,0,1.000000,0.000000,0.000000,25000,0,25000,25000,13992,13992,0,11008,11008,0.559680,1.000000
93,1.305409,35.610000,1.941373,0.000000,0.000000,0.000000,0.000000,1.000000,0.000000,1.000000,0.000000,0,1.000000,0.000000,0.000000,25000,0,25000,25000,15912,15912,0,9088,9088,0.636480,1.000000
94,1.475823,34.480000,1.946134,0.000000,0.000000,0.000000,0.000000,1.000000,0.000000,1.000000,0.000000,0,1.000000,0.000000,0.000000,25000,0,25000,25000,14112,14112,0,10888,10888,0.564480,1.000000
95,1.282475,34.370000,1.929243,0.000000,0.000000,0.000000,0.000000,1.000000,0.000000,1.000000,0.000000,0,1.000000,0.000000,0.000000,25000,0,25000,25000,16224,16224,0,8776,8776,0.648960,1.000000
96,1.416615,35.480000,1.925954,0.000000,0.000000,0.000000,0.000000,1.000000,0.000000,1.000000,0.000000,0,1.000000,0.000000,0.000000,25000,0,25000,25000,14520,14520,0,10480,10480,0.580800,1.000000
97,1.480649,34.140000,1.948607,0.000000,0.000000,0.000000,0.000000,1.000000,0.000000,1.000000,0.000000,0,1.000000,0.000000,0.000000,25000,0,25000,25000,13948,13948,0,11052,11052,0.557920,1.000000
98,1.378747,34.700000,1.945370,0.000000,0.000000,0.000000,0.000000,1.000000,0.000000,1.000000,0.000000,0,1.000000,0.000000,0.000000,25000,0,25000,25000,15268,15268,0,9732,9732,0.610720,1.000000
99,1.420335,33.960000,1.953183,0.000000,0.000000,0.000000,0.000000,1.000000,0.000000,1.000000,0.000000,0,1.000000,0.000000,0.000000,25000,0,25000,25000,14816,14816,0,10184,10184,0.592640,1.000000
100,0.492179,41.000000,1.808079,0.000000,0.000000,0.000000,0.000000,0.612240,0.039920,0.612240,0.333400,1,0.600000,0.200000,0.200000,15306,998,15306,25000,14292,15516,1224,1014,2238,0.933751,0.921114
101,0.458596,43.490000,1.702876,0.000000,0.000000,0.000000,0.000000,0.584520,0.000000,0.584520,0.353160,0,0.600000,0.200000,0.200000,14613,0,14613,25000,13647,15020,1373,966,2339,0.933894,0.908589
102,0.415002,47.280000,1.611035,0.000000,0.000000,0.000000,0.000000,0.599840,0.000000,0.599840,0.370360,0,0.600000,0.200000,0.200000,14996,0,14996,25000,14170,15672,1502,826,2328,0.944919,0.904160
103,0.456531,46.530000,1.593458,0.000000,0.000000,0.000000,0.000000,0.578760,0.000000,0.578760,0.403280,0,0.600000,0.200000,0.200000,14469,0,14469,25000,13453,14348,895,1016,1911,0.929781,0.937622
104,0.437630,43.750000,1.579216,0.000000,0.000000,0.000000,0.000000,0.605080,0.000000,0.605080,0.402440,0,0.600000,0.200000,0.200000,15127,0,15127,25000,14000,15072,1072,1127,2199,0.925497,0.928875
105,0.373550,47.580000,1.536554,0.000000,0.000000,0.000000,0.000000,0.585600,0.013120,0.585600,0.382760,1,0.600000,0.200000,0.200000,14640,328,14640,25000,13936,14872,936,704,1640,0.951913,0.937063
106,0.369492,47.990000,1.498402,0.000000,0.000000,0.000000,0.000000,0.605840,0.000000,0.605840,0.417440,0,0.600000,0.200000,0.200000,15146,0,15146,25000,14263,15292,1029,883,1912,0.941701,0.932710
107,0.451834,48.830000,1.487780,0.000000,0.000000,0.000000,0.000000,0.580440,0.000000,0.580440,0.403960,0,0.600000,0.200000,0.200000,14511,0,14511,25000,13241,14136,895,1270,2165,0.912480,0.936686
108,0.427273,48.860000,1.465012,0.000000,0.000000,0.000000,0.000000,0.606240,0.000000,0.606240,0.422360,0,0.600000,0.200000,0.200000,15156,0,15156,25000,14034,14880,846,1122,1968,0.925970,0.943145
109,0.403278,48.640000,1.461040,0.000000,0.000000,0.000000,0.000000,0.600960,0.000000,0.600960,0.429840,0,0.600000,0.200000,0.200000,15024,0,15024,25000,13975,15064,1089,1049,2138,0.930178,0.927708
110,0.354597,48.300000,1.471878,0.000000,0.000000,0.000000,0.000000,0.618960,0.014640,0.618960,0.435720,1,0.600000,0.200000,0.200000,15474,366,15474,25000,14714,15712,998,760,1758,0.950885,0.936482
111,0.483919,47.240000,1.480725,0.000000,0.000000,0.000000,0.000000,0.591840,0.000000,0.591840,0.434640,0,0.600000,0.200000,0.200000,14796,0,14796,25000,13434,14340,906,1362,2268,0.907948,0.936820
112,0.459011,50.250000,1.431814,0.000000,0.000000,0.000000,0.000000,0.611600,0.000000,0.611600,0.395360,0,0.600000,0.200000,0.200000,15290,0,15290,25000,14083,15040,957,1207,2164,0.921060,0.936370
113,0.474666,48.300000,1.437151,0.000000,0.000000,0.000000,0.000000,0.618960,0.000000,0.618960,0.430400,0,0.600000,0.200000,0.200000,15474,0,15474,25000,14007,14888,881,1467,2348,0.905196,0.940825
114,0.441262,48.670000,1.447027,0.000000,0.000000,0.000000,0.000000,0.604560,0.000000,0.604560,0.444760,0,0.600000,0.200000,0.200000,15114,0,15114,25000,13823,14720,897,1291,2188,0.914583,0.939062
115,0.431815,52.780000,1.379463,0.000000,0.000000,0.000000,0.000000,0.610480,0.014000,0.610480,0.437600,1,0.600000,0.200000,0.200000,15262,350,15262,25000,14097,14996,899,1165,2064,0.923667,0.940051
116,0.407676,51.110000,1.393862,0.000000,0.000000,0.000000,0.000000,0.626520,0.000000,0.626520,0.461520,0,0.600000,0.200000,0.200000,15663,0,15663,25000,14425,15368,943,1238,2181,0.920960,0.938639
117,0.434283,51.470000,1.382980,0.000000,0.000000,0.000000,0.000000,0.614040,0.000000,0.614040,0.436400,0,0.600000,0.200000,0.200000,15351,0,15351,25000,14116,15200,1084,1235,2319,0.919549,0.928684
118,0.395660,52.530000,1.363708,0.000000,0.000000,0.000000,0.000000,0.638640,0.000000,0.638640,0.444360,0,0.600000,0.200000,0.200000,15966,0,15966,25000,14925,15880,955,1041,1996,0.934799,0.939861
119,0.525190,50.950000,1.388758,0.000000,0.000000,0.000000,0.000000,0.611400,0.000000,0.611400,0.459240,0,0.600000,0.200000,0.200000,15285,0,15285,25000,13472,14228,756,1813,2569,0.881387,0.946865
120,0.386322,50.220000,1.391652,0.000000,0.000000,0.000000,0.000000,0.647640,0.010120,0.647640,0.476080,1,0.600000,0.200000,0.200000,16191,253,16191,25000,15092,15936,844,1099,1943,0.932123,0.947038
121,0.431654,51.290000,1.383515,0.000000,0.000000,0.000000,0.000000,0.603960,0.000000,0.603960,0.454960,0,0.600000,0.200000,0.200000,15099,0,15099,25000,13902,14772,870,1197,2067,0.920723,0.941105
122,0.426289,52.050000,1.363801,0.000000,0.000000,0.000000,0.000000,0.633480,0.000000,0.633480,0.473960,0,0.600000,0.200000,0.200000,15837,0,15837,25000,14427,15204,777,1410,2187,0.910968,0.948895
123,0.506895,53.460000,1.350935,0.000000,0.000000,0.000000,0.000000,0.634600,0.000000,0.634600,0.466320,0,0.600000,0.200000,0.200000,15865,0,15865,25000,14137,14876,739,1728,2467,0.891081,0.950323
124,0.508732,52.930000,1.353330,0.000000,0.000000,0.000000,0.000000,0.628240,0.000000,0.628240,0.472160,0,0.600000,0.200000,0.200000,15706,0,15706,25000,13953,14800,847,1753,2600,0.888387,0.942770
125,0.500851,53.010000,1.351764,0.000000,0.000000,0.000000,0.000000,0.593320,0.012800,0.593320,0.487480,1,0.600000,0.200000,0.200000,14833,320,14833,25000,13338,14056,718,1495,2213,0.899211,0.948919
126,0.370964,52.700000,1.336197,0.000000,0.000000,0.000000,0.000000,0.630840,0.000000,0.630840,0.474960,0,0.600000,0.200000,0.200000,15771,0,15771,25000,14831,15856,1025,940,1965,0.940397,0.935356
127,0.457441,51.590000,1.347955,0.000000,0.000000,0.000000,0.000000,0.604800,0.000000,0.604800,0.462800,0,0.600000,0.200000,0.200000,15120,0,15120,25000,13490,14352,862,1630,2492,0.892196,0.939939
128,0.466205,51.670000,1.348596,0.000000,0.000000,0.000000,0.000000,0.640360,0.000000,0.640360,0.439080,0,0.600000,0.200000,0.200000,16009,0,16009,25000,14528,15388,860,1481,2341,0.907490,0.944112
129,0.431660,52.010000,1.351988,0.000000,0.000000,0.000000,0.000000,0.632600,0.000000,0.632600,0.478480,0,0.600000,0.200000,0.200000,15815,0,15815,25000,14234,15164,930,1581,2511,0.900032,0.938671
130,0.451375,53.160000,1.322072,0.000000,0.000000,0.000000,0.000000,0.629520,0.012520,0.629520,0.470360,1,0.600000,0.200000,0.200000,15738,313,15738,25000,14081,14936,855,1657,2512,0.894713,0.942756
131,0.415140,53.100000,1.335520,0.000000,0.000000,0.000000,0.000000,0.642680,0.000000,0.642680,0.498560,0,0.600000,0.200000,0.200000,16067,0,16067,25000,14660,15520,860,1407,2267,0.912429,0.944588
132,0.476565,53.010000,1.325695,0.000000,0.000000,0.000000,0.000000,0.628200,0.000000,0.628200,0.487800,0,0.600000,0.200000,0.200000,15705,0,15705,25000,14075,14820,745,1630,2375,0.896211,0.949730
133,0.394625,50.720000,1.375892,0.000000,0.000000,0.000000,0.000000,0.621240,0.000000,0.621240,0.490400,0,0.600000,0.200000,0.200000,15531,0,15531,25000,14147,15024,877,1384,2261,0.910888,0.941627
134,0.467298,53.210000,1.328120,0.000000,0.000000,0.000000,0.000000,0.654000,0.000000,0.654000,0.470960,0,0.600000,0.200000,0.200000,16350,0,16350,25000,14570,15288,718,1780,2498,0.891131,0.953035
135,0.472050,52.930000,1.349228,0.000000,0.000000,0.000000,0.000000,0.637280,0.011560,0.637280,0.497280,1,0.600000,0.200000,0.200000,15932,289,15932,25000,14102,14840,738,1830,2568,0.885137,0.950270
136,0.395708,52.940000,1.341773,0.000000,0.000000,0.000000,0.000000,0.642520,0.000000,0.642520,0.498600,0,0.600000,0.200000,0.200000,16063,0,16063,25000,14725,15504,779,1338,2117,0.916703,0.949755
137,0.505924,52.930000,1.326060,0.000000,0.000000,0.000000,0.000000,0.625400,0.000000,0.625400,0.483560,0,0.600000,0.200000,0.200000,15635,0,15635,25000,13687,14456,769,1948,2717,0.875408,0.946804
138,0.466939,51.160000,1.354530,0.000000,0.000000,0.000000,0.000000,0.621080,0.000000,0.621080,0.492840,0,0.600000,0.200000,0.200000,15527,0,15527,25000,13752,14472,720,1775,2495,0.885683,0.950249
139,0.393392,51.320000,1.351671,0.000000,0.000000,0.000000,0.000000,0.642560,0.000000,0.642560,0.499440,0,0.600000,0.200000,0.200000,16064,0,16064,25000,14697,15512,815,1367,2182,0.914903,0.947460
140,0.486804,51.600000,1.346294,0.000000,0.000000,0.000000,0.000000,0.644040,0.009840,0.644040,0.482440,1,0.600000,0.200000,0.200000,16101,246,16101,25000,14250,14968,718,1851,2569,0.885038,0.952031
141,0.345634,54.090000,1.312578,0.000000,0.000000,0.000000,0.000000,0.658000,0.000000,0.658000,0.504880,0,0.600000,0.200000,0.200000,16450,0,16450,25000,15478,16240,762,972,1734,0.940912,0.953079
142,0.457342,51.530000,1.344861,0.000000,0.000000,0.000000,0.000000,0.661320,0.000000,0.661320,0.490320,0,0.600000,0.200000,0.200000,16533,0,16533,25000,14759,15544,785,1774,2559,0.892699,0.949498
143,0.429788,52.270000,1.339253,0.000000,0.000000,0.000000,0.000000,0.641960,0.000000,0.641960,0.502400,0,0.600000,0.200000,0.200000,16049,0,16049,25000,14650,15512,862,1399,2261,0.912829,0.944430
144,0.530406,49.740000,1.369482,0.000000,0.000000,0.000000,0.000000,0.650760,0.000000,0.650760,0.495920,0,0.600000,0.200000,0.200000,16269,0,16269,25000,14277,14904,627,1992,2619,0.877559,0.957931
145,0.459595,51.000000,1.365365,0.000000,0.000000,0.000000,0.000000,0.670720,0.010320,0.670720,0.513280,1,0.600000,0.200000,0.200000,16768,258,16768,25000,14961,15668,707,1807,2514,0.892235,0.954876
146,0.452562,53.120000,1.323080,0.000000,0.000000,0.000000,0.000000,0.648640,0.000000,0.648640,0.495840,0,0.600000,0.200000,0.200000,16216,0,16216,25000,14626,15320,694,1590,2284,0.901949,0.954700
147,0.543353,52.770000,1.328178,0.000000,0.000000,0.000000,0.000000,0.634080,0.000000,0.634080,0.509640,0,0.600000,0.200000,0.200000,15852,0,15852,25000,13635,14428,793,2217,3010,0.860144,0.945037
148,0.424656,53.650000,1.299267,0.000000,0.000000,0.000000,0.000000,0.663280,0.000000,0.663280,0.490680,0,0.600000,0.200000,0.200000,16582,0,16582,25000,15073,15860,787,1509,2296,0.908998,0.950378
149,0.546421,51.750000,1.333371,0.000000,0.000000,0.000000,0.000000,0.693440,0.000000,0.693440,0.499720,0,0.600000,0.200000,0.200000,17336,0,17336,25000,15115,15860,745,2221,2966,0.871885,0.953026
150,0.522240,52.610000,1.323123,0.000000,0.000000,0.000000,0.000000,0.634520,0.012280,0.634520,0.492720,1,0.600000,0.200000,0.200000,15863,307,15863,25000,13766,14564,798,2097,2895,0.867806,0.945207
151,0.545789,51.390000,1.350705,0.000000,0.000000,0.000000,0.000000,0.635200,0.000000,0.635200,0.498320,0,0.600000,0.200000,0.200000,15880,0,15880,25000,13644,14276,632,2236,2868,0.859194,0.955730
152,0.499397,51.240000,1.359755,0.000000,0.000000,0.000000,0.000000,0.633040,0.000000,0.633040,0.501560,0,0.600000,0.200000,0.200000,15826,0,15826,25000,13867,14588,721,1959,2680,0.876216,0.950576
153,0.436079,53.190000,1.322302,0.000000,0.000000,0.000000,0.000000,0.637240,0.000000,0.637240,0.506920,0,0.600000,0.200000,0.200000,15931,0,15931,25000,14340,15092,752,1591,2343,0.900132,0.950172
154,0.437766,54.230000,1.297743,0.000000,0.000000,0.000000,0.000000,0.668040,0.000000,0.668040,0.507280,0,0.600000,0.200000,0.200000,16701,0,16701,25000,15108,15896,788,1593,2381,0.904616,0.950428
155,0.479925,52.670000,1.346670,0.000000,0.000000,0.000000,0.000000,0.641440,0.010240,0.641440,0.522520,1,0.600000,0.200000,0.200000,16036,256,16036,25000,14057,14740,683,1979,2662,0.876590,0.953664
156,0.514790,51.450000,1.359674,0.000000,0.000000,0.000000,0.000000,0.650520,0.000000,0.650520,0.513960,0,0.600000,0.200000,0.200000,16263,0,16263,25000,14142,14808,666,2121,2787,0.869581,0.955024
157,0.505028,52.920000,1.310639,0.000000,0.000000,0.000000,0.000000,0.653440,0.000000,0.653440,0.516280,0,0.600000,0.200000,0.200000,16336,0,16336,25000,14238,14912,674,2098,2772,0.871572,0.954802
158,0.561642,50.830000,1.338372,0.000000,0.000000,0.000000,0.000000,0.649880,0.000000,0.649880,0.516640,0,0.600000,0.200000,0.200000,16247,0,16247,25000,13722,14348,626,2525,3151,0.844587,0.956370
159,0.392889,51.220000,1.348489,0.000000,0.000000,0.000000,0.000000,0.661160,0.000000,0.661160,0.520160,0,0.600000,0.200000,0.200000,16529,0,16529,25000,15097,15856,759,1432,2191,0.913364,0.952132
160,0.488372,52.760000,1.320953,0.000000,0.000000,0.000000,0.000000,0.631040,0.012520,0.631040,0.495200,1,0.600000,0.200000,0.200000,15776,313,15776,25000,13931,14636,705,1845,2550,0.883050,0.951831
161,0.460079,53.470000,1.313551,0.000000,0.000000,0.000000,0.000000,0.667120,0.000000,0.667120,0.512280,0,0.600000,0.200000,0.200000,16678,0,16678,25000,14806,15540,734,1872,2606,0.887756,0.952767
162,0.419266,52.420000,1.319234,0.000000,0.000000,0.000000,0.000000,0.643280,0.000000,0.643280,0.516920,0,0.600000,0.200000,0.200000,16082,0,16082,25000,14433,15188,755,1649,2404,0.897463,0.950290
163,0.446232,52.490000,1.314409,0.000000,0.000000,0.000000,0.000000,0.679960,0.000000,0.679960,0.512200,0,0.600000,0.200000,0.200000,16999,0,16999,25000,15196,15908,712,1803,2515,0.893935,0.955243
164,0.459478,52.330000,1.313369,0.000000,0.000000,0.000000,0.000000,0.642640,0.000000,0.642640,0.518040,0,0.600000,0.200000,0.200000,16066,0,16066,25000,14407,15092,685,1659,2344,0.896738,0.954612
165,0.584836,52.660000,1.315110,0.000000,0.000000,0.000000,0.000000,0.669440,0.010840,0.669440,0.474080,1,0.600000,0.200000,0.200000,16736,271,16736,25000,14282,14864,582,2454,3036,0.853370,0.960845
166,0.484562,53.100000,1.308395,0.000000,0.000000,0.000000,0.000000,0.644240,0.000000,0.644240,0.509280,0,0.600000,0.200000,0.200000,16106,0,16106,25000,14025,14680,655,2081,2736,0.870793,0.955381
167,0.412443,55.240000,1.279973,0.000000,0.000000,0.000000,0.000000,0.679240,0.000000,0.679240,0.516160,0,0.600000,0.200000,0.200000,16981,0,16981,25000,15356,16060,704,1625,2329,0.904305,0.956164
168,0.458270,53.590000,1.320885,0.000000,0.000000,0.000000,0.000000,0.677480,0.000000,0.677480,0.542080,0,0.600000,0.200000,0.200000,16937,0,16937,25000,14833,15436,603,2104,2707,0.875775,0.960935
169,0.529137,52.400000,1.307680,0.000000,0.000000,0.000000,0.000000,0.657960,0.000000,0.657960,0.495440,0,0.600000,0.200000,0.200000,16449,0,16449,25000,14400,15128,728,2049,2777,0.875433,0.951877
170,0.456913,52.660000,1.307743,0.000000,0.000000,0.000000,0.000000,0.633040,0.011040,0.633040,0.515760,1,0.600000,0.200000,0.200000,15826,276,15826,25000,14083,14752,669,1743,2412,0.889865,0.954650
171,0.426016,53.390000,1.299399,0.000000,0.000000,0.000000,0.000000,0.640920,0.000000,0.640920,0.528200,0,0.600000,0.200000,0.200000,16023,0,16023,25000,14246,14844,598,1777,2375,0.889097,0.959714
172,0.484235,53.900000,1.283516,0.000000,0.000000,0.000000,0.000000,0.638360,0.000000,0.638360,0.539160,0,0.600000,0.200000,0.200000,15959,0,15959,25000,13869,14468,599,2090,2689,0.869039,0.958598
173,0.460165,54.300000,1.286584,0.000000,0.000000,0.000000,0.000000,0.642080,0.000000,0.642080,0.525440,0,0.600000,0.200000,0.200000,16052,0,16052,25000,13978,14696,718,2074,2792,0.870795,0.951143
174,0.413504,52.680000,1.321932,0.000000,0.000000,0.000000,0.000000,0.677200,0.000000,0.677200,0.535720,0,0.600000,0.200000,0.200000,16930,0,16930,25000,15712,16388,676,1218,1894,0.928057,0.958750
175,0.476436,52.410000,1.312423,0.000000,0.000000,0.000000,0.000000,0.674640,0.009040,0.674640,0.504600,1,0.600000,0.200000,0.200000,16866,226,16866,25000,14961,15656,695,1905,2600,0.887051,0.955608
176,0.477789,53.580000,1.300509,0.000000,0.000000,0.000000,0.000000,0.653440,0.000000,0.653440,0.515440,0,0.600000,0.200000,0.200000,16336,0,16336,25000,14311,14892,581,2025,2606,0.876041,0.960986
177,0.516109,52.840000,1.311453,0.000000,0.000000,0.000000,0.000000,0.651920,0.000000,0.651920,0.499800,0,0.600000,0.200000,0.200000,16298,0,16298,25000,14035,14700,665,2263,2928,0.861149,0.954762
178,0.554530,51.300000,1.318447,0.000000,0.000000,0.000000,0.000000,0.673920,0.000000,0.673920,0.515320,0,0.600000,0.200000,0.200000,16848,0,16848,25000,14606,15212,606,2242,2848,0.866928,0.960163
179,0.473991,51.370000,1.323539,0.000000,0.000000,0.000000,0.000000,0.656160,0.000000,0.656160,0.519000,0,0.600000,0.200000,0.200000,16404,0,16404,25000,14399,14980,581,2005,2586,0.877774,0.961215
180,0.409656,52.720000,1.295066,0.000000,0.000000,0.000000,0.000000,0.682600,0.008080,0.682600,0.531280,1,0.600000,0.200000,0.200000,17065,202,17065,25000,15460,16116,656,1605,2261,0.905948,0.959295
181,0.445700,53.210000,1.301073,0.000000,0.000000,0.000000,0.000000,0.665760,0.000000,0.665760,0.534520,0,0.600000,0.200000,0.200000,16644,0,16644,25000,14718,15344,626,1926,2552,0.884283,0.959202
182,0.483761,54.600000,1.289929,0.000000,0.000000,0.000000,0.000000,0.667560,0.000000,0.667560,0.533840,0,0.600000,0.200000,0.200000,16689,0,16689,25000,14756,15420,664,1933,2597,0.884175,0.956939
183,0.397484,53.450000,1.296721,0.000000,0.000000,0.000000,0.000000,0.643520,0.000000,0.643520,0.535720,0,0.600000,0.200000,0.200000,16088,0,16088,25000,14668,15292,624,1420,2044,0.911735,0.959194
184,0.412643,52.010000,1.324022,0.000000,0.000000,0.000000,0.000000,0.661480,0.000000,0.661480,0.533880,0,0.600000,0.200000,0.200000,16537,0,16537,25000,14955,15512,557,1582,2139,0.904336,0.964092
185,0.464219,54.050000,1.280491,0.000000,0.000000,0.000000,0.000000,0.688440,0.010440,0.688440,0.536280,1,0.600000,0.200000,0.200000,17211,261,17211,25000,15037,15716,679,2174,2853,0.873685,0.956796
186,0.371971,53.720000,1.280744,0.000000,0.000000,0.000000,0.000000,0.685720,0.000000,0.685720,0.544800,0,0.600000,0.200000,0.200000,17143,0,17143,25000,15756,16416,660,1387,2047,0.919092,0.959795
187,0.490587,54.160000,1.274709,0.000000,0.000000,0.000000,0.000000,0.649720,0.000000,0.649720,0.529760,0,0.600000,0.200000,0.200000,16243,0,16243,25000,14158,14776,618,2085,2703,0.871637,0.958175
188,0.463764,51.060000,1.309807,0.000000,0.000000,0.000000,0.000000,0.677640,0.000000,0.677640,0.523960,0,0.600000,0.200000,0.200000,16941,0,16941,25000,15041,15676,635,1900,2535,0.887846,0.959492
189,0.498214,54.510000,1.276455,0.000000,0.000000,0.000000,0.000000,0.674240,0.000000,0.674240,0.510360,0,0.600000,0.200000,0.200000,16856,0,16856,25000,14607,15208,601,2249,2850,0.866576,0.960481
190,0.331660,54.370000,1.282711,0.000000,0.000000,0.000000,0.000000,0.665880,0.006480,0.665880,0.540800,1,0.600000,0.200000,0.200000,16647,162,16647,25000,15620,16228,608,1027,1635,0.938307,0.962534
191,0.397644,55.740000,1.250534,0.000000,0.000000,0.000000,0.000000,0.629360,0.000000,0.629360,0.537880,0,0.600000,0.200000,0.200000,15734,0,15734,25000,14277,15000,723,1457,2180,0.907398,0.951800
192,0.484476,53.320000,1.278768,0.000000,0.000000,0.000000,0.000000,0.650720,0.000000,0.650720,0.531080,0,0.600000,0.200000,0.200000,16268,0,16268,25000,14126,14712,586,2142,2728,0.868330,0.960169
193,0.466977,54.090000,1.284058,0.000000,0.000000,0.000000,0.000000,0.659160,0.000000,0.659160,0.541160,0,0.600000,0.200000,0.200000,16479,0,16479,25000,14433,15040,607,2046,2653,0.875842,0.959641
194,0.433283,54.380000,1.267126,0.000000,0.000000,0.000000,0.000000,0.686080,0.000000,0.686080,0.541160,0,0.600000,0.200000,0.200000,17152,0,17152,25000,15433,16128,695,1719,2414,0.899778,0.956907
195,0.540271,54.010000,1.272276,0.000000,0.000000,0.000000,0.000000,0.646720,0.008560,0.646720,0.533960,1,0.600000,0.200000,0.200000,16168,214,16168,25000,13815,14384,569,2353,2922,0.854466,0.960442
196,0.389540,52.900000,1.300599,0.000000,0.000000,0.000000,0.000000,0.672920,0.000000,0.672920,0.553240,0,0.600000,0.200000,0.200000,16823,0,16823,25000,15409,16080,671,1414,2085,0.915948,0.958271
197,0.501203,55.780000,1.242396,0.000000,0.000000,0.000000,0.000000,0.670600,0.000000,0.670600,0.518440,0,0.600000,0.200000,0.200000,16765,0,16765,25000,14440,15072,632,2325,2957,0.861318,0.958068
198,0.567562,54.450000,1.278278,0.000000,0.000000,0.000000,0.000000,0.657520,0.000000,0.657520,0.536160,0,0.600000,0.200000,0.200000,16438,0,16438,25000,13807,14300,493,2631,3124,0.839944,0.965524
199,0.432655,52.460000,1.299937,0.000000,0.000000,0.000000,0.000000,0.657960,0.000000,0.657960,0.554760,0,0.600000,0.200000,0.200000,16449,0,16449,25000,14550,15244,694,1899,2593,0.884552,0.954474
200,0.487535,54.820000,1.266862,0.000000,0.000000,0.000000,0.000000,0.650800,0.011000,0.650800,0.503920,1,0.600000,0.200000,0.200000,16270,275,16270,25000,14023,14684,661,2247,2908,0.861893,0.954985
201,0.499968,53.910000,1.280781,0.000000,0.000000,0.000000,0.000000,0.668280,0.000000,0.668280,0.536000,0,0.600000,0.200000,0.200000,16707,0,16707,25000,14388,14992,604,2319,2923,0.861196,0.959712
202,0.435791,54.020000,1.283828,0.000000,0.000000,0.000000,0.000000,0.658680,0.000000,0.658680,0.544920,0,0.600000,0.200000,0.200000,16467,0,16467,25000,14634,15256,622,1833,2455,0.888686,0.959229
203,0.413822,53.850000,1.280736,0.000000,0.000000,0.000000,0.000000,0.665400,0.000000,0.665400,0.542680,0,0.600000,0.200000,0.200000,16635,0,16635,25000,15090,15672,582,1545,2127,0.907124,0.962864
204,0.587467,53.070000,1.284834,0.000000,0.000000,0.000000,0.000000,0.640840,0.000000,0.640840,0.534640,0,0.600000,0.200000,0.200000,16021,0,16021,25000,13225,13760,535,2796,3331,0.825479,0.961119
205,0.476549,54.440000,1.266561,0.000000,0.000000,0.000000,0.000000,0.658640,0.008120,0.658640,0.546160,1,0.600000,0.200000,0.200000,16466,203,16466,25000,14359,14916,557,2107,2664,0.872039,0.962658
206,0.482489,52.460000,1.317042,0.000000,0.000000,0.000000,0.000000,0.656560,0.000000,0.656560,0.561880,0,0.600000,0.200000,0.200000,16414,0,16414,25000,14180,14804,624,2234,2858,0.863897,0.957849
207,0.446678,53.960000,1.281506,0.000000,0.000000,0.000000,0.000000,0.657080,0.000000,0.657080,0.549920,0,0.600000,0.200000,0.200000,16427,0,16427,25000,14734,15272,538,1693,2231,0.896938,0.964772
208,0.486356,49.660000,1.349222,0.000000,0.000000,0.000000,0.000000,0.664160,0.000000,0.664160,0.563000,0,0.600000,0.200000,0.200000,16604,0,16604,25000,14440,14988,548,2164,2712,0.869670,0.963437
209,0.461284,52.060000,1.311439,0.000000,0.000000,0.000000,0.000000,0.659800,0.000000,0.659800,0.555920,0,0.600000,0.200000,0.200000,16495,0,16495,25000,14327,14980,653,2168,2821,0.868566,0.956409
210,0.459884,53.150000,1.304380,0.000000,0.000000,0.000000,0.000000,0.676640,0.009360,0.676640,0.516920,1,0.600000,0.200000,0.200000,16916,234,16916,25000,14970,15584,614,1946,2560,0.884961,0.960601
211,0.402457,52.950000,1.294818,0.000000,0.000000,0.000000,0.000000,0.665400,0.000000,0.665400,0.551040,0,0.600000,0.200000,0.200000,16635,0,16635,25000,14985,15612,627,1650,2277,0.900812,0.959839
212,0.545033,54.870000,1.255959,0.000000,0.000000,0.000000,0.000000,0.653880,0.000000,0.653880,0.527160,0,0.600000,0.200000,0.200000,16347,0,16347,25000,13880,14352,472,2467,2939,0.849085,0.967113
213,0.438584,54.160000,1.276184,0.000000,0.000000,0.000000,0.000000,0.679720,0.000000,0.679720,0.555440,0,0.600000,0.200000,0.200000,16993,0,16993,25000,15035,15724,689,1958,2647,0.884776,0.956182
214,0.472785,54.390000,1.261507,0.000000,0.000000,0.000000,0.000000,0.654080,0.000000,0.654080,0.548760,0,0.600000,0.200000,0.200000,16352,0,16352,25000,14167,14724,557,2185,2742,0.866377,0.962171
215,0.352967,53.630000,1.269799,0.000000,0.000000,0.000000,0.000000,0.651360,0.007800,0.651360,0.561040,1,0.600000,0.200000,0.200000,16284,195,16284,25000,14966,15584,618,1318,1936,0.919062,0.960344
216,0.432016,54.070000,1.279539,0.000000,0.000000,0.000000,0.000000,0.689920,0.000000,0.689920,0.562800,0,0.600000,0.200000,0.200000,17248,0,17248,25000,15279,15972,693,1969,2662,0.885842,0.956612
217,0.434655,51.910000,1.330570,0.000000,0.000000,0.000000,0.000000,0.654080,0.000000,0.654080,0.550600,0,0.600000,0.200000,0.200000,16352,0,16352,25000,14412,14916,504,1940,2444,0.881360,0.966211
218,0.478486,53.980000,1.274579,0.000000,0.000000,0.000000,0.000000,0.659440,0.000000,0.659440,0.540680,0,0.600000,0.200000,0.200000,16486,0,16486,25000,14457,15016,559,2029,2588,0.876926,0.962773
219,0.465508,53.940000,1.270197,0.000000,0.000000,0.000000,0.000000,0.691400,0.000000,0.691400,0.560840,0,0.600000,0.200000,0.200000,17285,0,17285,25000,15091,15724,633,2194,2827,0.873069,0.959743
220,0.457165,54.700000,1.259908,0.000000,0.000000,0.000000,0.000000,0.669880,0.007760,0.669880,0.554080,1,0.600000,0.200000,0.200000,16747,194,16747,25000,14845,15364,519,1902,2421,0.886427,0.966220
221,0.424589,53.300000,1.277191,0.000000,0.000000,0.000000,0.000000,0.682200,0.000000,0.682200,0.541040,0,0.600000,0.200000,0.200000,17055,0,17055,25000,15234,15804,570,1821,2391,0.893228,0.963933
222,0.395793,54.010000,1.289202,0.000000,0.000000,0.000000,0.000000,0.708480,0.000000,0.708480,0.554320,0,0.600000,0.200000,0.200000,17712,0,17712,25000,15874,16472,598,1838,2436,0.896229,0.963696
223,0.378546,55.850000,1.235670,0.000000,0.000000,0.000000,0.000000,0.652640,0.000000,0.652640,0.545360,0,0.600000,0.200000,0.200000,16316,0,16316,25000,14872,15496,624,1444,2068,0.911498,0.959732
224,0.455116,54.500000,1.262461,0.000000,0.000000,0.000000,0.000000,0.651520,0.000000,0.651520,0.541680,0,0.600000,0.200000,0.200000,16288,0,16288,25000,14439,15064,625,1849,2474,0.886481,0.958510
225,0.453402,54.200000,1.258535,0.000000,0.000000,0.000000,0.000000,0.655080,0.009400,0.655080,0.535800,1,0.600000,0.200000,0.200000,16377,235,16377,25000,14533,15156,623,1844,2467,0.887403,0.958894
226,0.460483,54.860000,1.260417,0.000000,0.000000,0.000000,0.000000,0.686480,0.000000,0.686480,0.545800,0,0.600000,0.200000,0.200000,17162,0,17162,25000,15101,15716,615,2061,2676,0.879909,0.960868
227,0.314348,55.760000,1.255376,0.000000,0.000000,0.000000,0.000000,0.671440,0.000000,0.671440,0.575880,0,0.600000,0.200000,0.200000,16786,0,16786,25000,15710,16232,522,1076,1598,0.935899,0.967841
228,0.523500,53.390000,1.284701,0.000000,0.000000,0.000000,0.000000,0.676920,0.000000,0.676920,0.551360,0,0.600000,0.200000,0.200000,16923,0,16923,25000,14400,14952,552,2523,3075,0.850913,0.963082
229,0.486725,52.370000,1.312429,0.000000,0.000000,0.000000,0.000000,0.668560,0.000000,0.668560,0.569360,0,0.600000,0.200000,0.200000,16714,0,16714,25000,14568,15168,600,2146,2746,0.871605,0.960443
230,0.502470,54.100000,1.268370,0.000000,0.000000,0.000000,0.000000,0.655640,0.007520,0.655640,0.542960,1,0.600000,0.200000,0.200000,16391,188,16391,25000,14052,14620,568,2339,2907,0.857300,0.961149
231,0.453744,54.580000,1.265295,0.000000,0.000000,0.000000,0.000000,0.662880,0.000000,0.662880,0.561880,0,0.600000,0.200000,0.200000,16572,0,16572,25000,14388,14948,560,2184,2744,0.868211,0.962537
232,0.578555,54.270000,1.279593,0.000000,0.000000,0.000000,0.000000,0.658080,0.000000,0.658080,0.551560,0,0.600000,0.200000,0.200000,16452,0,16452,25000,13724,14204,480,2728,3208,0.834184,0.966207
233,0.512106,54.700000,1.267618,0.000000,0.000000,0.000000,0.000000,0.666120,0.000000,0.666120,0.553160,0,0.600000,0.200000,0.200000,16653,0,16653,25000,14071,14600,529,2582,3111,0.844953,0.963767
234,0.429335,54.040000,1.273776,0.000000,0.000000,0.000000,0.000000,0.643760,0.000000,0.643760,0.540360,0,0.600000,0.200000,0.200000,16094,0,16094,25000,14338,14980,642,1756,2398,0.890891,0.957143
235,0.547655,52.610000,1.308034,0.000000,0.000000,0.000000,0.000000,0.660720,0.007440,0.660720,0.546440,1,0.600000,0.200000,0.200000,16518,186,16518,25000,13927,14412,485,2591,3076,0.843141,0.966347
236,0.359046,53.350000,1.304838,0.000000,0.000000,0.000000,0.000000,0.677760,0.000000,0.677760,0.553400,0,0.600000,0.200000,0.200000,16944,0,16944,25000,15498,16024,526,1446,1972,0.914660,0.967174
237,0.535286,54.170000,1.291548,0.000000,0.000000,0.000000,0.000000,0.682560,0.000000,0.682560,0.552800,0,0.600000,0.200000,0.200000,17064,0,17064,25000,14624,15192,568,2440,3008,0.857009,0.962612
238,0.414518,54.600000,1.277736,0.000000,0.000000,0.000000,0.000000,0.652240,0.000000,0.652240,0.566040,0,0.600000,0.200000,0.200000,16306,0,16306,25000,14606,15116,510,1700,2210,0.895744,0.966261
239,0.433377,52.780000,1.295139,0.000000,0.000000,0.000000,0.000000,0.660920,0.000000,0.660920,0.570680,0,0.600000,0.200000,0.200000,16523,0,16523,25000,14549,15148,599,1974,2573,0.880530,0.960457
240,0.348249,54.310000,1.273025,0.000000,0.000000,0.000000,0.000000,0.673880,0.007400,0.673880,0.564360,1,0.600000,0.200000,0.200000,16847,185,16847,25000,15415,15928,513,1432,1945,0.915000,0.967793
241,0.489996,55.420000,1.245090,0.000000,0.000000,0.000000,0.000000,0.666400,0.000000,0.666400,0.541040,0,0.600000,0.200000,0.200000,16660,0,16660,25000,14240,14764,524,2420,2944,0.854742,0.964508
242,0.398156,52.730000,1.279902,0.000000,0.000000,0.000000,0.000000,0.683800,0.000000,0.683800,0.570320,0,0.600000,0.200000,0.200000,17095,0,17095,25000,15265,15824,559,1830,2389,0.892951,0.964674
243,0.464402,53.390000,1.291491,0.000000,0.000000,0.000000,0.000000,0.678800,0.000000,0.678800,0.565440,0,0.600000,0.200000,0.200000,16970,0,16970,25000,14787,15284,497,2183,2680,0.871361,0.967482
244,0.422408,54.460000,1.261763,0.000000,0.000000,0.000000,0.000000,0.681320,0.000000,0.681320,0.557600,0,0.600000,0.200000,0.200000,17033,0,17033,25000,15113,15656,543,1920,2463,0.887278,0.965317
245,0.508776,54.560000,1.285468,0.000000,0.000000,0.000000,0.000000,0.675760,0.007120,0.675760,0.565840,1,0.600000,0.200000,0.200000,16894,178,16894,25000,14425,14920,495,2469,2964,0.853853,0.966823
246,0.448114,54.200000,1.277003,0.000000,0.000000,0.000000,0.000000,0.676040,0.000000,0.676040,0.572400,0,0.600000,0.200000,0.200000,16901,0,16901,25000,14895,15448,553,2006,2559,0.881309,0.964202
247,0.415478,53.470000,1.279346,0.000000,0.000000,0.000000,0.000000,0.679960,0.000000,0.679960,0.572600,0,0.600000,0.200000,0.200000,16999,0,16999,25000,15164,15724,560,1835,2395,0.892052,0.964386
248,0.429845,52.590000,1.293805,0.000000,0.000000,0.000000,0.000000,0.671360,0.000000,0.671360,0.547520,0,0.600000,0.200000,0.200000,16784,0,16784,25000,14995,15532,537,1789,2326,0.893410,0.965426
249,0.414217,54.600000,1.257422,0.000000,0.000000,0.000000,0.000000,0.695480,0.000000,0.695480,0.559360,0,0.600000,0.200000,0.200000,17387,0,17387,25000,15412,15948,536,1975,2511,0.886409,0.966391
250,0.461318,54.640000,1.262178,0.000000,0.000000,0.000000,0.000000,0.697240,0.007720,0.697240,0.569520,1,0.600000,0.200000,0.200000,17431,193,17431,25000,15231,15720,489,2200,2689,0.873788,0.968893
251,0.549269,54.510000,1.279021,0.000000,0.000000,0.000000,0.000000,0.650400,0.000000,0.650400,0.551880,0,0.600000,0.200000,0.200000,16260,0,16260,25000,13710,14128,418,2550,2968,0.843173,0.970413
252,0.366377,55.990000,1.254123,0.000000,0.000000,0.000000,0.000000,0.685600,0.000000,0.685600,0.565040,0,0.600000,0.200000,0.200000,17140,0,17140,25000,15481,16044,563,1659,2222,0.903209,0.964909
253,0.401429,54.100000,1.269147,0.000000,0.000000,0.000000,0.000000,0.681280,0.000000,0.681280,0.551400,0,0.600000,0.200000,0.200000,17032,0,17032,25000,15369,15924,555,1663,2218,0.902360,0.965147
254,0.399164,55.150000,1.236703,0.000000,0.000000,0.000000,0.000000,0.681200,0.000000,0.681200,0.566520,0,0.600000,0.200000,0.200000,17030,0,17030,25000,15239,15744,505,1791,2296,0.894833,0.967924
255,0.426431,53.770000,1.268520,0.000000,0.000000,0.000000,0.000000,0.675600,0.006200,0.675600,0.546600,1,0.600000,0.200000,0.200000,16890,155,16890,25000,14839,15356,517,2051,2568,0.878567,0.966332
256,0.452525,53.730000,1.283548,0.000000,0.000000,0.000000,0.000000,0.677720,0.000000,0.677720,0.558760,0,0.600000,0.200000,0.200000,16943,0,16943,25000,14715,15252,537,2228,2765,0.868500,0.964792
257,0.443928,55.940000,1.242075,0.000000,0.000000,0.000000,0.000000,0.670320,0.000000,0.670320,0.552960,0,0.600000,0.200000,0.200000,16758,0,16758,25000,14640,15204,564,2118,2682,0.873613,0.962904
258,0.538957,53.510000,1.281912,0.000000,0.000000,0.000000,0.000000,0.677200,0.000000,0.677200,0.534920,0,0.600000,0.200000,0.200000,16930,0,16930,25000,14244,14712,468,2686,3154,0.841347,0.968189
259,0.371882,54.990000,1.255211,0.000000,0.000000,0.000000,0.000000,0.658440,0.000000,0.658440,0.553320,0,0.600000,0.200000,0.200000,16461,0,16461,25000,14814,15428,614,1647,2261,0.899945,0.960202
260,0.522945,53.430000,1.292554,0.000000,0.000000,0.000000,0.000000,0.670120,0.008040,0.670120,0.574640,1,0.600000,0.200000,0.200000,16753,201,16753,25000,14019,14468,449,2734,3183,0.836805,0.968966
261,0.530027,52.210000,1.320356,0.000000,0.000000,0.000000,0.000000,0.662360,0.000000,0.662360,0.558200,0,0.600000,0.200000,0.200000,16559,0,16559,25000,14022,14432,410,2537,2947,0.846790,0.971591
262,0.455547,54.030000,1.287159,0.000000,0.000000,0.000000,0.000000,0.692120,0.000000,0.692120,0.544760,0,0.600000,0.200000,0.200000,17303,0,17303,25000,15101,15616,515,2202,2717,0.872739,0.967021
263,0.477036,54.330000,1.279077,0.000000,0.000000,0.000000,0.000000,0.672360,0.000000,0.672360,0.552640,0,0.600000,0.200000,0.200000,16809,0,16809,25000,14385,14960,575,2424,2999,0.855792,0.961564
264,0.363364,54.380000,1.270076,0.000000,0.000000,0.000000,0.000000,0.676680,0.000000,0.676680,0.561000,0,0.600000,0.200000,0.200000,16917,0,16917,25000,15249,15892,643,1668,2311,0.901401,0.959539
265,0.544948,53.180000,1.307905,0.000000,0.000000,0.000000,0.000000,0.676720,0.008720,0.676720,0.551160,1,0.600000,0.200000,0.200000,16918,218,16918,25000,14145,14608,463,2773,3236,0.836092,0.968305
266,0.423557,50.800000,1.341104,0.000000,0.000000,0.000000,0.000000,0.660160,0.000000,0.660160,0.574880,0,0.600000,0.200000,0.200000,16504,0,16504,25000,14388,15004,616,2116,2732,0.871789,0.958944
267,0.408966,53.590000,1.288896,0.000000,0.000000,0.000000,0.000000,0.669000,0.000000,0.669000,0.550200,0,0.600000,0.200000,0.200000,16725,0,16725,25000,14863,15392,529,1862,2391,0.888670,0.965631
268,0.524605,53.110000,1.303455,0.000000,0.000000,0.000000,0.000000,0.646080,0.000000,0.646080,0.555240,0,0.600000,0.200000,0.200000,16152,0,16152,25000,13562,14000,438,2590,3028,0.839648,0.968714
269,0.441281,54.820000,1.279159,0.000000,0.000000,0.000000,0.000000,0.694440,0.000000,0.694440,0.571320,0,0.600000,0.200000,0.200000,17361,0,17361,25000,15167,15640,473,2194,2667,0.873625,0.969757
270,0.437453,54.760000,1.266768,0.000000,0.000000,0.000000,0.000000,0.682320,0.008560,0.682320,0.545960,1,0.600000,0.200000,0.200000,17058,214,17058,25000,15050,15604,554,2008,2562,0.882284,0.964496
271,0.427977,54.460000,1.271737,0.000000,0.000000,0.000000,0.000000,0.693920,0.000000,0.693920,0.551760,0,0.600000,0.200000,0.200000,17348,0,17348,25000,15212,15784,572,2136,2708,0.876873,0.963761
272,0.374132,55.210000,1.269138,0.000000,0.000000,0.000000,0.000000,0.660840,0.000000,0.660840,0.572840,0,0.600000,0.200000,0.200000,16521,0,16521,25000,14670,15260,590,1851,2441,0.887961,0.961337
273,0.429908,54.680000,1.281170,0.000000,0.000000,0.000000,0.000000,0.669280,0.000000,0.669280,0.588960,0,0.600000,0.200000,0.200000,16732,0,16732,25000,14456,14960,504,2276,2780,0.863973,0.966310
274,0.461963,55.450000,1.260826,0.000000,0.000000,0.000000,0.000000,0.688520,0.000000,0.688520,0.581560,0,0.600000,0.200000,0.200000,17213,0,17213,25000,14942,15472,530,2271,2801,0.868065,0.965745
275,0.587361,55.390000,1.265197,0.000000,0.000000,0.000000,0.000000,0.660560,0.009080,0.660560,0.561960,1,0.600000,0.200000,0.200000,16514,227,16514,25000,13259,13732,473,3255,3728,0.802895,0.965555
276,0.435812,53.960000,1.301748,0.000000,0.000000,0.000000,0.000000,0.656000,0.000000,0.656000,0.580720,0,0.600000,0.200000,0.200000,16400,0,16400,25000,14277,14836,559,2123,2682,0.870549,0.962321
277,0.469354,52.850000,1.302561,0.000000,0.000000,0.000000,0.000000,0.650080,0.000000,0.650080,0.553080,0,0.600000,0.200000,0.200000,16252,0,16252,25000,13799,14292,493,2453,2946,0.849065,0.965505
278,0.423136,54.010000,1.283003,0.000000,0.000000,0.000000,0.000000,0.686920,0.000000,0.686920,0.567760,0,0.600000,0.200000,0.200000,17173,0,17173,25000,15079,15656,577,2094,2671,0.878064,0.963145
279,0.398025,55.480000,1.278571,0.000000,0.000000,0.000000,0.000000,0.688480,0.000000,0.688480,0.602280,0,0.600000,0.200000,0.200000,17212,0,17212,25000,15311,15784,473,1901,2374,0.889554,0.970033
280,0.512964,54.950000,1.282907,0.000000,0.000000,0.000000,0.000000,0.651880,0.007360,0.651880,0.583280,1,0.600000,0.200000,0.200000,16297,184,16297,25000,13628,14152,524,2669,3193,0.836228,0.962973
281,0.550868,53.140000,1.291647,0.000000,0.000000,0.000000,0.000000,0.673800,0.000000,0.673800,0.561200,0,0.600000,0.200000,0.200000,16845,0,16845,25000,13908,14424,516,2937,3453,0.825646,0.964226
282,0.497255,53.920000,1.288045,0.000000,0.000000,0.000000,0.000000,0.663480,0.000000,0.663480,0.567720,0,0.600000,0.200000,0.200000,16587,0,16587,25000,14087,14636,549,2500,3049,0.849280,0.962490
283,0.461123,50.950000,1.326072,0.000000,0.000000,0.000000,0.000000,0.689440,0.000000,0.689440,0.544320,0,0.600000,0.200000,0.200000,17236,0,17236,25000,14861,15364,503,2375,2878,0.862207,0.967261
284,0.527287,53.080000,1.299658,0.000000,0.000000,0.000000,0.000000,0.663640,0.000000,0.663640,0.560280,0,0.600000,0.200000,0.200000,16591,0,16591,25000,14008,14432,424,2583,3007,0.844313,0.970621
285,0.432494,54.410000,1.267938,0.000000,0.000000,0.000000,0.000000,0.663240,0.007480,0.663240,0.550760,1,0.600000,0.200000,0.200000,16581,187,16581,25000,14412,14932,520,2169,2689,0.869188,0.965175
286,0.435438,54.340000,1.270823,0.000000,0.000000,0.000000,0.000000,0.690520,0.000000,0.690520,0.571400,0,0.600000,0.200000,0.200000,17263,0,17263,25000,14904,15464,560,2359,2919,0.863349,0.963787
287,0.478451,53.160000,1.288322,0.000000,0.000000,0.000000,0.000000,0.667200,0.000000,0.667200,0.557320,0,0.600000,0.200000,0.200000,16680,0,16680,25000,14142,14640,498,2538,3036,0.847842,0.965984
288,0.365949,54.630000,1.267387,0.000000,0.000000,0.000000,0.000000,0.674760,0.000000,0.674760,0.548800,0,0.600000,0.200000,0.200000,16869,0,16869,25000,15243,15804,561,1626,2187,0.903610,0.964503
289,0.374347,54.230000,1.267999,0.000000,0.000000,0.000000,0.000000,0.661960,0.000000,0.661960,0.572160,0,0.600000,0.200000,0.200000,16549,0,16549,25000,14891,15456,565,1658,2223,0.899813,0.963445
290,0.449124,53.810000,1.281258,0.000000,0.000000,0.000000,0.000000,0.661960,0.005240,0.661960,0.591520,1,0.600000,0.200000,0.200000,16549,131,16549,25000,14189,14628,439,2360,2799,0.857393,0.969989
291,0.501656,53.450000,1.285533,0.000000,0.000000,0.000000,0.000000,0.684600,0.000000,0.684600,0.570080,0,0.600000,0.200000,0.200000,17115,0,17115,25000,14364,14768,404,2751,3155,0.839264,0.972644
292,0.386756,53.030000,1.303522,0.000000,0.000000,0.000000,0.000000,0.671880,0.000000,0.671880,0.551480,0,0.600000,0.200000,0.200000,16797,0,16797,25000,14752,15256,504,2045,2549,0.878252,0.966964
293,0.436252,52.820000,1.294742,0.000000,0.000000,0.000000,0.000000,0.686720,0.000000,0.686720,0.569520,0,0.600000,0.200000,0.200000,17168,0,17168,25000,14939,15504,565,2229,2794,0.870165,0.963558
294,0.470552,54.060000,1.275782,0.000000,0.000000,0.000000,0.000000,0.656040,0.000000,0.656040,0.560360,0,0.600000,0.200000,0.200000,16401,0,16401,25000,14033,14504,471,2368,2839,0.855619,0.967526
295,0.463628,54.550000,1.278380,0.000000,0.000000,0.000000,0.000000,0.702040,0.007840,0.702040,0.579360,1,0.600000,0.200000,0.200000,17551,196,17551,25000,15213,15752,539,2338,2877,0.866788,0.965782
296,0.446789,56.130000,1.243843,0.000000,0.000000,0.000000,0.000000,0.675240,0.000000,0.675240,0.567960,0,0.600000,0.200000,0.200000,16881,0,16881,25000,14539,15052,513,2342,2855,0.861264,0.965918
297,0.528469,54.470000,1.266135,0.000000,0.000000,0.000000,0.000000,0.658720,0.000000,0.658720,0.566840,0,0.600000,0.200000,0.200000,16468,0,16468,25000,13706,14216,510,2762,3272,0.832281,0.964125
298,0.428460,55.440000,1.256965,0.000000,0.000000,0.000000,0.000000,0.708320,0.000000,0.708320,0.580640,0,0.600000,0.200000,0.200000,17708,0,17708,25000,15529,16028,499,2179,2678,0.876948,0.968867
299,0.422780,54.380000,1.268306,0.000000,0.000000,0.000000,0.000000,0.677480,0.000000,0.677480,0.573960,0,0.600000,0.200000,0.200000,16937,0,16937,25000,14891,15400,509,2046,2555,0.879199,0.966948
300,0.446313,52.430000,1.296624,0.000000,0.000000,0.000000,0.000000,0.652040,0.009120,0.652040,0.569000,1,0.600000,0.200000,0.200000,16301,228,16301,25000,14056,14624,568,2245,2813,0.862278,0.961160
301,0.382364,55.280000,1.251112,0.000000,0.000000,0.000000,0.000000,0.694680,0.000000,0.694680,0.543480,0,0.600000,0.200000,0.200000,17367,0,17367,25000,15734,16304,570,1633,2203,0.905971,0.965039
302,0.498468,55.040000,1.257061,0.000000,0.000000,0.000000,0.000000,0.660760,0.000000,0.660760,0.567600,0,0.600000,0.200000,0.200000,16519,0,16519,25000,13840,14360,520,2679,3199,0.837823,0.963788
303,0.395563,55.230000,1.240460,0.000000,0.000000,0.000000,0.000000,0.646640,0.000000,0.646640,0.575760,0,0.600000,0.200000,0.200000,16166,0,16166,25000,14245,14712,467,1921,2388,0.881170,0.968257
304,0.352094,54.710000,1.254926,0.000000,0.000000,0.000000,0.000000,0.679600,0.000000,0.679600,0.555480,0,0.600000,0.200000,0.200000,16990,0,16990,25000,15381,15868,487,1609,2096,0.905297,0.969309
305,0.479292,53.380000,1.284863,0.000000,0.000000,0.000000,0.000000,0.678480,0.008520,0.678480,0.566880,1,0.600000,0.200000,0.200000,16962,213,16962,25000,14362,14888,526,2600,3126,0.846716,0.964670
306,0.435141,54.900000,1.262837,0.000000,0.000000,0.000000,0.000000,0.693480,0.000000,0.693480,0.571640,0,0.600000,0.200000,0.200000,17337,0,17337,25000,15310,15812,502,2027,2529,0.883082,0.968252
307,0.410187,52.880000,1.291499,0.000000,0.000000,0.000000,0.000000,0.683600,0.000000,0.683600,0.574640,0,0.600000,0.200000,0.200000,17090,0,17090,25000,15014,15572,558,2076,2634,0.878525,0.964166
308,0.388777,53.090000,1.295280,0.000000,0.000000,0.000000,0.000000,0.673560,0.000000,0.673560,0.585440,0,0.600000,0.200000,0.200000,16839,0,16839,25000,15219,15740,521,1620,2141,0.903795,0.966900
309,0.419585,53.820000,1.263292,0.000000,0.000000,0.000000,0.000000,0.689960,0.000000,0.689960,0.580560,0,0.600000,0.200000,0.200000,17249,0,17249,25000,15354,15912,558,1895,2453,0.890139,0.964932
310,0.433573,54.250000,1.274752,0.000000,0.000000,0.000000,0.000000,0.664400,0.008080,0.664400,0.546520,1,0.600000,0.200000,0.200000,16610,202,16610,25000,14362,14872,510,2248,2758,0.864660,0.965707
311,0.444890,53.720000,1.284111,0.000000,0.000000,0.000000,0.000000,0.659880,0.000000,0.659880,0.571080,0,0.600000,0.200000,0.200000,16497,0,16497,25000,14095,14636,541,2402,2943,0.854398,0.963036
312,0.317420,53.320000,1.284034,0.000000,0.000000,0.000000,0.000000,0.681560,0.000000,0.681560,0.582520,0,0.600000,0.200000,0.200000,17039,0,17039,25000,15700,16320,620,1339,1959,0.921416,0.962010
313,0.450218,54.180000,1.267515,0.000000,0.000000,0.000000,0.000000,0.660800,0.000000,0.660800,0.582640,0,0.600000,0.200000,0.200000,16520,0,16520,25000,14355,14836,481,2165,2646,0.868947,0.967579
314,0.347385,53.180000,1.294584,0.000000,0.000000,0.000000,0.000000,0.698840,0.000000,0.698840,0.593760,0,0.600000,0.200000,0.200000,17471,0,17471,25000,15792,16332,540,1679,2219,0.903898,0.966936
315,0.476482,53.670000,1.289986,0.000000,0.000000,0.000000,0.000000,0.671680,0.005920,0.671680,0.597680,1,0.600000,0.200000,0.200000,16792,148,16792,25000,14449,14856,407,2343,2750,0.860469,0.972604
316,0.470028,54.310000,1.272776,0.000000,0.000000,0.000000,0.000000,0.668840,0.000000,0.668840,0.576400,0,0.600000,0.200000,0.200000,16721,0,16721,25000,14446,14940,494,2275,2769,0.863944,0.966934
317,0.407156,54.160000,1.272921,0.000000,0.000000,0.000000,0.000000,0.658680,0.000000,0.658680,0.584080,0,0.600000,0.200000,0.200000,16467,0,16467,25000,14552,15036,484,1915,2399,0.883707,0.967811
318,0.381459,55.330000,1.254644,0.000000,0.000000,0.000000,0.000000,0.696800,0.000000,0.696800,0.586040,0,0.600000,0.200000,0.200000,17420,0,17420,25000,15640,16136,496,1780,2276,0.897819,0.969261
319,0.383453,54.170000,1.274301,0.000000,0.000000,0.000000,0.000000,0.670120,0.000000,0.670120,0.588080,0,0.600000,0.200000,0.200000,16753,0,16753,25000,15108,15636,528,1645,2173,0.901809,0.966232
320,0.440088,53.850000,1.292650,0.000000,0.000000,0.000000,0.000000,0.687480,0.008080,0.687480,0.581520,1,0.600000,0.200000,0.200000,17187,202,17187,25000,14913,15408,495,2274,2769,0.867691,0.967874
321,0.413475,54.180000,1.281623,0.000000,0.000000,0.000000,0.000000,0.681160,0.000000,0.681160,0.576400,0,0.600000,0.200000,0.200000,17029,0,17029,25000,14914,15368,454,2115,2569,0.875800,0.970458
322,0.395554,52.820000,1.316172,0.000000,0.000000,0.000000,0.000000,0.692760,0.000000,0.692760,0.601160,0,0.600000,0.200000,0.200000,17319,0,17319,25000,15225,15680,455,2094,2549,0.879092,0.970982
323,0.380729,54.860000,1.260230,0.000000,0.000000,0.000000,0.000000,0.674720,0.000000,0.674720,0.597800,0,0.600000,0.200000,0.200000,16868,0,16868,25000,15057,15568,511,1811,2322,0.892637,0.967176
324,0.413421,55.640000,1.245079,0.000000,0.000000,0.000000,0.000000,0.672480,0.000000,0.672480,0.596040,0,0.600000,0.200000,0.200000,16812,0,16812,25000,14932,15380,448,1880,2328,0.888175,0.970871
325,0.525545,53.720000,1.283932,0.000000,0.000000,0.000000,0.000000,0.681200,0.007680,0.681200,0.588680,1,0.600000,0.200000,0.200000,17030,192,17030,25000,14000,14484,484,3030,3514,0.822079,0.966584
326,0.540005,55.080000,1.257153,0.000000,0.000000,0.000000,0.000000,0.649280,0.000000,0.649280,0.560840,0,0.600000,0.200000,0.200000,16232,0,16232,25000,13298,13760,462,2934,3396,0.819246,0.966424
327,0.413061,54.320000,1.271697,0.000000,0.000000,0.000000,0.000000,0.692960,0.000000,0.692960,0.578640,0,0.600000,0.200000,0.200000,17324,0,17324,25000,15088,15524,436,2236,2672,0.870931,0.971914
328,0.408887,53.240000,1.300236,0.000000,0.000000,0.000000,0.000000,0.696760,0.000000,0.696760,0.588720,0,0.600000,0.200000,0.200000,17419,0,17419,25000,15320,15812,492,2099,2591,0.879499,0.968884
329,0.406558,55.160000,1.256799,0.000000,0.000000,0.000000,0.000000,0.682480,0.000000,0.682480,0.577160,0,0.600000,0.200000,0.200000,17062,0,17062,25000,15246,15756,510,1816,2326,0.893565,0.967631
330,0.525748,54.150000,1.289985,0.000000,0.000000,0.000000,0.000000,0.677600,0.007000,0.677600,0.610760,1,0.600000,0.200000,0.200000,16940,175,16940,25000,13971,14392,421,2969,3390,0.824734,0.970748
331,0.462908,54.970000,1.261253,0.000000,0.000000,0.000000,0.000000,0.678680,0.000000,0.678680,0.572280,0,0.600000,0.200000,0.200000,16967,0,16967,25000,14716,15260,544,2251,2795,0.867331,0.964351
332,0.339520,53.780000,1.287067,0.000000,0.000000,0.000000,0.000000,0.695480,0.000000,0.695480,0.596640,0,0.600000,0.200000,0.200000,17387,0,17387,25000,15894,16420,526,1493,2019,0.914131,0.967966
333,0.488350,52.530000,1.324619,0.000000,0.000000,0.000000,0.000000,0.667440,0.000000,0.667440,0.586320,0,0.600000,0.200000,0.200000,16686,0,16686,25000,14132,14548,416,2554,2970,0.846938,0.971405
334,0.378060,53.410000,1.287238,0.000000,0.000000,0.000000,0.000000,0.651760,0.000000,0.651760,0.585560,0,0.600000,0.200000,0.200000,16294,0,16294,25000,14405,14912,507,1889,2396,0.884068,0.966001
335,0.395382,51.980000,1.302531,0.000000,0.000000,0.000000,0.000000,0.671760,0.006560,0.671760,0.571840,1,0.600000,0.200000,0.200000,16794,164,16794,25000,14869,15328,459,1925,2384,0.885376,0.970055
336,0.536915,53.570000,1.284444,0.000000,0.000000,0.000000,0.000000,0.663160,0.000000,0.663160,0.565800,0,0.600000,0.200000,0.200000,16579,0,16579,25000,13588,13944,356,2991,3347,0.819591,0.974469
337,0.522454,53.970000,1.268974,0.000000,0.000000,0.000000,0.000000,0.679120,0.000000,0.679120,0.578560,0,0.600000,0.200000,0.200000,16978,0,16978,25000,14058,14456,398,2920,3318,0.828013,0.972468
338,0.390296,53.450000,1.290372,0.000000,0.000000,0.000000,0.000000,0.663480,0.000000,0.663480,0.589960,0,0.600000,0.200000,0.200000,16587,0,16587,25000,14405,14844,439,2182,2621,0.868451,0.970426
339,0.350879,53.840000,1.286864,0.000000,0.000000,0.000000,0.000000,0.673240,0.000000,0.673240,0.587000,0,0.600000,0.200000,0.200000,16831,0,16831,25000,15080,15568,488,1751,2239,0.895966,0.968654
340,0.322714,54.980000,1.253835,0.000000,0.000000,0.000000,0.000000,0.661600,0.008080,0.661600,0.589240,1,0.600000,0.200000,0.200000,16540,202,16540,25000,15097,15716,619,1443,2062,0.912757,0.960613
341,0.350252,53.390000,1.282755,0.000000,0.000000,0.000000,0.000000,0.666040,0.000000,0.666040,0.590080,0,0.600000,0.200000,0.200000,16651,0,16651,25000,14973,15476,503,1678,2181,0.899225,0.967498
342,0.429982,54.220000,1.275373,0.000000,0.000000,0.000000,0.000000,0.664360,0.000000,0.664360,0.594480,0,0.600000,0.200000,0.200000,16609,0,16609,25000,14392,14912,520,2217,2737,0.866518,0.965129
343,0.402862,54.090000,1.274950,0.000000,0.000000,0.000000,0.000000,0.696240,0.000000,0.696240,0.589240,0,0.600000,0.200000,0.200000,17406,0,17406,25000,15167,15620,453,2239,2692,0.871366,0.970999
344,0.514423,53.660000,1.280043,0.000000,0.000000,0.000000,0.000000,0.666720,0.000000,0.666720,0.603440,0,0.600000,0.200000,0.200000,16668,0,16668,25000,13817,14212,395,2851,3246,0.828954,0.972207
345,0.478150,54.710000,1.261004,0.000000,0.000000,0.000000,0.000000,0.661080,0.007520,0.661080,0.575800,1,0.600000,0.200000,0.200000,16527,188,16527,25000,13897,14396,499,2630,3129,0.840866,0.965338
346,0.340450,55.350000,1.242642,0.000000,0.000000,0.000000,0.000000,0.707840,0.000000,0.707840,0.592520,0,0.600000,0.200000,0.200000,17696,0,17696,25000,16014,16560,546,1682,2228,0.904950,0.967029
347,0.424987,53.930000,1.279929,0.000000,0.000000,0.000000,0.000000,0.675960,0.000000,0.675960,0.578360,0,0.600000,0.200000,0.200000,16899,0,16899,25000,14680,15084,404,2219,2623,0.868690,0.973217
348,0.453637,54.400000,1.259857,0.000000,0.000000,0.000000,0.000000,0.671880,0.000000,0.671880,0.582040,0,0.600000,0.200000,0.200000,16797,0,16797,25000,14374,14888,514,2423,2937,0.855748,0.965476
349,0.450122,52.880000,1.310839,0.000000,0.000000,0.000000,0.000000,0.690520,0.000000,0.690520,0.579080,0,0.600000,0.200000,0.200000,17263,0,17263,25000,14695,15172,477,2568,3045,0.851243,0.968561
350,0.380022,54.480000,1.277369,0.000000,0.000000,0.000000,0.000000,0.671600,0.006040,0.671600,0.586040,1,0.600000,0.200000,0.200000,16790,151,16790,25000,14976,15456,480,1814,2294,0.891959,0.968944
351,0.462020,54.050000,1.274467,0.000000,0.000000,0.000000,0.000000,0.679440,0.000000,0.679440,0.587400,0,0.600000,0.200000,0.200000,16986,0,16986,25000,14386,14860,474,2600,3074,0.846933,0.968102
352,0.417170,54.010000,1.279908,0.000000,0.000000,0.000000,0.000000,0.674720,0.000000,0.674720,0.585880,0,0.600000,0.200000,0.200000,16868,0,16868,25000,14735,15260,525,2133,2658,0.873548,0.965596
353,0.437130,54.190000,1.284867,0.000000,0.000000,0.000000,0.000000,0.685560,0.000000,0.685560,0.595480,0,0.600000,0.200000,0.200000,17139,0,17139,25000,14829,15324,495,2310,2805,0.865220,0.967698
354,0.437582,55.120000,1.258123,0.000000,0.000000,0.000000,0.000000,0.660720,0.000000,0.660720,0.571800,0,0.600000,0.200000,0.200000,16518,0,16518,25000,14132,14572,440,2386,2826,0.855552,0.969805
355,0.402737,55.010000,1.265868,0.000000,0.000000,0.000000,0.000000,0.671960,0.006160,0.671960,0.602240,1,0.600000,0.200000,0.200000,16799,154,16799,25000,14605,15092,487,2194,2681,0.869397,0.967731
356,0.500792,53.450000,1.291500,0.000000,0.000000,0.000000,0.000000,0.665720,0.000000,0.665720,0.590560,0,0.600000,0.200000,0.200000,16643,0,16643,25000,13955,14364,409,2688,3097,0.838491,0.971526
357,0.471241,54.760000,1.270955,0.000000,0.000000,0.000000,0.000000,0.670480,0.000000,0.670480,0.580480,0,0.600000,0.200000,0.200000,16762,0,16762,25000,14327,14828,501,2435,2936,0.854731,0.966213
358,0.428858,54.870000,1.264491,0.000000,0.000000,0.000000,0.000000,0.676440,0.000000,0.676440,0.591880,0,0.600000,0.200000,0.200000,16911,0,16911,25000,14642,15064,422,2269,2691,0.865827,0.971986
359,0.360521,55.130000,1.244648,0.000000,0.000000,0.000000,0.000000,0.687040,0.000000,0.687040,0.595960,0,0.600000,0.200000,0.200000,17176,0,17176,25000,15487,15992,505,1689,2194,0.901665,0.968422
360,0.418562,53.560000,1.295540,0.000000,0.000000,0.000000,0.000000,0.670080,0.007760,0.670080,0.608480,1,0.600000,0.200000,0.200000,16752,194,16752,25000,14500,14936,436,2252,2688,0.865568,0.970809
361,0.404478,54.110000,1.283454,0.000000,0.000000,0.000000,0.000000,0.699400,0.000000,0.699400,0.594320,0,0.600000,0.200000,0.200000,17485,0,17485,25000,15476,15964,488,2009,2497,0.885102,0.969431
362,0.476679,53.590000,1.285989,0.000000,0.000000,0.000000,0.000000,0.691800,0.000000,0.691800,0.587760,0,0.600000,0.200000,0.200000,17295,0,17295,25000,14610,15040,430,2685,3115,0.844753,0.971410
363,0.462355,53.780000,1.294069,0.000000,0.000000,0.000000,0.000000,0.648200,0.000000,0.648200,0.586240,0,0.600000,0.200000,0.200000,16205,0,16205,25000,13704,14136,432,2501,2933,0.845665,0.969440
364,0.525486,52.980000,1.307501,0.000000,0.000000,0.000000,0.000000,0.671600,0.000000,0.671600,0.573720,0,0.600000,0.200000,0.200000,16790,0,16790,25000,14006,14440,434,2784,3218,0.834187,0.969945
365,0.452666,53.000000,1.294828,0.000000,0.000000,0.000000,0.000000,0.680640,0.008720,0.680640,0.579600,1,0.600000,0.200000,0.200000,17016,218,17016,25000,14360,14780,420,2656,3076,0.843912,0.971583
366,0.505335,52.860000,1.309075,0.000000,0.000000,0.000000,0.000000,0.648520,0.000000,0.648520,0.585640,0,0.600000,0.200000,0.200000,16213,0,16213,25000,13425,13828,403,2788,3191,0.828039,0.970856
367,0.472225,52.650000,1.308157,0.000000,0.000000,0.000000,0.000000,0.687600,0.000000,0.687600,0.570880,0,0.600000,0.200000,0.200000,17190,0,17190,25000,14570,15004,434,2620,3054,0.847586,0.971074
368,0.356847,53.920000,1.278149,0.000000,0.000000,0.000000,0.000000,0.712200,0.000000,0.712200,0.580760,0,0.600000,0.200000,0.200000,17805,0,17805,25000,15946,16420,474,1859,2333,0.895591,0.971133
369,0.303151,52.400000,1.299348,0.000000,0.000000,0.000000,0.000000,0.699920,0.000000,0.699920,0.600040,0,0.600000,0.200000,0.200000,17498,0,17498,25000,16285,16764,479,1213,1692,0.930678,0.971427
370,0.431018,54.590000,1.274809,0.000000,0.000000,0.000000,0.000000,0.664400,0.008360,0.664400,0.582120,1,0.600000,0.200000,0.200000,16610,209,16610,25000,14172,14672,500,2438,2938,0.853221,0.965921
371,0.399419,53.280000,1.287316,0.000000,0.000000,0.000000,0.000000,0.668680,0.000000,0.668680,0.583480,0,0.600000,0.200000,0.200000,16717,0,16717,25000,14596,15096,500,2121,2621,0.873123,0.966879
372,0.383644,53.450000,1.283951,0.000000,0.000000,0.000000,0.000000,0.682280,0.000000,0.682280,0.582160,0,0.600000,0.200000,0.200000,17057,0,17057,25000,15136,15620,484,1921,2405,0.887378,0.969014
373,0.375716,53.810000,1.281156,0.000000,0.000000,0.000000,0.000000,0.656680,0.000000,0.656680,0.594160,0,0.600000,0.200000,0.200000,16417,0,16417,25000,14532,15064,532,1885,2417,0.885180,0.964684
374,0.405813,54.770000,1.265614,0.000000,0.000000,0.000000,0.000000,0.699600,0.000000,0.699600,0.590920,0,0.600000,0.200000,0.200000,17490,0,17490,25000,15379,15868,489,2111,2600,0.879302,0.969183
375,0.431911,54.340000,1.266019,0.000000,0.000000,0.000000,0.000000,0.675600,0.007560,0.675600,0.601240,1,0.600000,0.200000,0.200000,16890,189,16890,25000,14709,15132,423,2181,2604,0.870870,0.972046
376,0.344294,55.070000,1.259860,0.000000,0.000000,0.000000,0.000000,0.682640,0.000000,0.682640,0.583160,0,0.600000,0.200000,0.200000,17066,0,17066,25000,15289,15768,479,1777,2256,0.895875,0.969622
377,0.369586,53.770000,1.292993,0.000000,0.000000,0.000000,0.000000,0.682360,0.000000,0.682360,0.614840,0,0.600000,0.200000,0.200000,17059,0,17059,25000,15186,15700,514,1873,2387,0.890205,0.967261
378,0.274133,53.910000,1.295060,0.000000,0.000000,0.000000,0.000000,0.670720,0.000000,0.670720,0.619640,0,0.600000,0.200000,0.200000,16768,0,16768,25000,15501,16016,515,1267,1782,0.924439,0.967845
379,0.446003,54.760000,1.270255,0.000000,0.000000,0.000000,0.000000,0.672760,0.000000,0.672760,0.588120,0,0.600000,0.200000,0.200000,16819,0,16819,25000,14312,14752,440,2507,2947,0.850942,0.970174
380,0.406330,54.300000,1.280705,0.000000,0.000000,0.000000,0.000000,0.688120,0.007640,0.688120,0.603640,1,0.600000,0.200000,0.200000,17203,191,17203,25000,15082,15488,406,2121,2527,0.876708,0.973786
381,0.523919,53.490000,1.279760,0.000000,0.000000,0.000000,0.000000,0.676520,0.000000,0.676520,0.585280,0,0.600000,0.200000,0.200000,16913,0,16913,25000,14089,14596,507,2824,3331,0.833028,0.965264
382,0.402940,54.400000,1.263968,0.000000,0.000000,0.000000,0.000000,0.678040,0.000000,0.678040,0.574200,0,0.600000,0.200000,0.200000,16951,0,16951,25000,14881,15296,415,2070,2485,0.877883,0.972869
383,0.397407,54.220000,1.278492,0.000000,0.000000,0.000000,0.000000,0.660680,0.000000,0.660680,0.600320,0,0.600000,0.200000,0.200000,16517,0,16517,25000,14378,14928,550,2139,2689,0.870497,0.963156
384,0.558394,54.950000,1.258688,0.000000,0.000000,0.000000,0.000000,0.694360,0.000000,0.694360,0.589080,0,0.600000,0.200000,0.200000,17359,0,17359,25000,14281,14660,379,3078,3457,0.822686,0.974147
385,0.523985,54.430000,1.254911,0.000000,0.000000,0.000000,0.000000,0.672960,0.008920,0.672960,0.581360,1,0.600000,0.200000,0.200000,16824,223,16824,25000,13891,14332,441,2933,3374,0.825666,0.969230
386,0.418018,53.380000,1.282398,0.000000,0.000000,0.000000,0.000000,0.691200,0.000000,0.691200,0.594960,0,0.600000,0.200000,0.200000,17280,0,17280,25000,15283,15752,469,1997,2466,0.884433,0.970226
387,0.451719,54.170000,1.274952,0.000000,0.000000,0.000000,0.000000,0.665440,0.000000,0.665440,0.600760,0,0.600000,0.200000,0.200000,16636,0,16636,25000,14031,14488,457,2605,3062,0.843412,0.968457
388,0.464407,53.220000,1.294286,0.000000,0.000000,0.000000,0.000000,0.679640,0.000000,0.679640,0.592080,0,0.600000,0.200000,0.200000,16991,0,16991,25000,14507,14952,445,2484,2929,0.853805,0.970238
389,0.418845,52.710000,1.308299,0.000000,0.000000,0.000000,0.000000,0.669400,0.000000,0.669400,0.593120,0,0.600000,0.200000,0.200000,16735,0,16735,25000,14530,14952,422,2205,2627,0.868240,0.971776
390,0.440608,53.920000,1.262513,0.000000,0.000000,0.000000,0.000000,0.667760,0.006600,0.667760,0.574080,1,0.600000,0.200000,0.200000,16694,165,16694,25000,14420,14904,484,2274,2758,0.863783,0.967525
391,0.415187,54.350000,1.261006,0.000000,0.000000,0.000000,0.000000,0.696440,0.000000,0.696440,0.597360,0,0.600000,0.200000,0.200000,17411,0,17411,25000,15072,15568,496,2339,2835,0.865660,0.968140
392,0.469466,53.360000,1.274135,0.000000,0.000000,0.000000,0.000000,0.666040,0.000000,0.666040,0.588000,0,0.600000,0.200000,0.200000,16651,0,16651,25000,14222,14648,426,2429,2855,0.854123,0.970918
393,0.335391,54.380000,1.273765,0.000000,0.000000,0.000000,0.000000,0.685120,0.000000,0.685120,0.609120,0,0.600000,0.200000,0.200000,17128,0,17128,25000,15531,16004,473,1597,2070,0.906761,0.970445
394,0.460400,54.210000,1.274269,0.000000,0.000000,0.000000,0.000000,0.692320,0.000000,0.692320,0.578560,0,0.600000,0.200000,0.200000,17308,0,17308,25000,14621,14964,343,2687,3030,0.844754,0.977078
395,0.384084,54.220000,1.269221,0.000000,0.000000,0.000000,0.000000,0.667840,0.006160,0.667840,0.578160,1,0.600000,0.200000,0.200000,16696,154,16696,25000,15023,15472,449,1673,2122,0.899796,0.970980
396,0.391535,55.510000,1.246312,0.000000,0.000000,0.000000,0.000000,0.688160,0.000000,0.688160,0.577560,0,0.600000,0.200000,0.200000,17204,0,17204,25000,15096,15532,436,2108,2544,0.877470,0.971929
397,0.429840,54.800000,1.269330,0.000000,0.000000,0.000000,0.000000,0.702520,0.000000,0.702520,0.599080,0,0.600000,0.200000,0.200000,17563,0,17563,25000,14964,15360,396,2599,2995,0.852018,0.974219
398,0.456513,54.400000,1.250461,0.000000,0.000000,0.000000,0.000000,0.666960,0.000000,0.666960,0.574240,0,0.600000,0.200000,0.200000,16674,0,16674,25000,14216,14664,448,2458,2906,0.852585,0.969449
399,0.396328,53.750000,1.279905,0.000000,0.000000,0.000000,0.000000,0.713200,0.000000,0.713200,0.586440,0,0.600000,0.200000,0.200000,17830,0,17830,25000,15785,16296,511,2045,2556,0.885306,0.968643
400,0.380824,55.760000,1.251471,0.000000,0.000000,0.000000,0.000000,0.674040,0.007600,0.674040,0.582920,1,0.600000,0.200000,0.200000,16851,190,16851,25000,14890,15364,474,1961,2435,0.883627,0.969149
401,0.450965,56.160000,1.244027,0.000000,0.000000,0.000000,0.000000,0.661200,0.000000,0.661200,0.600640,0,0.600000,0.200000,0.200000,16530,0,16530,25000,13965,14384,419,2565,2984,0.844828,0.970870
402,0.426199,54.550000,1.267123,0.000000,0.000000,0.000000,0.000000,0.687120,0.000000,0.687120,0.599200,0,0.600000,0.200000,0.200000,17178,0,17178,25000,15048,15520,472,2130,2602,0.876004,0.969588
403,0.483340,55.110000,1.246304,0.000000,0.000000,0.000000,0.000000,0.687360,0.000000,0.687360,0.589040,0,0.600000,0.200000,0.200000,17184,0,17184,25000,14391,14808,417,2793,3210,0.837465,0.971840
404,0.347776,55.490000,1.245528,0.000000,0.000000,0.000000,0.000000,0.699360,0.000000,0.699360,0.598680,0,0.600000,0.200000,0.200000,17484,0,17484,25000,15701,16168,467,1783,2250,0.898021,0.971116
405,0.406497,55.070000,1.252598,0.000000,0.000000,0.000000,0.000000,0.695800,0.006080,0.695800,0.590720,1,0.600000,0.200000,0.200000,17395,152,17395,25000,15205,15684,479,2190,2669,0.874102,0.969459
406,0.341922,54.900000,1.267893,0.000000,0.000000,0.000000,0.000000,0.698480,0.000000,0.698480,0.613120,0,0.600000,0.200000,0.200000,17462,0,17462,25000,15635,16116,481,1827,2308,0.895373,0.970154
407,0.449692,54.050000,1.285016,0.000000,0.000000,0.000000,0.000000,0.689680,0.000000,0.689680,0.590600,0,0.600000,0.200000,0.200000,17242,0,17242,25000,14582,14988,406,2660,3066,0.845726,0.972912
408,0.459980,53.730000,1.263859,0.000000,0.000000,0.000000,0.000000,0.664920,0.000000,0.664920,0.570480,0,0.600000,0.200000,0.200000,16623,0,16623,25000,13854,14372,518,2769,3287,0.833424,0.963958
409,0.385965,53.330000,1.290728,0.000000,0.000000,0.000000,0.000000,0.652960,0.000000,0.652960,0.606320,0,0.600000,0.200000,0.200000,16324,0,16324,25000,14272,14680,408,2052,2460,0.874296,0.972207
410,0.433325,54.270000,1.263673,0.000000,0.000000,0.000000,0.000000,0.663680,0.008280,0.663680,0.578800,1,0.600000,0.200000,0.200000,16592,207,16592,25000,14673,15136,463,1919,2382,0.884342,0.969411
411,0.357106,54.280000,1.271882,0.000000,0.000000,0.000000,0.000000,0.663960,0.000000,0.663960,0.586240,0,0.600000,0.200000,0.200000,16599,0,16599,25000,14774,15260,486,1825,2311,0.890054,0.968152
412,0.453445,53.340000,1.279088,0.000000,0.000000,0.000000,0.000000,0.674880,0.000000,0.674880,0.593400,0,0.600000,0.200000,0.200000,16872,0,16872,25000,14431,14928,497,2441,2938,0.855322,0.966707
413,0.411463,53.840000,1.274987,0.000000,0.000000,0.000000,0.000000,0.659920,0.000000,0.659920,0.595440,0,0.600000,0.200000,0.200000,16498,0,16498,25000,13996,14456,460,2502,2962,0.848345,0.968179
414,0.442216,54.450000,1.263635,0.000000,0.000000,0.000000,0.000000,0.695240,0.000000,0.695240,0.597720,0,0.600000,0.200000,0.200000,17381,0,17381,25000,14822,15332,510,2559,3069,0.852770,0.966736
415,0.485641,54.050000,1.264506,0.000000,0.000000,0.000000,0.000000,0.687920,0.006160,0.687920,0.587800,1,0.600000,0.200000,0.200000,17198,154,17198,25000,14378,14756,378,2820,3198,0.836027,0.974383
416,0.482959,54.480000,1.258310,0.000000,0.000000,0.000000,0.000000,0.668800,0.000000,0.668800,0.583520,0,0.600000,0.200000,0.200000,16720,0,16720,25000,14092,14568,476,2628,3104,0.842823,0.967326
417,0.383145,54.230000,1.266763,0.000000,0.000000,0.000000,0.000000,0.656800,0.000000,0.656800,0.581840,0,0.600000,0.200000,0.200000,16420,0,16420,25000,14234,14704,470,2186,2656,0.866870,0.968036
418,0.381495,52.280000,1.317412,0.000000,0.000000,0.000000,0.000000,0.695360,0.000000,0.695360,0.598400,0,0.600000,0.200000,0.200000,17384,0,17384,25000,15448,15900,452,1936,2388,0.888633,0.971572
419,0.485081,53.480000,1.288873,0.000000,0.000000,0.000000,0.000000,0.665280,0.000000,0.665280,0.585520,0,0.600000,0.200000,0.200000,16632,0,16632,25000,13680,14060,380,2952,3332,0.822511,0.972973
420,0.429026,53.230000,1.289064,0.000000,0.000000,0.000000,0.000000,0.685800,0.006960,0.685800,0.591120,1,0.600000,0.200000,0.200000,17145,174,17145,25000,14745,15148,403,2400,2803,0.860017,0.973396
421,0.350634,51.900000,1.330170,0.000000,0.000000,0.000000,0.000000,0.698000,0.000000,0.698000,0.608320,0,0.600000,0.200000,0.200000,17450,0,17450,25000,15627,16072,445,1823,2268,0.895530,0.972312
422,0.393705,54.120000,1.273182,0.000000,0.000000,0.000000,0.000000,0.643160,0.000000,0.643160,0.584440,0,0.600000,0.200000,0.200000,16079,0,16079,25000,14215,14740,525,1864,2389,0.884072,0.964383
423,0.451476,53.640000,1.287415,0.000000,0.000000,0.000000,0.000000,0.681960,0.000000,0.681960,0.582720,0,0.600000,0.200000,0.200000,17049,0,17049,25000,14353,14756,403,2696,3099,0.841868,0.972689
424,0.524013,52.780000,1.308358,0.000000,0.000000,0.000000,0.000000,0.675680,0.000000,0.675680,0.596400,0,0.600000,0.200000,0.200000,16892,0,16892,25000,13675,14100,425,3217,3642,0.809555,0.969858
425,0.320711,53.530000,1.285979,0.000000,0.000000,0.000000,0.000000,0.687800,0.007600,0.687800,0.577320,1,0.600000,0.200000,0.200000,17195,190,17195,25000,15505,16008,503,1690,2193,0.901716,0.968578
426,0.364337,53.790000,1.272089,0.000000,0.000000,0.000000,0.000000,0.667120,0.000000,0.667120,0.596720,0,0.600000,0.200000,0.200000,16678,0,16678,25000,14766,15200,434,1912,2346,0.885358,0.971447
427,0.415081,52.270000,1.313810,0.000000,0.000000,0.000000,0.000000,0.662440,0.000000,0.662440,0.594800,0,0.600000,0.200000,0.200000,16561,0,16561,25000,14297,14844,547,2264,2811,0.863293,0.963150
428,0.488389,52.930000,1.324649,0.000000,0.000000,0.000000,0.000000,0.686040,0.000000,0.686040,0.598200,0,0.600000,0.200000,0.200000,17151,0,17151,25000,14217,14612,395,2934,3329,0.828931,0.972967
429,0.395630,53.700000,1.290949,0.000000,0.000000,0.000000,0.000000,0.670680,0.000000,0.670680,0.592040,0,0.600000,0.200000,0.200000,16767,0,16767,25000,14638,15096,458,2129,2587,0.873024,0.969661
430,0.527298,51.300000,1.332235,0.000000,0.000000,0.000000,0.000000,0.658560,0.007760,0.658560,0.571640,1,0.600000,0.200000,0.200000,16464,194,16464,25000,13410,13824,414,3054,3468,0.814504,0.970052
431,0.341857,52.980000,1.302854,0.000000,0.000000,0.000000,0.000000,0.665520,0.000000,0.665520,0.590840,0,0.600000,0.200000,0.200000,16638,0,16638,25000,14793,15304,511,1845,2356,0.889109,0.966610
432,0.378655,53.810000,1.286818,0.000000,0.000000,0.000000,0.000000,0.674720,0.000000,0.674720,0.592920,0,0.600000,0.200000,0.200000,16868,0,16868,25000,14932,15404,472,1936,2408,0.885226,0.969359
433,0.375122,54.630000,1.270247,0.000000,0.000000,0.000000,0.000000,0.674640,0.000000,0.674640,0.583880,0,0.600000,0.200000,0.200000,16866,0,16866,25000,14768,15260,492,2098,2590,0.875608,0.967759
434,0.498673,54.910000,1.246622,0.000000,0.000000,0.000000,0.000000,0.656920,0.000000,0.656920,0.584720,0,0.600000,0.200000,0.200000,16423,0,16423,25000,13675,14180,505,2748,3253,0.832674,0.964386
435,0.439754,53.240000,1.288216,0.000000,0.000000,0.000000,0.000000,0.665480,0.009120,0.665480,0.587040,1,0.600000,0.200000,0.200000,16637,228,16637,25000,14108,14600,492,2529,3021,0.847989,0.966301
436,0.479127,54.330000,1.283835,0.000000,0.000000,0.000000,0.000000,0.690800,0.000000,0.690800,0.574120,0,0.600000,0.200000,0.200000,17270,0,17270,25000,14547,14956,409,2723,3132,0.842328,0.972653
437,0.424063,53.530000,1.284929,0.000000,0.000000,0.000000,0.000000,0.698080,0.000000,0.698080,0.565320,0,0.600000,0.200000,0.200000,17452,0,17452,25000,15155,15648,493,2297,2790,0.868382,0.968494
438,0.451884,52.530000,1.312162,0.000000,0.000000,0.000000,0.000000,0.711320,0.000000,0.711320,0.591960,0,0.600000,0.200000,0.200000,17783,0,17783,25000,15258,15660,402,2525,2927,0.858010,0.974330
439,0.334146,54.050000,1.265368,0.000000,0.000000,0.000000,0.000000,0.664280,0.000000,0.664280,0.595200,0,0.600000,0.200000,0.200000,16607,0,16607,25000,14955,15452,497,1652,2149,0.900524,0.967836
440,0.449564,53.900000,1.272080,0.000000,0.000000,0.000000,0.000000,0.666160,0.007120,0.666160,0.585960,1,0.600000,0.200000,0.200000,16654,178,16654,25000,14233,14712,479,2421,2900,0.854630,0.967442
441,0.511015,53.300000,1.282722,0.000000,0.000000,0.000000,0.000000,0.661160,0.000000,0.661160,0.581920,0,0.600000,0.200000,0.200000,16529,0,16529,25000,13569,13996,427,2960,3387,0.820921,0.969491
442,0.374531,54.390000,1.279610,0.000000,0.000000,0.000000,0.000000,0.708040,0.000000,0.708040,0.597160,0,0.600000,0.200000,0.200000,17701,0,17701,25000,15530,16020,490,2171,2661,0.877352,0.969413
443,0.372330,54.670000,1.244593,0.000000,0.000000,0.000000,0.000000,0.678000,0.000000,0.678000,0.594800,0,0.600000,0.200000,0.200000,16950,0,16950,25000,14854,15352,498,2096,2594,0.876342,0.967561
444,0.440918,53.520000,1.296237,0.000000,0.000000,0.000000,0.000000,0.683320,0.000000,0.683320,0.600360,0,0.600000,0.200000,0.200000,17083,0,17083,25000,14835,15320,485,2248,2733,0.868407,0.968342
445,0.460014,53.120000,1.293518,0.000000,0.000000,0.000000,0.000000,0.681120,0.006520,0.681120,0.578960,1,0.600000,0.200000,0.200000,17028,163,17028,25000,14295,14700,405,2733,3138,0.839500,0.972449
446,0.432254,51.970000,1.330792,0.000000,0.000000,0.000000,0.000000,0.675560,0.000000,0.675560,0.591960,0,0.600000,0.200000,0.200000,16889,0,16889,25000,14721,15196,475,2168,2643,0.871632,0.968742
447,0.376605,53.260000,1.276268,0.000000,0.000000,0.000000,0.000000,0.692360,0.000000,0.692360,0.576280,0,0.600000,0.200000,0.200000,17309,0,17309,25000,15344,15840,496,1965,2461,0.886475,0.968687
448,0.461421,53.310000,1.288583,0.000000,0.000000,0.000000,0.000000,0.668000,0.000000,0.668000,0.597280,0,0.600000,0.200000,0.200000,16700,0,16700,25000,14202,14620,418,2498,2916,0.850419,0.971409
449,0.433568,54.790000,1.252721,0.000000,0.000000,0.000000,0.000000,0.674720,0.000000,0.674720,0.575560,0,0.600000,0.200000,0.200000,16868,0,16868,25000,14588,14996,408,2280,2688,0.864833,0.972793
450,0.400486,53.530000,1.288971,0.000000,0.000000,0.000000,0.000000,0.656560,0.006240,0.656560,0.607880,1,0.600000,0.200000,0.200000,16414,156,16414,25000,14297,14740,443,2117,2560,0.871025,0.969946
451,0.418013,53.450000,1.265996,0.000000,0.000000,0.000000,0.000000,0.689400,0.000000,0.689400,0.577040,0,0.600000,0.200000,0.200000,17235,0,17235,25000,14907,15312,405,2328,2733,0.864926,0.973550
452,0.435084,52.100000,1.324044,0.000000,0.000000,0.000000,0.000000,0.680320,0.000000,0.680320,0.594480,0,0.600000,0.200000,0.200000,17008,0,17008,25000,14502,14980,478,2506,2984,0.852658,0.968091
453,0.399297,53.400000,1.280570,0.000000,0.000000,0.000000,0.000000,0.662680,0.000000,0.662680,0.595600,0,0.600000,0.200000,0.200000,16567,0,16567,25000,14258,14744,486,2309,2795,0.860627,0.967037
454,0.387233,53.140000,1.287785,0.000000,0.000000,0.000000,0.000000,0.662120,0.000000,0.662120,0.598560,0,0.600000,0.200000,0.200000,16553,0,16553,25000,14440,14900,460,2113,2573,0.872349,0.969128
455,0.377685,52.280000,1.310095,0.000000,0.000000,0.000000,0.000000,0.679520,0.008160,0.679520,0.609720,1,0.600000,0.200000,0.200000,16988,204,16988,25000,14984,15508,524,2004,2528,0.882034,0.966211
456,0.421505,54.630000,1.257871,0.000000,0.000000,0.000000,0.000000,0.665320,0.000000,0.665320,0.577280,0,0.600000,0.200000,0.200000,16633,0,16633,25000,14268,14772,504,2365,2869,0.857813,0.965881
457,0.402436,53.820000,1.280023,0.000000,0.000000,0.000000,0.000000,0.680240,0.000000,0.680240,0.605040,0,0.600000,0.200000,0.200000,17006,0,17006,25000,14660,15048,388,2346,2734,0.862049,0.974216
458,0.491298,53.310000,1.293639,0.000000,0.000000,0.000000,0.000000,0.675360,0.000000,0.675360,0.583560,0,0.600000,0.200000,0.200000,16884,0,16884,25000,14252,14684,432,2632,3064,0.844113,0.970580
459,0.381522,53.180000,1.289870,0.000000,0.000000,0.000000,0.000000,0.639480,0.000000,0.639480,0.589720,0,0.600000,0.200000,0.200000,15987,0,15987,25000,13951,14380,429,2036,2465,0.872647,0.970167
460,0.357797,54.460000,1.272304,0.000000,0.000000,0.000000,0.000000,0.681320,0.007560,0.681320,0.591480,1,0.600000,0.200000,0.200000,17033,189,17033,25000,15207,15696,489,1826,2315,0.892796,0.968846
461,0.328613,54.590000,1.274666,0.000000,0.000000,0.000000,0.000000,0.663280,0.000000,0.663280,0.606120,0,0.600000,0.200000,0.200000,16582,0,16582,25000,14932,15388,456,1650,2106,0.900495,0.970367
462,0.449127,53.390000,1.294512,0.000000,0.000000,0.000000,0.000000,0.662600,0.000000,0.662600,0.593600,0,0.600000,0.200000,0.200000,16565,0,16565,25000,13783,14220,437,2782,3219,0.832056,0.969269
463,0.430908,54.370000,1.280158,0.000000,0.000000,0.000000,0.000000,0.686640,0.000000,0.686640,0.600880,0,0.600000,0.200000,0.200000,17166,0,17166,25000,14448,14840,392,2718,3110,0.841664,0.973585
464,0.390041,51.820000,1.309349,0.000000,0.000000,0.000000,0.000000,0.705080,0.000000,0.705080,0.594720,0,0.600000,0.200000,0.200000,17627,0,17627,25000,15235,15644,409,2392,2801,0.864299,0.973856
465,0.387530,54.810000,1.261994,0.000000,0.000000,0.000000,0.000000,0.676440,0.006080,0.676440,0.602000,1,0.600000,0.200000,0.200000,16911,152,16911,25000,14875,15272,397,2036,2433,0.879605,0.974005
466,0.344368,54.550000,1.280880,0.000000,0.000000,0.000000,0.000000,0.668440,0.000000,0.668440,0.615000,0,0.600000,0.200000,0.200000,16711,0,16711,25000,14934,15316,382,1777,2159,0.893663,0.975059
467,0.340654,55.100000,1.256438,0.000000,0.000000,0.000000,0.000000,0.692440,0.000000,0.692440,0.602520,0,0.600000,0.200000,0.200000,17311,0,17311,25000,15648,16156,508,1663,2171,0.903934,0.968557
468,0.346534,54.430000,1.280164,0.000000,0.000000,0.000000,0.000000,0.678840,0.000000,0.678840,0.609000,0,0.600000,0.200000,0.200000,16971,0,16971,25000,15026,15464,438,1945,2383,0.885393,0.971676
469,0.484871,53.260000,1.292823,0.000000,0.000000,0.000000,0.000000,0.652560,0.000000,0.652560,0.595560,0,0.600000,0.200000,0.200000,16314,0,16314,25000,13714,14196,482,2600,3082,0.840628,0.966047
470,0.342176,54.130000,1.282994,0.000000,0.000000,0.000000,0.000000,0.668200,0.005720,0.668200,0.604880,1,0.600000,0.200000,0.200000,16705,143,16705,25000,14799,15276,477,1906,2383,0.885902,0.968775
471,0.449333,53.350000,1.290946,0.000000,0.000000,0.000000,0.000000,0.687520,0.000000,0.687520,0.589560,0,0.600000,0.200000,0.200000,17188,0,17188,25000,14506,14944,438,2682,3120,0.843961,0.970691
472,0.428064,52.890000,1.308177,0.000000,0.000000,0.000000,0.000000,0.689880,0.000000,0.689880,0.603440,0,0.600000,0.200000,0.200000,17247,0,17247,25000,14867,15288,421,2380,2801,0.862005,0.972462
473,0.423390,55.020000,1.261346,0.000000,0.000000,0.000000,0.000000,0.685560,0.000000,0.685560,0.596480,0,0.600000,0.200000,0.200000,17139,0,17139,25000,14592,15060,468,2547,3015,0.851392,0.968924
474,0.359147,53.520000,1.303863,0.000000,0.000000,0.000000,0.000000,0.704520,0.000000,0.704520,0.600920,0,0.600000,0.200000,0.200000,17613,0,17613,25000,15432,15888,456,2181,2637,0.876171,0.971299
475,0.327418,53.370000,1.295984,0.000000,0.000000,0.000000,0.000000,0.699960,0.005800,0.699960,0.610000,1,0.600000,0.200000,0.200000,17499,145,17499,25000,15601,16060,459,1898,2357,0.891537,0.971420
476,0.388147,52.860000,1.309618,0.000000,0.000000,0.000000,0.000000,0.672800,0.000000,0.672800,0.613920,0,0.600000,0.200000,0.200000,16820,0,16820,25000,14642,15104,462,2178,2640,0.870511,0.969412
477,0.396009,54.220000,1.266233,0.000000,0.000000,0.000000,0.000000,0.685120,0.000000,0.685120,0.592600,0,0.600000,0.200000,0.200000,17128,0,17128,25000,14868,15332,464,2260,2724,0.868052,0.969736
478,0.403046,55.200000,1.238453,0.000000,0.000000,0.000000,0.000000,0.675880,0.000000,0.675880,0.596160,0,0.600000,0.200000,0.200000,16897,0,16897,25000,14675,15124,449,2222,2671,0.868497,0.970312
479,0.328873,53.680000,1.287779,0.000000,0.000000,0.000000,0.000000,0.671840,0.000000,0.671840,0.612160,0,0.600000,0.200000,0.200000,16796,0,16796,25000,15084,15596,512,1712,2224,0.898071,0.967171
480,0.398879,52.390000,1.299779,0.000000,0.000000,0.000000,0.000000,0.660920,0.006600,0.660920,0.575400,1,0.600000,0.200000,0.200000,16523,165,16523,25000,14286,14720,434,2237,2671,0.864613,0.970516
481,0.402144,53.470000,1.292748,0.000000,0.000000,0.000000,0.000000,0.685440,0.000000,0.685440,0.593400,0,0.600000,0.200000,0.200000,17136,0,17136,25000,14749,15156,407,2387,2794,0.860703,0.973146
482,0.363128,52.650000,1.315172,0.000000,0.000000,0.000000,0.000000,0.679200,0.000000,0.679200,0.608440,0,0.600000,0.200000,0.200000,16980,0,16980,25000,14875,15348,473,2105,2578,0.876031,0.969182
483,0.378009,55.110000,1.261286,0.000000,0.000000,0.000000,0.000000,0.691280,0.000000,0.691280,0.594800,0,0.600000,0.200000,0.200000,17282,0,17282,25000,15112,15548,436,2170,2606,0.874436,0.971958
484,0.365410,54.560000,1.278925,0.000000,0.000000,0.000000,0.000000,0.655720,0.000000,0.655720,0.607040,0,0.600000,0.200000,0.200000,16393,0,16393,25000,14296,14680,384,2097,2481,0.872080,0.973842
485,0.316677,53.990000,1.268254,0.000000,0.000000,0.000000,0.000000,0.684680,0.007320,0.684680,0.617440,1,0.600000,0.200000,0.200000,17117,183,17117,25000,15350,15848,498,1767,2265,0.896769,0.968576
486,0.415794,54.580000,1.254652,0.000000,0.000000,0.000000,0.000000,0.695440,0.000000,0.695440,0.604280,0,0.600000,0.200000,0.200000,17386,0,17386,25000,15192,15616,424,2194,2618,0.873807,0.972848
487,0.433664,54.140000,1.292233,0.000000,0.000000,0.000000,0.000000,0.672960,0.000000,0.672960,0.592200,0,0.600000,0.200000,0.200000,16824,0,16824,25000,14374,14832,458,2450,2908,0.854375,0.969121
488,0.444687,53.470000,1.283873,0.000000,0.000000,0.000000,0.000000,0.671400,0.000000,0.671400,0.589000,0,0.600000,0.200000,0.200000,16785,0,16785,25000,14141,14560,419,2644,3063,0.842478,0.971223
489,0.385985,54.060000,1.308321,0.000000,0.000000,0.000000,0.000000,0.672480,0.000000,0.672480,0.593120,0,0.600000,0.200000,0.200000,16812,0,16812,25000,14597,15008,411,2215,2626,0.868249,0.972615
490,0.384480,52.660000,1.322857,0.000000,0.000000,0.000000,0.000000,0.682000,0.005920,0.682000,0.615200,1,0.600000,0.200000,0.200000,17050,148,17050,25000,14862,15292,430,2188,2618,0.871672,0.971881
491,0.373140,54.440000,1.262304,0.000000,0.000000,0.000000,0.000000,0.668960,0.000000,0.668960,0.579640,0,0.600000,0.200000,0.200000,16724,0,16724,25000,14678,15128,450,2046,2496,0.877661,0.970254
492,0.369902,53.750000,1.277853,0.000000,0.000000,0.000000,0.000000,0.688040,0.000000,0.688040,0.605640,0,0.600000,0.200000,0.200000,17201,0,17201,25000,15058,15500,442,2143,2585,0.875414,0.971484
493,0.355490,52.430000,1.318888,0.000000,0.000000,0.000000,0.000000,0.673760,0.000000,0.673760,0.607720,0,0.600000,0.200000,0.200000,16844,0,16844,25000,14808,15300,492,2036,2528,0.879126,0.967843
494,0.384981,54.400000,1.281457,0.000000,0.000000,0.000000,0.000000,0.700240,0.000000,0.700240,0.616800,0,0.600000,0.200000,0.200000,17506,0,17506,25000,15487,15904,417,2019,2436,0.884668,0.973780
495,0.407791,53.160000,1.301748,0.000000,0.000000,0.000000,0.000000,0.687840,0.006560,0.687840,0.585600,1,0.600000,0.200000,0.200000,17196,164,17196,25000,14940,15296,356,2256,2612,0.868807,0.976726
496,0.394602,52.080000,1.313178,0.000000,0.000000,0.000000,0.000000,0.663640,0.000000,0.663640,0.590040,0,0.600000,0.200000,0.200000,16591,0,16591,25000,14451,14900,449,2140,2589,0.871014,0.969866
497,0.400732,53.240000,1.297795,0.000000,0.000000,0.000000,0.000000,0.684360,0.000000,0.684360,0.590520,0,0.600000,0.200000,0.200000,17109,0,17109,25000,14723,15176,453,2386,2839,0.860541,0.970150
498,0.312023,54.290000,1.283800,0.000000,0.000000,0.000000,0.000000,0.712400,0.000000,0.712400,0.613680,0,0.600000,0.200000,0.200000,17810,0,17810,25000,16002,16420,418,1808,2226,0.898484,0.974543
499,0.491512,54.630000,1.261462,0.000000,0.000000,0.000000,0.000000,0.648600,0.000000,0.648600,0.590560,0,0.600000,0.200000,0.200000,16215,0,16215,25000,13245,13720,475,2970,3445,0.816836,0.965379
