epoch,train_loss,global_test_acc,global_test_loss,rec_apa,rec_loss,personal_apa,personal_loss,core_clean_ratio,recover_ratio,train_ratio,agreement_ratio,recovery_trigger,w_rn,w_rec,w_pfl,core_count,recover_count,train_count,total_count,actual_train_clean_count,actual_round_clean_count,missed_clean_count,false_clean_count,total_wrong_count,actual_train_clean_ratio,clean_recall
0,1.241703,20.160000,2.296891,0.000000,0.000000,0.000000,0.000000,1.000000,0.000000,1.000000,0.000000,0,1.000000,0.000000,0.000000,5000,0,5000,5000,4108,4108,0,892,892,0.821600,1.000000
1,1.285669,21.310000,2.170816,0.000000,0.000000,0.000000,0.000000,1.000000,0.000000,1.000000,0.000000,0,1.000000,0.000000,0.000000,5000,0,5000,5000,3990,3990,0,1010,1010,0.798000,1.000000
2,1.199907,20.520000,2.136272,0.000000,0.000000,0.000000,0.000000,1.000000,0.000000,1.000000,0.000000,0,1.000000,0.000000,0.000000,5000,0,5000,5000,4056,4056,0,944,944,0.811200,1.000000
3,1.179684,23.690000,2.076865,0.000000,0.000000,0.000000,0.000000,1.000000,0.000000,1.000000,0.000000,0,1.000000,0.000000,0.000000,5000,0,5000,5000,4048,4048,0,952,952,0.809600,1.000000
4,1.278727,27.600000,2.092140,0.000000,0.000000,0.000000,0.000000,1.000000,0.000000,1.000000,0.000000,0,1.000000,0.000000,0.000000,5000,0,5000,5000,3962,3962,0,1038,1038,0.792400,1.000000
5,1.412327,25.390000,2.103466,0.000000,0.000000,0.000000,0.000000,1.000000,0.000000,1.000000,0.000000,0,1.000000,0.000000,0.000000,5000,0,5000,5000,3636,3636,0,1364,1364,0.727200,1.000000
6,1.156982,26.030000,2.051120,0.000000,0.000000,0.000000,0.000000,1.000000,0.000000,1.000000,0.000000,0,1.000000,0.000000,0.000000,5000,0,5000,5000,4006,4006,0,994,994,0.801200,1.000000
7,1.047922,28.000000,2.051154,0.000000,0.000000,0.000000,0.000000,1.000000,0.000000,1.000000,0.000000,0,1.000000,0.000000,0.000000,5000,0,5000,5000,4082,4082,0,918,918,0.816400,1.000000
8,0.928774,31.500000,1.994247,0.000000,0.000000,0.000000,0.000000,1.000000,0.000000,1.000000,0.000000,0,1.000000,0.000000,0.000000,5000,0,5000,5000,4386,4386,0,614,614,0.877200,1.000000
9,1.164817,26.900000,2.001710,0.000000,0.000000,0.000000,0.000000,1.000000,0.000000,1.000000,0.000000,0,1.000000,0.000000,0.000000,5000,0,5000,5000,3876,3876,0,1124,1124,0.775200,1.000000
10,1.156654,20.210000,2.127921,0.000000,0.000000,0.000000,0.000000,1.000000,0.000000,1.000000,0.000000,0,1.000000,0.000000,0.000000,5000,0,5000,5000,3944,3944,0,1056,1056,0.788800,1.000000
11,1.172261,26.550000,1.998800,0.000000,0.000000,0.000000,0.000000,1.000000,0.000000,1.000000,0.000000,0,1.000000,0.000000,0.000000,5000,0,5000,5000,3970,3970,0,1030,1030,0.794000,1.000000
12,1.229527,27.170000,1.976906,0.000000,0.000000,0.000000,0.000000,1.000000,0.000000,1.000000,0.000000,0,1.000000,0.000000,0.000000,5000,0,5000,5000,3868,3868,0,1132,1132,0.773600,1.000000
13,1.077132,29.230000,1.954800,0.000000,0.000000,0.000000,0.000000,1.000000,0.000000,1.000000,0.000000,0,1.000000,0.000000,0.000000,5000,0,5000,5000,4074,4074,0,926,926,0.814800,1.000000
14,0.939150,26.940000,2.004097,0.000000,0.000000,0.000000,0.000000,1.000000,0.000000,1.000000,0.000000,0,1.000000,0.000000,0.000000,5000,0,5000,5000,4246,4246,0,754,754,0.849200,1.000000
15,1.125441,27.430000,1.954926,0.000000,0.000000,0.000000,0.000000,1.000000,0.000000,1.000000,0.000000,0,1.000000,0.000000,0.000000,5000,0,5000,5000,4080,4080,0,920,920,0.816000,1.000000
16,0.924960,34.260000,1.926018,0.000000,0.000000,0.000000,0.000000,1.000000,0.000000,1.000000,0.000000,0,1.000000,0.000000,0.000000,5000,0,5000,5000,4254,4254,0,746,746,0.850800,1.000000
17,1.181884,34.760000,1.925397,0.000000,0.000000,0.000000,0.000000,1.000000,0.000000,1.000000,0.000000,0,1.000000,0.000000,0.000000,5000,0,5000,5000,3890,3890,0,1110,1110,0.778000,1.000000
18,1.189582,26.600000,2.006671,0.000000,0.000000,0.000000,0.000000,1.000000,0.000000,1.000000,0.000000,0,1.000000,0.000000,0.000000,5000,0,5000,5000,3816,3816,0,1184,1184,0.763200,1.000000
19,1.188855,32.500000,1.945801,0.000000,0.000000,0.000000,0.000000,1.000000,0.000000,1.000000,0.000000,0,1.000000,0.000000,0.000000,5000,0,5000,5000,3858,3858,0,1142,1142,0.771600,1.000000
20,1.017363,33.640000,1.920737,0.000000,0.000000,0.000000,0.000000,1.000000,0.000000,1.000000,0.000000,0,1.000000,0.000000,0.000000,5000,0,5000,5000,4136,4136,0,864,864,0.827200,1.000000
21,1.087833,39.030000,1.882660,0.000000,0.000000,0.000000,0.000000,1.000000,0.000000,1.000000,0.000000,0,1.000000,0.000000,0.000000,5000,0,5000,5000,4086,4086,0,914,914,0.817200,1.000000
22,1.046300,30.220000,1.972174,0.000000,0.000000,0.000000,0.000000,1.000000,0.000000,1.000000,0.000000,0,1.000000,0.000000,0.000000,5000,0,5000,5000,4014,4014,0,986,986,0.802800,1.000000
23,1.060397,30.330000,1.959114,0.000000,0.000000,0.000000,0.000000,1.000000,0.000000,1.000000,0.000000,0,1.000000,0.000000,0.000000,5000,0,5000,5000,4002,4002,0,998,998,0.800400,1.000000
24,1.067366,28.100000,1.943454,0.000000,0.000000,0.000000,0.000000,1.000000,0.000000,1.000000,0.000000,0,1.000000,0.000000,0.000000,5000,0,5000,5000,4014,4014,0,986,986,0.802800,1.000000
25,0.937848,34.440000,1.896956,0.000000,0.000000,0.000000,0.000000,1.000000,0.000000,1.000000,0.000000,0,1.000000,0.000000,0.000000,5000,0,5000,5000,4182,4182,0,818,818,0.836400,1.000000
26,1.080052,31.740000,1.927322,0.000000,0.000000,0.000000,0.000000,1.000000,0.000000,1.000000,0.000000,0,1.000000,0.000000,0.000000,5000,0,5000,5000,4104,4104,0,896,896,0.820800,1.000000
27,0.985130,32.220000,1.901046,0.000000,0.000000,0.000000,0.000000,1.000000,0.000000,1.000000,0.000000,0,1.000000,0.000000,0.000000,5000,0,5000,5000,4162,4162,0,838,838,0.832400,1.000000
28,1.075127,36.920000,1.887739,0.000000,0.000000,0.000000,0.000000,1.000000,0.000000,1.000000,0.000000,0,1.000000,0.000000,0.000000,5000,0,5000,5000,3984,3984,0,1016,1016,0.796800,1.000000
29,0.985360,34.590000,1.893750,0.000000,0.000000,0.000000,0.000000,1.000000,0.000000,1.000000,0.000000,0,1.000000,0.000000,0.000000,5000,0,5000,5000,4132,4132,0,868,868,0.826400,1.000000
30,0.903437,27.810000,1.943798,0.000000,0.000000,0.000000,0.000000,1.000000,0.000000,1.000000,0.000000,0,1.000000,0.000000,0.000000,5000,0,5000,5000,4252,4252,0,748,748,0.850400,1.000000
31,1.041196,32.850000,1.885904,0.000000,0.000000,0.000000,0.000000,1.000000,0.000000,1.000000,0.000000,0,1.000000,0.000000,0.000000,5000,0,5000,5000,4074,4074,0,926,926,0.814800,1.000000
32,1.179152,35.620000,1.878251,0.000000,0.000000,0.000000,0.000000,1.000000,0.000000,1.000000,0.000000,0,1.000000,0.000000,0.000000,5000,0,5000,5000,3894,3894,0,1106,1106,0.778800,1.000000
33,1.198866,34.950000,1.911944,0.000000,0.000000,0.000000,0.000000,1.000000,0.000000,1.000000,0.000000,0,1.000000,0.000000,0.000000,5000,0,5000,5000,3898,3898,0,1102,1102,0.779600,1.000000
34,0.871364,36.880000,1.872311,0.000000,0.000000,0.000000,0.000000,1.000000,0.000000,1.000000,0.000000,0,1.000000,0.000000,0.000000,5000,0,5000,5000,4248,4248,0,752,752,0.849600,1.000000
35,1.099408,33.050000,1.914313,0.000000,0.000000,0.000000,0.000000,1.000000,0.000000,1.000000,0.000000,0,1.000000,0.000000,0.000000,5000,0,5000,5000,3954,3954,0,1046,1046,0.790800,1.000000
36,0.942519,27.250000,1.942016,0.000000,0.000000,0.000000,0.000000,1.000000,0.000000,1.000000,0.000000,0,1.000000,0.000000,0.000000,5000,0,5000,5000,4214,4214,0,786,786,0.842800,1.000000
37,1.006023,35.340000,1.848392,0.000000,0.000000,0.000000,0.000000,1.000000,0.000000,1.000000,0.000000,0,1.000000,0.000000,0.000000,5000,0,5000,5000,4098,4098,0,902,902,0.819600,1.000000
38,1.330833,39.470000,1.875039,0.000000,0.000000,0.000000,0.000000,1.000000,0.000000,1.000000,0.000000,0,1.000000,0.000000,0.000000,5000,0,5000,5000,3574,3574,0,1426,1426,0.714800,1.000000
39,1.061232,32.640000,1.940551,0.000000,0.000000,0.000000,0.000000,1.000000,0.000000,1.000000,0.000000,0,1.000000,0.000000,0.000000,5000,0,5000,5000,4086,4086,0,914,914,0.817200,1.000000
40,0.987822,34.600000,1.866380,0.000000,0.000000,0.000000,0.000000,1.000000,0.000000,1.000000,0.000000,0,1.000000,0.000000,0.000000,5000,0,5000,5000,4098,4098,0,902,902,0.819600,1.000000
41,1.027505,27.510000,1.933721,0.000000,0.000000,0.000000,0.000000,1.000000,0.000000,1.000000,0.000000,0,1.000000,0.000000,0.000000,5000,0,5000,5000,4018,4018,0,982,982,0.803600,1.000000
42,1.006770,39.620000,1.858322,0.000000,0.000000,0.000000,0.000000,1.000000,0.000000,1.000000,0.000000,0,1.000000,0.000000,0.000000,5000,0,5000,5000,4056,4056,0,944,944,0.811200,1.000000
43,0.986411,34.140000,1.896923,0.000000,0.000000,0.000000,0.000000,1.000000,0.000000,1.000000,0.000000,0,1.000000,0.000000,0.000000,5000,0,5000,5000,4076,4076,0,924,924,0.815200,1.000000
44,1.082559,35.510000,1.860903,0.000000,0.000000,0.000000,0.000000,1.000000,0.000000,1.000000,0.000000,0,1.000000,0.000000,0.000000,5000,0,5000,5000,3988,3988,0,1012,1012,0.797600,1.000000
45,0.981957,33.620000,1.864460,0.000000,0.000000,0.000000,0.000000,1.000000,0.000000,1.000000,0.000000,0,1.000000,0.000000,0.000000,5000,0,5000,5000,4102,4102,0,898,898,0.820400,1.000000
46,1.017392,31.200000,1.923520,0.000000,0.000000,0.000000,0.000000,1.000000,0.000000,1.000000,0.000000,0,1.000000,0.000000,0.000000,5000,0,5000,5000,3936,3936,0,1064,1064,0.787200,1.000000
47,0.901003,32.720000,1.891135,0.000000,0.000000,0.000000,0.000000,1.000000,0.000000,1.000000,0.000000,0,1.000000,0.000000,0.000000,5000,0,5000,5000,4198,4198,0,802,802,0.839600,1.000000
48,1.063789,32.960000,1.877366,0.000000,0.000000,0.000000,0.000000,1.000000,0.000000,1.000000,0.000000,0,1.000000,0.000000,0.000000,5000,0,5000,5000,3878,3878,0,1122,1122,0.775600,1.000000
49,1.258083,34.670000,1.885393,0.000000,0.000000,0.000000,0.000000,1.000000,0.000000,1.000000,0.000000,0,1.000000,0.000000,0.000000,5000,0,5000,5000,3726,3726,0,1274,1274,0.745200,1.000000
50,1.036829,31.400000,1.898305,0.000000,0.000000,0.000000,0.000000,1.000000,0.000000,1.000000,0.000000,0,1.000000,0.000000,0.000000,5000,0,5000,5000,3956,3956,0,1044,1044,0.791200,1.000000
51,1.187926,35.860000,1.904669,0.000000,0.000000,0.000000,0.000000,1.000000,0.000000,1.000000,0.000000,0,1.000000,0.000000,0.000000,5000,0,5000,5000,3806,3806,0,1194,1194,0.761200,1.000000
52,0.954444,34.790000,1.909616,0.000000,0.000000,0.000000,0.000000,1.000000,0.000000,1.000000,0.000000,0,1.000000,0.000000,0.000000,5000,0,5000,5000,4068,4068,0,932,932,0.813600,1.000000
53,1.004984,34.520000,1.888514,0.000000,0.000000,0.000000,0.000000,1.000000,0.000000,1.000000,0.000000,0,1.000000,0.000000,0.000000,5000,0,5000,5000,3976,3976,0,1024,1024,0.795200,1.000000
54,1.117953,31.720000,1.907976,0.000000,0.000000,0.000000,0.000000,1.000000,0.000000,1.000000,0.000000,0,1.000000,0.000000,0.000000,5000,0,5000,5000,3778,3778,0,1222,1222,0.755600,1.000000
55,0.798979,32.790000,1.848582,0.000000,0.000000,0.000000,0.000000,1.000000,0.000000,1.000000,0.000000,0,1.000000,0.000000,0.000000,5000,0,5000,5000,4268,4268,0,732,732,0.853600,1.000000
56,0.982279,32.620000,1.851960,0.000000,0.000000,0.000000,0.000000,1.000000,0.000000,1.000000,0.000000,0,1.000000,0.000000,0.000000,5000,0,5000,5000,4060,4060,0,940,940,0.812000,1.000000
57,0.925069,37.140000,1.858144,0.000000,0.000000,0.000000,0.000000,1.000000,0.000000,1.000000,0.000000,0,1.000000,0.000000,0.000000,5000,0,5000,5000,4138,4138,0,862,862,0.827600,1.000000
58,1.028269,35.880000,1.829610,0.000000,0.000000,0.000000,0.000000,1.000000,0.000000,1.000000,0.000000,0,1.000000,0.000000,0.000000,5000,0,5000,5000,4024,4024,0,976,976,0.804800,1.000000
59,0.832235,31.480000,1.880641,0.000000,0.000000,0.000000,0.000000,1.000000,0.000000,1.000000,0.000000,0,1.000000,0.000000,0.000000,5000,0,5000,5000,4310,4310,0,690,690,0.862000,1.000000
60,1.080011,38.900000,1.845552,0.000000,0.000000,0.000000,0.000000,1.000000,0.000000,1.000000,0.000000,0,1.000000,0.000000,0.000000,5000,0,5000,5000,3960,3960,0,1040,1040,0.792000,1.000000
61,0.874029,35.510000,1.834575,0.000000,0.000000,0.000000,0.000000,1.000000,0.000000,1.000000,0.000000,0,1.000000,0.000000,0.000000,5000,0,5000,5000,4200,4200,0,800,800,0.840000,1.000000
62,1.035079,37.710000,1.834756,0.000000,0.000000,0.000000,0.000000,1.000000,0.000000,1.000000,0.000000,0,1.000000,0.000000,0.000000,5000,0,5000,5000,3942,3942,0,1058,1058,0.788400,1.000000
63,1.007094,36.960000,1.818132,0.000000,0.000000,0.000000,0.000000,1.000000,0.000000,1.000000,0.000000,0,1.000000,0.000000,0.000000,5000,0,5000,5000,4070,4070,0,930,930,0.814000,1.000000
64,0.830213,33.890000,1.818499,0.000000,0.000000,0.000000,0.000000,1.000000,0.000000,1.000000,0.000000,0,1.000000,0.000000,0.000000,5000,0,5000,5000,4232,4232,0,768,768,0.846400,1.000000
65,1.142147,36.540000,1.832027,0.000000,0.000000,0.000000,0.000000,1.000000,0.000000,1.000000,0.000000,0,1.000000,0.000000,0.000000,5000,0,5000,5000,3846,3846,0,1154,1154,0.769200,1.000000
66,1.124553,36.660000,1.821230,0.000000,0.000000,0.000000,0.000000,1.000000,0.000000,1.000000,0.000000,0,1.000000,0.000000,0.000000,5000,0,5000,5000,3824,3824,0,1176,1176,0.764800,1.000000
67,0.984594,38.220000,1.813217,0.000000,0.000000,0.000000,0.000000,1.000000,0.000000,1.000000,0.000000,0,1.000000,0.000000,0.000000,5000,0,5000,5000,4002,4002,0,998,998,0.800400,1.000000
68,0.907928,39.280000,1.793968,0.000000,0.000000,0.000000,0.000000,1.000000,0.000000,1.000000,0.000000,0,1.000000,0.000000,0.000000,5000,0,5000,5000,4166,4166,0,834,834,0.833200,1.000000
69,1.140844,32.990000,1.871394,0.000000,0.000000,0.000000,0.000000,1.000000,0.000000,1.000000,0.000000,0,1.000000,0.000000,0.000000,5000,0,5000,5000,3850,3850,0,1150,1150,0.770000,1.000000
70,0.926630,42.850000,1.783960,0.000000,0.000000,0.000000,0.000000,1.000000,0.000000,1.000000,0.000000,0,1.000000,0.000000,0.000000,5000,0,5000,5000,4104,4104,0,896,896,0.820800,1.000000
71,1.083966,29.160000,1.892661,0.000000,0.000000,0.000000,0.000000,1.000000,0.000000,1.000000,0.000000,0,1.000000,0.000000,0.000000,5000,0,5000,5000,3912,3912,0,1088,1088,0.782400,1.000000
72,1.141021,32.190000,1.886412,0.000000,0.000000,0.000000,0.000000,1.000000,0.000000,1.000000,0.000000,0,1.000000,0.000000,0.000000,5000,0,5000,5000,3806,3806,0,1194,1194,0.761200,1.000000
73,0.990164,38.070000,1.835097,0.000000,0.000000,0.000000,0.000000,1.000000,0.000000,1.000000,0.000000,0,1.000000,0.000000,0.000000,5000,0,5000,5000,4000,4000,0,1000,1000,0.800000,1.000000
74,0.959856,34.090000,1.880514,0.000000,0.000000,0.000000,0.000000,1.000000,0.000000,1.000000,0.000000,0,1.000000,0.000000,0.000000,5000,0,5000,5000,3990,3990,0,1010,1010,0.798000,1.000000
75,0.812067,40.620000,1.763123,0.000000,0.000000,0.000000,0.000000,1.000000,0.000000,1.000000,0.000000,0,1.000000,0.000000,0.000000,5000,0,5000,5000,4298,4298,0,702,702,0.859600,1.000000
76,1.202402,38.940000,1.826245,0.000000,0.000000,0.000000,0.000000,1.000000,0.000000,1.000000,0.000000,0,1.000000,0.000000,0.000000,5000,0,5000,5000,3772,3772,0,1228,1228,0.754400,1.000000
77,0.789227,35.900000,1.847401,0.000000,0.000000,0.000000,0.000000,1.000000,0.000000,1.000000,0.000000,0,1.000000,0.000000,0.000000,5000,0,5000,5000,4296,4296,0,704,704,0.859200,1.000000
78,1.210420,34.560000,1.850171,0.000000,0.000000,0.000000,0.000000,1.000000,0.000000,1.000000,0.000000,0,1.000000,0.000000,0.000000,5000,0,5000,5000,3690,3690,0,1310,1310,0.738000,1.000000
79,0.834718,42.810000,1.761865,0.000000,0.000000,0.000000,0.000000,1.000000,0.000000,1.000000,0.000000,0,1.000000,0.000000,0.000000,5000,0,5000,5000,4168,4168,0,832,832,0.833600,1.000000
80,1.354979,39.520000,1.839681,0.000000,0.000000,0.000000,0.000000,1.000000,0.000000,1.000000,0.000000,0,1.000000,0.000000,0.000000,5000,0,5000,5000,3412,3412,0,1588,1588,0.682400,1.000000
81,1.120770,37.330000,1.855070,0.000000,0.000000,0.000000,0.000000,1.000000,0.000000,1.000000,0.000000,0,1.000000,0.000000,0.000000,5000,0,5000,5000,3788,3788,0,1212,1212,0.757600,1.000000
82,0.917010,37.690000,1.810059,0.000000,0.000000,0.000000,0.000000,1.000000,0.000000,1.000000,0.000000,0,1.000000,0.000000,0.000000,5000,0,5000,5000,4182,4182,0,818,818,0.836400,1.000000
83,1.160609,37.590000,1.867512,0.000000,0.000000,0.000000,0.000000,1.000000,0.000000,1.000000,0.000000,0,1.000000,0.000000,0.000000,5000,0,5000,5000,3776,3776,0,1224,1224,0.755200,1.000000
84,0.916308,32.160000,1.949640,0.000000,0.000000,0.000000,0.000000,1.000000,0.000000,1.000000,0.000000,0,1.000000,0.000000,0.000000,5000,0,5000,5000,4096,4096,0,904,904,0.819200,1.000000
85,0.934524,37.780000,1.843688,0.000000,0.000000,0.000000,0.000000,1.000000,0.000000,1.000000,0.000000,0,1.000000,0.000000,0.000000,5000,0,5000,5000,4012,4012,0,988,988,0.802400,1.000000
86,1.141672,36.100000,1.853607,0.000000,0.000000,0.000000,0.000000,1.000000,0.000000,1.000000,0.000000,0,1.000000,0.000000,0.000000,5000,0,5000,5000,3728,3728,0,1272,1272,0.745600,1.000000
87,0.934139,33.960000,1.869615,0.000000,0.000000,0.000000,0.000000,1.000000,0.000000,1.000000,0.000000,0,1.000000,0.000000,0.000000,5000,0,5000,5000,4102,4102,0,898,898,0.820400,1.000000
88,0.933601,35.380000,1.835423,0.000000,0.000000,0.000000,0.000000,1.000000,0.000000,1.000000,0.000000,0,1.000000,0.000000,0.000000,5000,0,5000,5000,4048,4048,0,952,952,0.809600,1.000000
89,1.065207,37.480000,1.863171,0.000000,0.000000,0.000000,0.000000,1.000000,0.000000,1.000000,0.000000,0,1.000000,0.000000,0.000000,5000,0,5000,5000,3920,3920,0,1080,1080,0.784000,1.000000
90,0.753842,37.570000,1.832582,0.000000,0.000000,0.000000,0.000000,1.000000,0.000000,1.000000,0.000000,0,1.000000,0.000000,0.000000,5000,0,5000,5000,4274,4274,0,726,726,0.854800,1.000000
91,0.984454,36.820000,1.851956,0.000000,0.000000,0.000000,0.000000,1.000000,0.000000,1.000000,0.000000,0,1.000000,0.000000,0.000000,5000,0,5000,5000,3892,3892,0,1108,1108,0.778400,1.000000
92,1.029371,29.050000,1.969215,0.000000,0.000000,0.000000,0.000000,1.000000,0.000000,1.000000,0.000000,0,1.000000,0.000000,0.000000,5000,0,5000,5000,3906,3906,0,1094,1094,0.781200,1.000000
93,0.787477,34.170000,1.886628,0.000000,0.000000,0.000000,0.000000,1.000000,0.000000,1.000000,0.000000,0,1.000000,0.000000,0.000000,5000,0,5000,5000,4324,4324,0,676,676,0.864800,1.000000
94,1.101417,37.070000,1.825669,0.000000,0.000000,0.000000,0.000000,1.000000,0.000000,1.000000,0.000000,0,1.000000,0.000000,0.000000,5000,0,5000,5000,3846,3846,0,1154,1154,0.769200,1.000000
95,0.574135,35.110000,1.824692,0.000000,0.000000,0.000000,0.000000,1.000000,0.000000,1.000000,0.000000,0,1.000000,0.000000,0.000000,5000,0,5000,5000,4530,4530,0,470,470,0.906000,1.000000
96,0.714166,37.040000,1.840674,0.000000,0.000000,0.000000,0.000000,1.000000,0.000000,1.000000,0.000000,0,1.000000,0.000000,0.000000,5000,0,5000,5000,4444,4444,0,556,556,0.888800,1.000000
97,1.250009,38.810000,1.827075,0.000000,0.000000,0.000000,0.000000,1.000000,0.000000,1.000000,0.000000,0,1.000000,0.000000,0.000000,5000,0,5000,5000,3554,3554,0,1446,1446,0.710800,1.000000
98,0.878757,33.960000,1.862098,0.000000,0.000000,0.000000,0.000000,1.000000,0.000000,1.000000,0.000000,0,1.000000,0.000000,0.000000,5000,0,5000,5000,4212,4212,0,788,788,0.842400,1.000000
99,0.719631,37.880000,1.811922,0.000000,0.000000,0.000000,0.000000,1.000000,0.000000,1.000000,0.000000,0,1.000000,0.000000,0.000000,5000,0,5000,5000,4324,4324,0,676,676,0.864800,1.000000
100,0.278433,42.950000,1.710716,0.000000,0.000000,0.000000,0.000000,0.739600,0.022200,0.739600,0.312800,1,0.600000,0.200000,0.200000,3698,111,3698,5000,3651,4062,411,47,458,0.987290,0.898818
101,0.265116,34.730000,1.784127,0.000000,0.000000,0.000000,0.000000,0.709000,0.000000,0.709000,0.342000,0,0.600000,0.200000,0.200000,3545,0,3545,5000,3516,3832,316,29,345,0.991819,0.917537
102,0.243572,38.650000,1.833114,0.000000,0.000000,0.000000,0.000000,0.684200,0.000000,0.684200,0.411000,0,0.600000,0.200000,0.200000,3421,0,3421,5000,3390,3766,376,31,407,0.990938,0.900159
103,0.191958,37.360000,1.775455,0.000000,0.000000,0.000000,0.000000,0.668800,0.000000,0.668800,0.392800,0,0.600000,0.200000,0.200000,3344,0,3344,5000,3333,4246,913,11,924,0.996711,0.784974
104,0.243289,37.690000,1.715839,0.000000,0.000000,0.000000,0.000000,0.598400,0.000000,0.598400,0.331600,0,0.600000,0.200000,0.200000,2992,0,2992,5000,2963,3782,819,29,848,0.990307,0.783448
105,0.223197,38.980000,1.648687,0.000000,0.000000,0.000000,0.000000,0.724200,0.025600,0.724200,0.295000,1,0.600000,0.200000,0.200000,3621,128,3621,5000,3585,3994,409,36,445,0.990058,0.897596
106,0.238476,45.640000,1.568828,0.000000,0.000000,0.000000,0.000000,0.716400,0.000000,0.716400,0.374800,0,0.600000,0.200000,0.200000,3582,0,3582,5000,3555,3908,353,27,380,0.992462,0.909672
107,0.174940,44.030000,1.700415,0.000000,0.000000,0.000000,0.000000,0.759400,0.000000,0.759400,0.401800,0,0.600000,0.200000,0.200000,3797,0,3797,5000,3783,4028,245,14,259,0.996313,0.939176
108,0.197967,45.610000,1.578469,0.000000,0.000000,0.000000,0.000000,0.609000,0.000000,0.609000,0.223000,0,0.600000,0.200000,0.200000,3045,0,3045,5000,3035,3866,831,10,841,0.996716,0.785049
109,0.202644,49.850000,1.448710,0.000000,0.000000,0.000000,0.000000,0.601400,0.000000,0.601400,0.352400,0,0.600000,0.200000,0.200000,3007,0,3007,5000,2986,3866,880,21,901,0.993016,0.772375
110,0.220725,48.620000,1.503912,0.000000,0.000000,0.000000,0.000000,0.734000,0.015200,0.734000,0.419800,1,0.600000,0.200000,0.200000,3670,76,3670,5000,3647,4168,521,23,544,0.993733,0.875000
111,0.225911,44.060000,1.607143,0.000000,0.000000,0.000000,0.000000,0.655200,0.000000,0.655200,0.416600,0,0.600000,0.200000,0.200000,3276,0,3276,5000,3232,3676,444,44,488,0.986569,0.879217
112,0.144391,31.000000,1.980140,0.000000,0.000000,0.000000,0.000000,0.705800,0.000000,0.705800,0.537400,0,0.600000,0.200000,0.200000,3529,0,3529,5000,3513,3996,483,16,499,0.995466,0.879129
113,0.244241,42.920000,1.625818,0.000000,0.000000,0.000000,0.000000,0.641000,0.000000,0.641000,0.317400,0,0.600000,0.200000,0.200000,3205,0,3205,5000,3157,3934,777,48,825,0.985023,0.802491
114,0.141202,43.940000,1.588363,0.000000,0.000000,0.000000,0.000000,0.732600,0.000000,0.732600,0.378400,0,0.600000,0.200000,0.200000,3663,0,3663,5000,3648,4202,554,15,569,0.995905,0.868158
115,0.175128,51.690000,1.477273,0.000000,0.000000,0.000000,0.000000,0.744200,0.019600,0.744200,0.363000,1,0.600000,0.200000,0.200000,3721,98,3721,5000,3706,4224,518,15,533,0.995969,0.877367
116,0.168786,50.490000,1.569960,0.000000,0.000000,0.000000,0.000000,0.697400,0.000000,0.697400,0.444000,0,0.600000,0.200000,0.200000,3487,0,3487,5000,3460,4042,582,27,609,0.992257,0.856012
117,0.179195,43.080000,1.613577,0.000000,0.000000,0.000000,0.000000,0.704200,0.000000,0.704200,0.381000,0,0.600000,0.200000,0.200000,3521,0,3521,5000,3506,4060,554,15,569,0.995740,0.863547
118,0.175284,36.640000,1.947874,0.000000,0.000000,0.000000,0.000000,0.644800,0.000000,0.644800,0.427600,0,0.600000,0.200000,0.200000,3224,0,3224,5000,3198,3774,576,26,602,0.991935,0.847377
119,0.239809,48.640000,1.455529,0.000000,0.000000,0.000000,0.000000,0.676200,0.000000,0.676200,0.359200,0,0.600000,0.200000,0.200000,3381,0,3381,5000,3351,3990,639,30,669,0.991127,0.839850
120,0.193905,51.620000,1.408118,0.000000,0.000000,0.000000,0.000000,0.725800,0.020600,0.725800,0.472600,1,0.600000,0.200000,0.200000,3629,103,3629,5000,3603,4018,415,26,441,0.992835,0.896715
121,0.173146,52.790000,1.327846,0.000000,0.000000,0.000000,0.000000,0.697400,0.000000,0.697400,0.474600,0,0.600000,0.200000,0.200000,3487,0,3487,5000,3470,3882,412,17,429,0.995125,0.893869
122,0.267748,40.250000,1.587283,0.000000,0.000000,0.000000,0.000000,0.762600,0.000000,0.762600,0.483800,0,0.600000,0.200000,0.200000,3813,0,3813,5000,3776,4098,322,37,359,0.990296,0.921425
123,0.170301,47.410000,1.473536,0.000000,0.000000,0.000000,0.000000,0.619000,0.000000,0.619000,0.355400,0,0.600000,0.200000,0.200000,3095,0,3095,5000,3070,3796,726,25,751,0.991922,0.808746
124,0.240444,53.870000,1.321780,0.000000,0.000000,0.000000,0.000000,0.730200,0.000000,0.730200,0.313400,0,0.600000,0.200000,0.200000,3651,0,3651,5000,3613,4052,439,38,477,0.989592,0.891658
125,0.196108,44.870000,1.595853,0.000000,0.000000,0.000000,0.000000,0.766400,0.011800,0.766400,0.441000,1,0.600000,0.200000,0.200000,3832,59,3832,5000,3805,4140,335,27,362,0.992954,0.919082
126,0.240306,51.490000,1.424911,0.000000,0.000000,0.000000,0.000000,0.687800,0.000000,0.687800,0.418000,0,0.600000,0.200000,0.200000,3439,0,3439,5000,3402,3964,562,37,599,0.989241,0.858224
127,0.147427,54.820000,1.349230,0.000000,0.000000,0.000000,0.000000,0.689000,0.000000,0.689000,0.454200,0,0.600000,0.200000,0.200000,3445,0,3445,5000,3428,3884,456,17,473,0.995065,0.882595
128,0.209007,46.240000,1.479932,0.000000,0.000000,0.000000,0.000000,0.637400,0.000000,0.637400,0.389800,0,0.600000,0.200000,0.200000,3187,0,3187,5000,3147,4018,871,40,911,0.987449,0.783225
129,0.159987,33.640000,2.001427,0.000000,0.000000,0.000000,0.000000,0.681200,0.000000,0.681200,0.457200,0,0.600000,0.200000,0.200000,3406,0,3406,5000,3376,3842,466,30,496,0.991192,0.878709
130,0.192540,51.380000,1.433383,0.000000,0.000000,0.000000,0.000000,0.776600,0.011800,0.776600,0.363200,1,0.600000,0.200000,0.200000,3883,59,3883,5000,3868,4230,362,15,377,0.996137,0.914421
131,0.157125,47.000000,1.433410,0.000000,0.000000,0.000000,0.000000,0.705000,0.000000,0.705000,0.301000,0,0.600000,0.200000,0.200000,3525,0,3525,5000,3514,3956,442,11,453,0.996879,0.888271
132,0.180002,36.450000,1.815153,0.000000,0.000000,0.000000,0.000000,0.733800,0.000000,0.733800,0.379400,0,0.600000,0.200000,0.200000,3669,0,3669,5000,3637,3828,191,32,223,0.991278,0.950104
133,0.190030,56.390000,1.263164,0.000000,0.000000,0.000000,0.000000,0.737800,0.000000,0.737800,0.328800,0,0.600000,0.200000,0.200000,3689,0,3689,5000,3652,3972,320,37,357,0.989970,0.919436
134,0.198424,51.300000,1.354230,0.000000,0.000000,0.000000,0.000000,0.728800,0.000000,0.728800,0.443600,0,0.600000,0.200000,0.200000,3644,0,3644,5000,3625,3990,365,19,384,0.994786,0.908521
135,0.162207,47.800000,1.428248,0.000000,0.000000,0.000000,0.000000,0.705800,0.017000,0.705800,0.340200,1,0.600000,0.200000,0.200000,3529,85,3529,5000,3517,3966,449,12,461,0.996600,0.886788
136,0.153723,47.140000,1.503613,0.000000,0.000000,0.000000,0.000000,0.671800,0.000000,0.671800,0.519600,0,0.600000,0.200000,0.200000,3359,0,3359,5000,3339,3704,365,20,385,0.994046,0.901458
137,0.136051,51.860000,1.396246,0.000000,0.000000,0.000000,0.000000,0.751400,0.000000,0.751400,0.488400,0,0.600000,0.200000,0.200000,3757,0,3757,5000,3739,3922,183,18,201,0.995209,0.953340
138,0.122843,48.150000,1.462602,0.000000,0.000000,0.000000,0.000000,0.721200,0.000000,0.721200,0.543000,0,0.600000,0.200000,0.200000,3606,0,3606,5000,3599,3970,371,7,378,0.998059,0.906549
139,0.180414,55.140000,1.256456,0.000000,0.000000,0.000000,0.000000,0.717000,0.000000,0.717000,0.372200,0,0.600000,0.200000,0.200000,3585,0,3585,5000,3557,3944,387,28,415,0.992190,0.901876
140,0.137213,52.850000,1.335865,0.000000,0.000000,0.000000,0.000000,0.814400,0.010800,0.814400,0.462200,1,0.600000,0.200000,0.200000,4072,54,4072,5000,4052,4300,248,20,268,0.995088,0.942326
141,0.132168,47.090000,1.456591,0.000000,0.000000,0.000000,0.000000,0.677400,0.000000,0.677400,0.384600,0,0.600000,0.200000,0.200000,3387,0,3387,5000,3374,3786,412,13,425,0.996162,0.891178
142,0.171114,52.260000,1.313851,0.000000,0.000000,0.000000,0.000000,0.775400,0.000000,0.775400,0.479400,0,0.600000,0.200000,0.200000,3877,0,3877,5000,3865,4270,405,12,417,0.996905,0.905152
143,0.146376,51.200000,1.358187,0.000000,0.000000,0.000000,0.000000,0.833400,0.000000,0.833400,0.587800,0,0.600000,0.200000,0.200000,4167,0,4167,5000,4152,4342,190,15,205,0.996400,0.956241
144,0.151619,42.880000,1.642305,0.000000,0.000000,0.000000,0.000000,0.737400,0.000000,0.737400,0.598400,0,0.600000,0.200000,0.200000,3687,0,3687,5000,3666,3946,280,21,301,0.994304,0.929042
145,0.200388,37.890000,1.734731,0.000000,0.000000,0.000000,0.000000,0.733600,0.006800,0.733600,0.229600,1,0.600000,0.200000,0.200000,3668,34,3668,5000,3650,3822,172,18,190,0.995093,0.954997
146,0.156178,55.220000,1.248944,0.000000,0.000000,0.000000,0.000000,0.693600,0.000000,0.693600,0.388400,0,0.600000,0.200000,0.200000,3468,0,3468,5000,3456,3792,336,12,348,0.996540,0.911392
147,0.192214,49.490000,1.386333,0.000000,0.000000,0.000000,0.000000,0.784000,0.000000,0.784000,0.487400,0,0.600000,0.200000,0.200000,3920,0,3920,5000,3889,4140,251,31,282,0.992092,0.939372
148,0.194416,56.580000,1.205217,0.000000,0.000000,0.000000,0.000000,0.735800,0.000000,0.735800,0.451400,0,0.600000,0.200000,0.200000,3679,0,3679,5000,3657,3874,217,22,239,0.994020,0.943986
149,0.233211,55.110000,1.254907,0.000000,0.000000,0.000000,0.000000,0.779600,0.000000,0.779600,0.467800,0,0.600000,0.200000,0.200000,3898,0,3898,5000,3862,4270,408,36,444,0.990764,0.904450
150,0.153036,49.850000,1.457647,0.000000,0.000000,0.000000,0.000000,0.696400,0.008200,0.696400,0.483000,1,0.600000,0.200000,0.200000,3482,41,3482,5000,3456,3664,208,26,234,0.992533,0.943231
151,0.168964,54.380000,1.299472,0.000000,0.000000,0.000000,0.000000,0.736400,0.000000,0.736400,0.504800,0,0.600000,0.200000,0.200000,3682,0,3682,5000,3658,3902,244,24,268,0.993482,0.937468
152,0.212857,52.200000,1.332408,0.000000,0.000000,0.000000,0.000000,0.761200,0.000000,0.761200,0.449000,0,0.600000,0.200000,0.200000,3806,0,3806,5000,3770,3976,206,36,242,0.990541,0.948189
153,0.148824,53.320000,1.304002,0.000000,0.000000,0.000000,0.000000,0.720000,0.000000,0.720000,0.452600,0,0.600000,0.200000,0.200000,3600,0,3600,5000,3586,3838,252,14,266,0.996111,0.934341
154,0.151003,46.810000,1.482477,0.000000,0.000000,0.000000,0.000000,0.776600,0.000000,0.776600,0.390800,0,0.600000,0.200000,0.200000,3883,0,3883,5000,3879,4296,417,4,421,0.998970,0.902933
155,0.148165,43.530000,1.591169,0.000000,0.000000,0.000000,0.000000,0.793400,0.006800,0.793400,0.530200,1,0.600000,0.200000,0.200000,3967,34,3967,5000,3957,4174,217,10,227,0.997479,0.948011
156,0.217068,55.970000,1.241242,0.000000,0.000000,0.000000,0.000000,0.798200,0.000000,0.798200,0.455400,0,0.600000,0.200000,0.200000,3991,0,3991,5000,3968,4182,214,23,237,0.994237,0.948828
157,0.169137,56.000000,1.266399,0.000000,0.000000,0.000000,0.000000,0.740200,0.000000,0.740200,0.605600,0,0.600000,0.200000,0.200000,3701,0,3701,5000,3675,3832,157,26,183,0.992975,0.959029
158,0.174479,47.230000,1.519957,0.000000,0.000000,0.000000,0.000000,0.722800,0.000000,0.722800,0.534000,0,0.600000,0.200000,0.200000,3614,0,3614,5000,3590,3754,164,24,188,0.993359,0.956313
159,0.135792,49.050000,1.462342,0.000000,0.000000,0.000000,0.000000,0.776000,0.000000,0.776000,0.471400,0,0.600000,0.200000,0.200000,3880,0,3880,5000,3857,4254,397,23,420,0.994072,0.906676
160,0.176281,46.190000,1.587827,0.000000,0.000000,0.000000,0.000000,0.796200,0.010400,0.796200,0.541200,1,0.600000,0.200000,0.200000,3981,52,3981,5000,3950,4152,202,31,233,0.992213,0.951349
161,0.157517,47.140000,1.451882,0.000000,0.000000,0.000000,0.000000,0.720600,0.000000,0.720600,0.476800,0,0.600000,0.200000,0.200000,3603,0,3603,5000,3584,4016,432,19,451,0.994727,0.892430
162,0.205361,52.930000,1.293634,0.000000,0.000000,0.000000,0.000000,0.716600,0.000000,0.716600,0.441200,0,0.600000,0.200000,0.200000,3583,0,3583,5000,3555,3952,397,28,425,0.992185,0.899545
163,0.236381,49.850000,1.388628,0.000000,0.000000,0.000000,0.000000,0.803800,0.000000,0.803800,0.554200,0,0.600000,0.200000,0.200000,4019,0,4019,5000,3987,4212,225,32,257,0.992038,0.946581
164,0.178057,49.310000,1.427500,0.000000,0.000000,0.000000,0.000000,0.724600,0.000000,0.724600,0.499800,0,0.600000,0.200000,0.200000,3623,0,3623,5000,3589,3730,141,34,175,0.990616,0.962198
165,0.138132,42.910000,1.653193,0.000000,0.000000,0.000000,0.000000,0.804000,0.007600,0.804000,0.429200,1,0.600000,0.200000,0.200000,4020,38,4020,5000,4001,4212,211,19,230,0.995274,0.949905
166,0.202778,54.490000,1.252465,0.000000,0.000000,0.000000,0.000000,0.768400,0.000000,0.768400,0.431400,0,0.600000,0.200000,0.200000,3842,0,3842,5000,3807,4024,217,35,252,0.990890,0.946074
167,0.153877,53.280000,1.303863,0.000000,0.000000,0.000000,0.000000,0.756600,0.000000,0.756600,0.533000,0,0.600000,0.200000,0.200000,3783,0,3783,5000,3764,4000,236,19,255,0.994978,0.941000
168,0.154231,57.850000,1.180417,0.000000,0.000000,0.000000,0.000000,0.818600,0.000000,0.818600,0.434400,0,0.600000,0.200000,0.200000,4093,0,4093,5000,4079,4268,189,14,203,0.996580,0.955717
169,0.124041,52.990000,1.340496,0.000000,0.000000,0.000000,0.000000,0.760200,0.000000,0.760200,0.606400,0,0.600000,0.200000,0.200000,3801,0,3801,5000,3792,3964,172,9,181,0.997632,0.956609
170,0.120871,53.500000,1.331221,0.000000,0.000000,0.000000,0.000000,0.761200,0.006200,0.761200,0.476000,1,0.600000,0.200000,0.200000,3806,31,3806,5000,3796,3948,152,10,162,0.997373,0.961499
171,0.159546,48.420000,1.479606,0.000000,0.000000,0.000000,0.000000,0.720200,0.000000,0.720200,0.594600,0,0.600000,0.200000,0.200000,3601,0,3601,5000,3575,3778,203,26,229,0.992780,0.946268
172,0.163161,50.900000,1.453559,0.000000,0.000000,0.000000,0.000000,0.745600,0.000000,0.745600,0.467400,0,0.600000,0.200000,0.200000,3728,0,3728,5000,3696,3860,164,32,196,0.991416,0.957513
173,0.151641,50.840000,1.364297,0.000000,0.000000,0.000000,0.000000,0.787000,0.000000,0.787000,0.422600,0,0.600000,0.200000,0.200000,3935,0,3935,5000,3925,4086,161,10,171,0.997459,0.960597
174,0.249989,51.460000,1.318759,0.000000,0.000000,0.000000,0.000000,0.729800,0.000000,0.729800,0.407800,0,0.600000,0.200000,0.200000,3649,0,3649,5000,3618,3860,242,31,273,0.991505,0.937306
175,0.142587,46.390000,1.512402,0.000000,0.000000,0.000000,0.000000,0.703000,0.011000,0.703000,0.488200,1,0.600000,0.200000,0.200000,3515,55,3515,5000,3497,3776,279,18,297,0.994879,0.926112
176,0.166013,50.380000,1.328615,0.000000,0.000000,0.000000,0.000000,0.753000,0.000000,0.753000,0.459600,0,0.600000,0.200000,0.200000,3765,0,3765,5000,3753,3980,227,12,239,0.996813,0.942965
177,0.156734,55.230000,1.349102,0.000000,0.000000,0.000000,0.000000,0.739400,0.000000,0.739400,0.422400,0,0.600000,0.200000,0.200000,3697,0,3697,5000,3678,3850,172,19,191,0.994861,0.955325
178,0.174767,57.390000,1.221528,0.000000,0.000000,0.000000,0.000000,0.753400,0.000000,0.753400,0.448800,0,0.600000,0.200000,0.200000,3767,0,3767,5000,3749,3930,181,18,199,0.995222,0.953944
179,0.133728,50.410000,1.388853,0.000000,0.000000,0.000000,0.000000,0.826000,0.000000,0.826000,0.661000,0,0.600000,0.200000,0.200000,4130,0,4130,5000,4109,4296,187,21,208,0.994915,0.956471
180,0.172368,52.810000,1.329456,0.000000,0.000000,0.000000,0.000000,0.782000,0.005800,0.782000,0.501000,1,0.600000,0.200000,0.200000,3910,29,3910,5000,3900,4030,130,10,140,0.997442,0.967742
181,0.141003,55.450000,1.216793,0.000000,0.000000,0.000000,0.000000,0.760200,0.000000,0.760200,0.600400,0,0.600000,0.200000,0.200000,3801,0,3801,5000,3783,3998,215,18,233,0.995264,0.946223
182,0.205211,54.190000,1.272919,0.000000,0.000000,0.000000,0.000000,0.757400,0.000000,0.757400,0.522800,0,0.600000,0.200000,0.200000,3787,0,3787,5000,3753,3908,155,34,189,0.991022,0.960338
183,0.187194,45.860000,1.486437,0.000000,0.000000,0.000000,0.000000,0.775200,0.000000,0.775200,0.545800,0,0.600000,0.200000,0.200000,3876,0,3876,5000,3849,4044,195,27,222,0.993034,0.951780
184,0.152007,52.880000,1.286210,0.000000,0.000000,0.000000,0.000000,0.752000,0.000000,0.752000,0.379400,0,0.600000,0.200000,0.200000,3760,0,3760,5000,3748,3980,232,12,244,0.996809,0.941709
185,0.147868,49.650000,1.363790,0.000000,0.000000,0.000000,0.000000,0.822600,0.005400,0.822600,0.568200,1,0.600000,0.200000,0.200000,4113,27,4113,5000,4101,4292,191,12,203,0.997082,0.955499
186,0.178307,36.190000,2.222732,0.000000,0.000000,0.000000,0.000000,0.787000,0.000000,0.787000,0.322800,0,0.600000,0.200000,0.200000,3935,0,3935,5000,3923,4130,207,12,219,0.996950,0.949879
187,0.173584,49.560000,1.455761,0.000000,0.000000,0.000000,0.000000,0.768600,0.000000,0.768600,0.394600,0,0.600000,0.200000,0.200000,3843,0,3843,5000,3830,4276,446,13,459,0.996617,0.895697
188,0.157534,56.730000,1.190169,0.000000,0.000000,0.000000,0.000000,0.748800,0.000000,0.748800,0.516800,0,0.600000,0.200000,0.200000,3744,0,3744,5000,3714,3946,232,30,262,0.991987,0.941206
189,0.166237,56.460000,1.213425,0.000000,0.000000,0.000000,0.000000,0.789200,0.000000,0.789200,0.482400,0,0.600000,0.200000,0.200000,3946,0,3946,5000,3918,4106,188,28,216,0.992904,0.954213
190,0.148857,46.960000,1.493099,0.000000,0.000000,0.000000,0.000000,0.729800,0.007200,0.729800,0.532200,1,0.600000,0.200000,0.200000,3649,36,3649,5000,3625,3790,165,24,189,0.993423,0.956464
191,0.146094,50.850000,1.395153,0.000000,0.000000,0.000000,0.000000,0.794400,0.000000,0.794400,0.460000,0,0.600000,0.200000,0.200000,3972,0,3972,5000,3953,4120,167,19,186,0.995217,0.959466
192,0.111621,58.470000,1.250100,0.000000,0.000000,0.000000,0.000000,0.837400,0.000000,0.837400,0.462000,0,0.600000,0.200000,0.200000,4187,0,4187,5000,4181,4444,263,6,269,0.998567,0.940819
193,0.127796,49.610000,1.366981,0.000000,0.000000,0.000000,0.000000,0.765800,0.000000,0.765800,0.423400,0,0.600000,0.200000,0.200000,3829,0,3829,5000,3822,4110,288,7,295,0.998172,0.929927
194,0.173354,48.740000,1.410580,0.000000,0.000000,0.000000,0.000000,0.750600,0.000000,0.750600,0.580200,0,0.600000,0.200000,0.200000,3753,0,3753,5000,3720,3952,232,33,265,0.991207,0.941296
195,0.150643,55.050000,1.257410,0.000000,0.000000,0.000000,0.000000,0.799400,0.015800,0.799400,0.441600,1,0.600000,0.200000,0.200000,3997,79,3997,5000,3983,4348,365,14,379,0.996497,0.916053
196,0.178155,53.810000,1.325985,0.000000,0.000000,0.000000,0.000000,0.722600,0.000000,0.722600,0.530000,0,0.600000,0.200000,0.200000,3613,0,3613,5000,3580,3742,162,33,195,0.990866,0.956708
197,0.123713,49.950000,1.393757,0.000000,0.000000,0.000000,0.000000,0.814200,0.000000,0.814200,0.500200,0,0.600000,0.200000,0.200000,4071,0,4071,5000,4057,4246,189,14,203,0.996561,0.955488
198,0.147408,59.100000,1.153535,0.000000,0.000000,0.000000,0.000000,0.861400,0.000000,0.861400,0.464200,0,0.600000,0.200000,0.200000,4307,0,4307,5000,4297,4510,213,10,223,0.997678,0.952772
199,0.221783,53.640000,1.269327,0.000000,0.000000,0.000000,0.000000,0.781400,0.000000,0.781400,0.512800,0,0.600000,0.200000,0.200000,3907,0,3907,5000,3879,4076,197,28,225,0.992833,0.951668
200,0.190404,57.450000,1.223916,0.000000,0.000000,0.000000,0.000000,0.764000,0.007600,0.764000,0.601400,1,0.600000,0.200000,0.200000,3820,38,3820,5000,3790,4000,210,30,240,0.992147,0.947500
201,0.123137,54.000000,1.336676,0.000000,0.000000,0.000000,0.000000,0.768000,0.000000,0.768000,0.505400,0,0.600000,0.200000,0.200000,3840,0,3840,5000,3834,4032,198,6,204,0.998437,0.950893
202,0.164102,54.090000,1.315083,0.000000,0.000000,0.000000,0.000000,0.780000,0.000000,0.780000,0.519000,0,0.600000,0.200000,0.200000,3900,0,3900,5000,3889,4086,197,11,208,0.997179,0.951787
203,0.151126,57.650000,1.177202,0.000000,0.000000,0.000000,0.000000,0.759200,0.000000,0.759200,0.430400,0,0.600000,0.200000,0.200000,3796,0,3796,5000,3780,3962,182,16,198,0.995785,0.954064
204,0.162873,56.400000,1.232536,0.000000,0.000000,0.000000,0.000000,0.720000,0.000000,0.720000,0.633000,0,0.600000,0.200000,0.200000,3600,0,3600,5000,3575,3704,129,25,154,0.993056,0.965173
205,0.132939,57.660000,1.201342,0.000000,0.000000,0.000000,0.000000,0.770600,0.015000,0.770600,0.526000,1,0.600000,0.200000,0.200000,3853,75,3853,5000,3837,4118,281,16,297,0.995847,0.931763
206,0.105868,51.470000,1.373953,0.000000,0.000000,0.000000,0.000000,0.725400,0.000000,0.725400,0.533400,0,0.600000,0.200000,0.200000,3627,0,3627,5000,3612,3888,276,15,291,0.995864,0.929012
207,0.227736,54.450000,1.294694,0.000000,0.000000,0.000000,0.000000,0.717400,0.000000,0.717400,0.497400,0,0.600000,0.200000,0.200000,3587,0,3587,5000,3560,3758,198,27,225,0.992473,0.947312
208,0.144782,57.750000,1.247423,0.000000,0.000000,0.000000,0.000000,0.740000,0.000000,0.740000,0.569800,0,0.600000,0.200000,0.200000,3700,0,3700,5000,3673,3836,163,27,190,0.992703,0.957508
209,0.147292,58.520000,1.261342,0.000000,0.000000,0.000000,0.000000,0.782000,0.000000,0.782000,0.599800,0,0.600000,0.200000,0.200000,3910,0,3910,5000,3891,4086,195,19,214,0.995141,0.952276
210,0.122513,58.650000,1.173368,0.000000,0.000000,0.000000,0.000000,0.784000,0.015800,0.784000,0.479000,1,0.600000,0.200000,0.200000,3920,79,3920,5000,3908,4242,334,12,346,0.996939,0.921264
211,0.178249,52.870000,1.295789,0.000000,0.000000,0.000000,0.000000,0.730200,0.000000,0.730200,0.540800,0,0.600000,0.200000,0.200000,3651,0,3651,5000,3630,3842,212,21,233,0.994248,0.944820
212,0.196427,58.020000,1.236518,0.000000,0.000000,0.000000,0.000000,0.751800,0.000000,0.751800,0.479600,0,0.600000,0.200000,0.200000,3759,0,3759,5000,3746,3970,224,13,237,0.996542,0.943577
213,0.167477,56.750000,1.211670,0.000000,0.000000,0.000000,0.000000,0.740400,0.000000,0.740400,0.513400,0,0.600000,0.200000,0.200000,3702,0,3702,5000,3678,3892,214,24,238,0.993517,0.945015
214,0.150269,56.860000,1.274179,0.000000,0.000000,0.000000,0.000000,0.760000,0.000000,0.760000,0.634000,0,0.600000,0.200000,0.200000,3800,0,3800,5000,3785,3944,159,15,174,0.996053,0.959686
215,0.164783,55.970000,1.234599,0.000000,0.000000,0.000000,0.000000,0.770400,0.014400,0.770400,0.536400,1,0.600000,0.200000,0.200000,3852,72,3852,5000,3833,4112,279,19,298,0.995067,0.932150
216,0.197106,53.280000,1.308274,0.000000,0.000000,0.000000,0.000000,0.775400,0.000000,0.775400,0.450400,0,0.600000,0.200000,0.200000,3877,0,3877,5000,3857,4004,147,20,167,0.994841,0.963287
217,0.183952,49.150000,1.569960,0.000000,0.000000,0.000000,0.000000,0.772600,0.000000,0.772600,0.569800,0,0.600000,0.200000,0.200000,3863,0,3863,5000,3845,3984,139,18,157,0.995340,0.965110
218,0.128881,49.900000,1.445557,0.000000,0.000000,0.000000,0.000000,0.695200,0.000000,0.695200,0.421800,0,0.600000,0.200000,0.200000,3476,0,3476,5000,3463,4048,585,13,598,0.996260,0.855484
219,0.133144,56.290000,1.241174,0.000000,0.000000,0.000000,0.000000,0.719400,0.000000,0.719400,0.604600,0,0.600000,0.200000,0.200000,3597,0,3597,5000,3575,3758,183,22,205,0.993884,0.951304
220,0.123071,51.230000,1.375029,0.000000,0.000000,0.000000,0.000000,0.840200,0.006600,0.840200,0.591400,1,0.600000,0.200000,0.200000,4201,33,4201,5000,4183,4330,147,18,165,0.995715,0.966051
221,0.125708,56.700000,1.238695,0.000000,0.000000,0.000000,0.000000,0.756600,0.000000,0.756600,0.475400,0,0.600000,0.200000,0.200000,3783,0,3783,5000,3775,3988,213,8,221,0.997885,0.946590
222,0.132618,61.490000,1.097689,0.000000,0.000000,0.000000,0.000000,0.820400,0.000000,0.820400,0.572400,0,0.600000,0.200000,0.200000,4102,0,4102,5000,4092,4344,252,10,262,0.997562,0.941989
223,0.137280,62.450000,1.070657,0.000000,0.000000,0.000000,0.000000,0.713200,0.000000,0.713200,0.620400,0,0.600000,0.200000,0.200000,3566,0,3566,5000,3550,3720,170,16,186,0.995513,0.954301
224,0.117670,57.550000,1.221969,0.000000,0.000000,0.000000,0.000000,0.793400,0.000000,0.793400,0.638000,0,0.600000,0.200000,0.200000,3967,0,3967,5000,3950,4160,210,17,227,0.995715,0.949519
225,0.128458,58.880000,1.199170,0.000000,0.000000,0.000000,0.000000,0.771200,0.006400,0.771200,0.621400,1,0.600000,0.200000,0.200000,3856,32,3856,5000,3835,3988,153,21,174,0.994554,0.961635
226,0.113711,56.130000,1.223915,0.000000,0.000000,0.000000,0.000000,0.777200,0.000000,0.777200,0.575200,0,0.600000,0.200000,0.200000,3886,0,3886,5000,3867,4064,197,19,216,0.995111,0.951526
227,0.114876,60.390000,1.130199,0.000000,0.000000,0.000000,0.000000,0.709600,0.000000,0.709600,0.586800,0,0.600000,0.200000,0.200000,3548,0,3548,5000,3536,3748,212,12,224,0.996618,0.943436
228,0.119243,54.110000,1.272405,0.000000,0.000000,0.000000,0.000000,0.812200,0.000000,0.812200,0.607200,0,0.600000,0.200000,0.200000,4061,0,4061,5000,4050,4198,148,11,159,0.997291,0.964745
229,0.137468,54.820000,1.310545,0.000000,0.000000,0.000000,0.000000,0.782400,0.000000,0.782400,0.584600,0,0.600000,0.200000,0.200000,3912,0,3912,5000,3890,4048,158,22,180,0.994376,0.960968
230,0.123024,54.080000,1.289711,0.000000,0.000000,0.000000,0.000000,0.753600,0.006400,0.753600,0.627200,1,0.600000,0.200000,0.200000,3768,32,3768,5000,3753,3912,159,15,174,0.996019,0.959356
231,0.145381,59.120000,1.203399,0.000000,0.000000,0.000000,0.000000,0.814600,0.000000,0.814600,0.652400,0,0.600000,0.200000,0.200000,4073,0,4073,5000,4047,4254,207,26,233,0.993616,0.951340
232,0.181744,57.580000,1.302031,0.000000,0.000000,0.000000,0.000000,0.829600,0.000000,0.829600,0.626400,0,0.600000,0.200000,0.200000,4148,0,4148,5000,4131,4268,137,17,154,0.995902,0.967901
233,0.142724,54.630000,1.396311,0.000000,0.000000,0.000000,0.000000,0.754000,0.000000,0.754000,0.539200,0,0.600000,0.200000,0.200000,3770,0,3770,5000,3751,3960,209,19,228,0.994960,0.947222
234,0.133293,55.500000,1.287861,0.000000,0.000000,0.000000,0.000000,0.745000,0.000000,0.745000,0.495600,0,0.600000,0.200000,0.200000,3725,0,3725,5000,3705,3832,127,20,147,0.994631,0.966858
235,0.132980,61.530000,1.133465,0.000000,0.000000,0.000000,0.000000,0.783000,0.005200,0.783000,0.616800,1,0.600000,0.200000,0.200000,3915,26,3915,5000,3891,4044,153,24,177,0.993870,0.962166
236,0.127569,55.700000,1.229525,0.000000,0.000000,0.000000,0.000000,0.791800,0.000000,0.791800,0.631000,0,0.600000,0.200000,0.200000,3959,0,3959,5000,3940,4132,192,19,211,0.995201,0.953533
237,0.120921,56.780000,1.283142,0.000000,0.000000,0.000000,0.000000,0.725000,0.000000,0.725000,0.517400,0,0.600000,0.200000,0.200000,3625,0,3625,5000,3616,3812,196,9,205,0.997517,0.948583
238,0.134118,55.880000,1.326150,0.000000,0.000000,0.000000,0.000000,0.743400,0.000000,0.743400,0.564400,0,0.600000,0.200000,0.200000,3717,0,3717,5000,3695,3862,167,22,189,0.994081,0.956758
239,0.101579,57.580000,1.181419,0.000000,0.000000,0.000000,0.000000,0.744800,0.000000,0.744800,0.552400,0,0.600000,0.200000,0.200000,3724,0,3724,5000,3715,3896,181,9,190,0.997583,0.953542
240,0.100398,54.160000,1.366703,0.000000,0.000000,0.000000,0.000000,0.761800,0.006400,0.761800,0.671400,1,0.600000,0.200000,0.200000,3809,32,3809,5000,3793,3968,175,16,191,0.995799,0.955897
241,0.172921,60.110000,1.142144,0.000000,0.000000,0.000000,0.000000,0.736600,0.000000,0.736600,0.545200,0,0.600000,0.200000,0.200000,3683,0,3683,5000,3659,3996,337,24,361,0.993484,0.915666
242,0.109359,58.510000,1.205646,0.000000,0.000000,0.000000,0.000000,0.745400,0.000000,0.745400,0.613000,0,0.600000,0.200000,0.200000,3727,0,3727,5000,3717,3940,223,10,233,0.997317,0.943401
243,0.159323,63.020000,1.071673,0.000000,0.000000,0.000000,0.000000,0.802000,0.000000,0.802000,0.569600,0,0.600000,0.200000,0.200000,4010,0,4010,5000,3990,4208,218,20,238,0.995012,0.948194
244,0.138267,59.050000,1.176135,0.000000,0.000000,0.000000,0.000000,0.751400,0.000000,0.751400,0.692400,0,0.600000,0.200000,0.200000,3757,0,3757,5000,3733,3922,189,24,213,0.993612,0.951810
245,0.165653,65.390000,1.014522,0.000000,0.000000,0.000000,0.000000,0.790000,0.007600,0.790000,0.571400,1,0.600000,0.200000,0.200000,3950,38,3950,5000,3928,4120,192,22,214,0.994430,0.953398
246,0.107701,57.720000,1.219904,0.000000,0.000000,0.000000,0.000000,0.824000,0.000000,0.824000,0.658800,0,0.600000,0.200000,0.200000,4120,0,4120,5000,4105,4248,143,15,158,0.996359,0.966337
247,0.146159,56.220000,1.243551,0.000000,0.000000,0.000000,0.000000,0.813000,0.000000,0.813000,0.518600,0,0.600000,0.200000,0.200000,4065,0,4065,5000,4046,4352,306,19,325,0.995326,0.929687
248,0.086549,51.250000,1.434870,0.000000,0.000000,0.000000,0.000000,0.870200,0.000000,0.870200,0.686000,0,0.600000,0.200000,0.200000,4351,0,4351,5000,4341,4450,109,10,119,0.997702,0.975506
249,0.138961,59.960000,1.171095,0.000000,0.000000,0.000000,0.000000,0.759800,0.000000,0.759800,0.508600,0,0.600000,0.200000,0.200000,3799,0,3799,5000,3784,3982,198,15,213,0.996052,0.950276
250,0.128556,57.040000,1.270306,0.000000,0.000000,0.000000,0.000000,0.771800,0.005200,0.771800,0.596200,1,0.600000,0.200000,0.200000,3859,26,3859,5000,3841,3984,143,18,161,0.995336,0.964106
251,0.121207,53.580000,1.314232,0.000000,0.000000,0.000000,0.000000,0.794600,0.000000,0.794600,0.572400,0,0.600000,0.200000,0.200000,3973,0,3973,5000,3964,4162,198,9,207,0.997735,0.952427
252,0.070941,51.810000,1.410993,0.000000,0.000000,0.000000,0.000000,0.829000,0.000000,0.829000,0.521800,0,0.600000,0.200000,0.200000,4145,0,4145,5000,4135,4346,211,10,221,0.997587,0.951450
253,0.106032,57.410000,1.222588,0.000000,0.000000,0.000000,0.000000,0.758400,0.000000,0.758400,0.520600,0,0.600000,0.200000,0.200000,3792,0,3792,5000,3778,4040,262,14,276,0.996308,0.935149
254,0.129057,51.550000,1.390841,0.000000,0.000000,0.000000,0.000000,0.783800,0.000000,0.783800,0.541600,0,0.600000,0.200000,0.200000,3919,0,3919,5000,3895,4064,169,24,193,0.993876,0.958415
255,0.104689,56.500000,1.291468,0.000000,0.000000,0.000000,0.000000,0.790800,0.008600,0.790800,0.613200,1,0.600000,0.200000,0.200000,3954,43,3954,5000,3942,4136,194,12,206,0.996965,0.953095
256,0.092802,53.640000,1.378229,0.000000,0.000000,0.000000,0.000000,0.772000,0.000000,0.772000,0.582600,0,0.600000,0.200000,0.200000,3860,0,3860,5000,3852,3962,110,8,118,0.997927,0.972236
257,0.099694,57.750000,1.242662,0.000000,0.000000,0.000000,0.000000,0.756800,0.000000,0.756800,0.627600,0,0.600000,0.200000,0.200000,3784,0,3784,5000,3767,3992,225,17,242,0.995507,0.943637
258,0.154318,54.240000,1.424731,0.000000,0.000000,0.000000,0.000000,0.780000,0.000000,0.780000,0.725600,0,0.600000,0.200000,0.200000,3900,0,3900,5000,3876,4044,168,24,192,0.993846,0.958457
259,0.112661,61.330000,1.166186,0.000000,0.000000,0.000000,0.000000,0.747000,0.000000,0.747000,0.517000,0,0.600000,0.200000,0.200000,3735,0,3735,5000,3726,4054,328,9,337,0.997590,0.919092
260,0.161503,61.510000,1.106802,0.000000,0.000000,0.000000,0.000000,0.716200,0.005000,0.716200,0.598600,1,0.600000,0.200000,0.200000,3581,25,3581,5000,3557,3754,197,24,221,0.993298,0.947523
261,0.142367,51.950000,1.346764,0.000000,0.000000,0.000000,0.000000,0.760400,0.000000,0.760400,0.651000,0,0.600000,0.200000,0.200000,3802,0,3802,5000,3782,3916,134,20,154,0.994740,0.965781
262,0.210833,59.940000,1.153052,0.000000,0.000000,0.000000,0.000000,0.756000,0.000000,0.756000,0.523000,0,0.600000,0.200000,0.200000,3780,0,3780,5000,3763,3954,191,17,208,0.995503,0.951694
263,0.120697,60.400000,1.135968,0.000000,0.000000,0.000000,0.000000,0.763200,0.000000,0.763200,0.620200,0,0.600000,0.200000,0.200000,3816,0,3816,5000,3791,4010,219,25,244,0.993449,0.945387
264,0.134941,58.770000,1.204041,0.000000,0.000000,0.000000,0.000000,0.763200,0.000000,0.763200,0.617200,0,0.600000,0.200000,0.200000,3816,0,3816,5000,3796,3926,130,20,150,0.994759,0.966887
265,0.124428,57.380000,1.240258,0.000000,0.000000,0.000000,0.000000,0.765000,0.006000,0.765000,0.626400,1,0.600000,0.200000,0.200000,3825,30,3825,5000,3807,3958,151,18,169,0.995294,0.961849
266,0.146717,59.640000,1.187360,0.000000,0.000000,0.000000,0.000000,0.757400,0.000000,0.757400,0.678800,0,0.600000,0.200000,0.200000,3787,0,3787,5000,3765,3862,97,22,119,0.994191,0.974883
267,0.104221,57.770000,1.270518,0.000000,0.000000,0.000000,0.000000,0.791200,0.000000,0.791200,0.517400,0,0.600000,0.200000,0.200000,3956,0,3956,5000,3946,4116,170,10,180,0.997472,0.958698
268,0.151778,57.990000,1.210199,0.000000,0.000000,0.000000,0.000000,0.785600,0.000000,0.785600,0.568600,0,0.600000,0.200000,0.200000,3928,0,3928,5000,3906,4040,134,22,156,0.994399,0.966832
269,0.121927,60.170000,1.124641,0.000000,0.000000,0.000000,0.000000,0.776400,0.000000,0.776400,0.586600,0,0.600000,0.200000,0.200000,3882,0,3882,5000,3868,4038,170,14,184,0.996394,0.957900
270,0.156924,64.310000,1.057602,0.000000,0.000000,0.000000,0.000000,0.822800,0.007000,0.822800,0.603000,1,0.600000,0.200000,0.200000,4114,35,4114,5000,4084,4212,128,30,158,0.992708,0.969611
271,0.108663,55.830000,1.298144,0.000000,0.000000,0.000000,0.000000,0.743400,0.000000,0.743400,0.691400,0,0.600000,0.200000,0.200000,3717,0,3717,5000,3689,3850,161,28,189,0.992467,0.958182
272,0.087318,60.710000,1.180256,0.000000,0.000000,0.000000,0.000000,0.767800,0.000000,0.767800,0.620600,0,0.600000,0.200000,0.200000,3839,0,3839,5000,3827,3988,161,12,173,0.996874,0.959629
273,0.085942,59.210000,1.248918,0.000000,0.000000,0.000000,0.000000,0.798600,0.000000,0.798600,0.644600,0,0.600000,0.200000,0.200000,3993,0,3993,5000,3983,4124,141,10,151,0.997496,0.965810
274,0.146966,55.060000,1.311647,0.000000,0.000000,0.000000,0.000000,0.808200,0.000000,0.808200,0.645800,0,0.600000,0.200000,0.200000,4041,0,4041,5000,4025,4162,137,16,153,0.996041,0.967083
275,0.133998,52.570000,1.350331,0.000000,0.000000,0.000000,0.000000,0.747400,0.007600,0.747400,0.618400,1,0.600000,0.200000,0.200000,3737,38,3737,5000,3714,3936,222,23,245,0.993845,0.943598
276,0.130109,51.780000,1.528751,0.000000,0.000000,0.000000,0.000000,0.746400,0.000000,0.746400,0.433000,0,0.600000,0.200000,0.200000,3732,0,3732,5000,3716,3944,228,16,244,0.995713,0.942191
277,0.144243,62.100000,1.096457,0.000000,0.000000,0.000000,0.000000,0.738600,0.000000,0.738600,0.525800,0,0.600000,0.200000,0.200000,3693,0,3693,5000,3679,3884,205,14,219,0.996209,0.947219
278,0.091835,56.250000,1.258467,0.000000,0.000000,0.000000,0.000000,0.744400,0.000000,0.744400,0.669200,0,0.600000,0.200000,0.200000,3722,0,3722,5000,3707,3840,133,15,148,0.995970,0.965365
279,0.143301,57.620000,1.195222,0.000000,0.000000,0.000000,0.000000,0.779200,0.000000,0.779200,0.625600,0,0.600000,0.200000,0.200000,3896,0,3896,5000,3880,4124,244,16,260,0.995893,0.940834
280,0.111297,64.680000,1.006187,0.000000,0.000000,0.000000,0.000000,0.737600,0.006800,0.737600,0.618600,1,0.600000,0.200000,0.200000,3688,34,3688,5000,3676,3832,156,12,168,0.996746,0.959290
281,0.140088,59.950000,1.175135,0.000000,0.000000,0.000000,0.000000,0.753600,0.000000,0.753600,0.669800,0,0.600000,0.200000,0.200000,3768,0,3768,5000,3750,3902,152,18,170,0.995223,0.961046
282,0.116414,59.230000,1.213215,0.000000,0.000000,0.000000,0.000000,0.822400,0.000000,0.822400,0.681600,0,0.600000,0.200000,0.200000,4112,0,4112,5000,4097,4274,177,15,192,0.996352,0.958587
283,0.129129,63.210000,1.082909,0.000000,0.000000,0.000000,0.000000,0.782400,0.000000,0.782400,0.575200,0,0.600000,0.200000,0.200000,3912,0,3912,5000,3903,4090,187,9,196,0.997699,0.954279
284,0.239955,48.890000,1.561197,0.000000,0.000000,0.000000,0.000000,0.771000,0.000000,0.771000,0.678800,0,0.600000,0.200000,0.200000,3855,0,3855,5000,3827,3946,119,28,147,0.992737,0.969843
285,0.123452,61.300000,1.129949,0.000000,0.000000,0.000000,0.000000,0.709800,0.006200,0.709800,0.548400,1,0.600000,0.200000,0.200000,3549,31,3549,5000,3522,3904,382,27,409,0.992392,0.902152
286,0.094511,60.270000,1.167952,0.000000,0.000000,0.000000,0.000000,0.866600,0.000000,0.866600,0.681200,0,0.600000,0.200000,0.200000,4333,0,4333,5000,4328,4474,146,5,151,0.998846,0.967367
287,0.108099,44.590000,1.701755,0.000000,0.000000,0.000000,0.000000,0.770000,0.000000,0.770000,0.575000,0,0.600000,0.200000,0.200000,3850,0,3850,5000,3832,3966,134,18,152,0.995325,0.966213
288,0.123786,63.680000,1.041778,0.000000,0.000000,0.000000,0.000000,0.768000,0.000000,0.768000,0.465800,0,0.600000,0.200000,0.200000,3840,0,3840,5000,3827,4004,177,13,190,0.996615,0.955794
289,0.110033,60.940000,1.130076,0.000000,0.000000,0.000000,0.000000,0.784200,0.000000,0.784200,0.604200,0,0.600000,0.200000,0.200000,3921,0,3921,5000,3893,4072,179,28,207,0.992859,0.956041
290,0.089579,57.790000,1.263351,0.000000,0.000000,0.000000,0.000000,0.743000,0.002800,0.743000,0.654400,1,0.600000,0.200000,0.200000,3715,14,3715,5000,3707,3846,139,8,147,0.997847,0.963859
291,0.112958,54.690000,1.365789,0.000000,0.000000,0.000000,0.000000,0.744200,0.000000,0.744200,0.655400,0,0.600000,0.200000,0.200000,3721,0,3721,5000,3706,3844,138,15,153,0.995969,0.964100
292,0.110858,59.600000,1.170570,0.000000,0.000000,0.000000,0.000000,0.776400,0.000000,0.776400,0.608400,0,0.600000,0.200000,0.200000,3882,0,3882,5000,3873,4014,141,9,150,0.997682,0.964873
293,0.138272,61.820000,1.089923,0.000000,0.000000,0.000000,0.000000,0.821000,0.000000,0.821000,0.556400,0,0.600000,0.200000,0.200000,4105,0,4105,5000,4087,4286,199,18,217,0.995615,0.953570
294,0.112971,62.040000,1.078279,0.000000,0.000000,0.000000,0.000000,0.750400,0.000000,0.750400,0.668600,0,0.600000,0.200000,0.200000,3752,0,3752,5000,3735,3882,147,17,164,0.995469,0.962133
295,0.114397,60.960000,1.134383,0.000000,0.000000,0.000000,0.000000,0.811600,0.005000,0.811600,0.602000,1,0.600000,0.200000,0.200000,4058,25,4058,5000,4045,4208,163,13,176,0.996796,0.961264
296,0.103333,47.720000,1.577201,0.000000,0.000000,0.000000,0.000000,0.826200,0.000000,0.826200,0.645800,0,0.600000,0.200000,0.200000,4131,0,4131,5000,4118,4244,126,13,139,0.996853,0.970311
297,0.117536,63.530000,1.041069,0.000000,0.000000,0.000000,0.000000,0.724200,0.000000,0.724200,0.519200,0,0.600000,0.200000,0.200000,3621,0,3621,5000,3591,3786,195,30,225,0.991715,0.948494
298,0.077807,64.520000,1.027622,0.000000,0.000000,0.000000,0.000000,0.753000,0.000000,0.753000,0.581800,0,0.600000,0.200000,0.200000,3765,0,3765,5000,3753,3892,139,12,151,0.996813,0.964286
299,0.131553,57.610000,1.244039,0.000000,0.000000,0.000000,0.000000,0.788600,0.000000,0.788600,0.639600,0,0.600000,0.200000,0.200000,3943,0,3943,5000,3919,4070,151,24,175,0.993913,0.962899
300,0.117223,57.500000,1.249458,0.000000,0.000000,0.000000,0.000000,0.847000,0.005400,0.847000,0.591000,1,0.600000,0.200000,0.200000,4235,27,4235,5000,4227,4390,163,8,171,0.998111,0.962870
301,0.105855,56.880000,1.252062,0.000000,0.000000,0.000000,0.000000,0.783200,0.000000,0.783200,0.564200,0,0.600000,0.200000,0.200000,3916,0,3916,5000,3899,4052,153,17,170,0.995659,0.962241
302,0.114570,61.310000,1.123137,0.000000,0.000000,0.000000,0.000000,0.778400,0.000000,0.778400,0.529800,0,0.600000,0.200000,0.200000,3892,0,3892,5000,3877,4064,187,15,202,0.996146,0.953986
303,0.111522,64.140000,1.045772,0.000000,0.000000,0.000000,0.000000,0.803400,0.000000,0.803400,0.599200,0,0.600000,0.200000,0.200000,4017,0,4017,5000,4002,4158,156,15,171,0.996266,0.962482
304,0.085136,56.680000,1.282164,0.000000,0.000000,0.000000,0.000000,0.832200,0.000000,0.832200,0.738800,0,0.600000,0.200000,0.200000,4161,0,4161,5000,4148,4278,130,13,143,0.996876,0.969612
305,0.164775,58.960000,1.174271,0.000000,0.000000,0.000000,0.000000,0.765800,0.006400,0.765800,0.643800,1,0.600000,0.200000,0.200000,3829,32,3829,5000,3805,3938,133,24,157,0.993732,0.966227
306,0.142823,60.750000,1.178127,0.000000,0.000000,0.000000,0.000000,0.757600,0.000000,0.757600,0.641000,0,0.600000,0.200000,0.200000,3788,0,3788,5000,3753,3898,145,35,180,0.990760,0.962801
307,0.149715,59.420000,1.166849,0.000000,0.000000,0.000000,0.000000,0.794000,0.000000,0.794000,0.655600,0,0.600000,0.200000,0.200000,3970,0,3970,5000,3948,4136,188,22,210,0.994458,0.954545
308,0.110873,61.540000,1.119815,0.000000,0.000000,0.000000,0.000000,0.825800,0.000000,0.825800,0.642400,0,0.600000,0.200000,0.200000,4129,0,4129,5000,4116,4338,222,13,235,0.996852,0.948824
309,0.130304,60.690000,1.126318,0.000000,0.000000,0.000000,0.000000,0.778200,0.000000,0.778200,0.622400,0,0.600000,0.200000,0.200000,3891,0,3891,5000,3868,4038,170,23,193,0.994089,0.957900
310,0.102832,62.040000,1.096418,0.000000,0.000000,0.000000,0.000000,0.789600,0.004000,0.789600,0.553400,1,0.600000,0.200000,0.200000,3948,20,3948,5000,3938,4090,152,10,162,0.997467,0.962836
311,0.101432,59.040000,1.162388,0.000000,0.000000,0.000000,0.000000,0.797600,0.000000,0.797600,0.658600,0,0.600000,0.200000,0.200000,3988,0,3988,5000,3974,4142,168,14,182,0.996489,0.959440
312,0.086535,49.380000,1.461748,0.000000,0.000000,0.000000,0.000000,0.757800,0.000000,0.757800,0.655400,0,0.600000,0.200000,0.200000,3789,0,3789,5000,3778,3956,178,11,189,0.997097,0.955005
313,0.137789,60.550000,1.167229,0.000000,0.000000,0.000000,0.000000,0.749000,0.000000,0.749000,0.536400,0,0.600000,0.200000,0.200000,3745,0,3745,5000,3726,3840,114,19,133,0.994927,0.970312
314,0.120959,58.020000,1.243956,0.000000,0.000000,0.000000,0.000000,0.758200,0.000000,0.758200,0.536000,0,0.600000,0.200000,0.200000,3791,0,3791,5000,3769,3926,157,22,179,0.994197,0.960010
315,0.087467,58.790000,1.229672,0.000000,0.000000,0.000000,0.000000,0.770400,0.005800,0.770400,0.616800,1,0.600000,0.200000,0.200000,3852,29,3852,5000,3846,4020,174,6,180,0.998442,0.956716
316,0.127920,62.520000,1.061720,0.000000,0.000000,0.000000,0.000000,0.767800,0.000000,0.767800,0.591000,0,0.600000,0.200000,0.200000,3839,0,3839,5000,3821,3992,171,18,189,0.995311,0.957164
317,0.110986,60.510000,1.140848,0.000000,0.000000,0.000000,0.000000,0.728400,0.000000,0.728400,0.631000,0,0.600000,0.200000,0.200000,3642,0,3642,5000,3619,3748,129,23,152,0.993685,0.965582
318,0.096363,53.050000,1.429998,0.000000,0.000000,0.000000,0.000000,0.719400,0.000000,0.719400,0.747600,0,0.600000,0.200000,0.200000,3597,0,3597,5000,3576,3688,112,21,133,0.994162,0.969631
319,0.075895,57.910000,1.310393,0.000000,0.000000,0.000000,0.000000,0.808000,0.000000,0.808000,0.726000,0,0.600000,0.200000,0.200000,4040,0,4040,5000,4032,4138,106,8,114,0.998020,0.974384
320,0.097974,61.370000,1.174586,0.000000,0.000000,0.000000,0.000000,0.736600,0.005000,0.736600,0.737600,1,0.600000,0.200000,0.200000,3683,25,3683,5000,3667,3816,149,16,165,0.995656,0.960954
321,0.077317,54.320000,1.434678,0.000000,0.000000,0.000000,0.000000,0.775400,0.000000,0.775400,0.648800,0,0.600000,0.200000,0.200000,3877,0,3877,5000,3866,3988,122,11,133,0.997163,0.969408
322,0.125780,57.540000,1.274194,0.000000,0.000000,0.000000,0.000000,0.781800,0.000000,0.781800,0.640000,0,0.600000,0.200000,0.200000,3909,0,3909,5000,3887,4098,211,22,233,0.994372,0.948511
323,0.168856,55.550000,1.331057,0.000000,0.000000,0.000000,0.000000,0.793200,0.000000,0.793200,0.587200,0,0.600000,0.200000,0.200000,3966,0,3966,5000,3941,4070,129,25,154,0.993696,0.968305
324,0.133023,58.500000,1.195052,0.000000,0.000000,0.000000,0.000000,0.756800,0.000000,0.756800,0.612600,0,0.600000,0.200000,0.200000,3784,0,3784,5000,3768,3958,190,16,206,0.995772,0.951996
325,0.143158,57.400000,1.295358,0.000000,0.000000,0.000000,0.000000,0.778000,0.005000,0.778000,0.592400,1,0.600000,0.200000,0.200000,3890,25,3890,5000,3871,4028,157,19,176,0.995116,0.961023
326,0.098168,56.140000,1.293033,0.000000,0.000000,0.000000,0.000000,0.792800,0.000000,0.792800,0.559200,0,0.600000,0.200000,0.200000,3964,0,3964,5000,3953,4128,175,11,186,0.997225,0.957607
327,0.118270,63.350000,1.072862,0.000000,0.000000,0.000000,0.000000,0.738000,0.000000,0.738000,0.591600,0,0.600000,0.200000,0.200000,3690,0,3690,5000,3672,3876,204,18,222,0.995122,0.947368
328,0.213700,60.450000,1.159818,0.000000,0.000000,0.000000,0.000000,0.739800,0.000000,0.739800,0.664400,0,0.600000,0.200000,0.200000,3699,0,3699,5000,3662,3824,162,37,199,0.989997,0.957636
329,0.150063,58.260000,1.258836,0.000000,0.000000,0.000000,0.000000,0.733000,0.000000,0.733000,0.559000,0,0.600000,0.200000,0.200000,3665,0,3665,5000,3642,3810,168,23,191,0.993724,0.955906
330,0.090439,59.190000,1.161648,0.000000,0.000000,0.000000,0.000000,0.770200,0.007200,0.770200,0.597200,1,0.600000,0.200000,0.200000,3851,36,3851,5000,3839,3974,135,12,147,0.996884,0.966029
331,0.186479,62.500000,1.110960,0.000000,0.000000,0.000000,0.000000,0.724600,0.000000,0.724600,0.638000,0,0.600000,0.200000,0.200000,3623,0,3623,5000,3593,3734,141,30,171,0.991720,0.962239
332,0.082073,55.330000,1.323535,0.000000,0.000000,0.000000,0.000000,0.813800,0.000000,0.813800,0.622800,0,0.600000,0.200000,0.200000,4069,0,4069,5000,4058,4204,146,11,157,0.997297,0.965271
333,0.130099,58.410000,1.151082,0.000000,0.000000,0.000000,0.000000,0.774200,0.000000,0.774200,0.553000,0,0.600000,0.200000,0.200000,3871,0,3871,5000,3851,3964,113,20,133,0.994833,0.971493
334,0.121666,59.280000,1.198599,0.000000,0.000000,0.000000,0.000000,0.811000,0.000000,0.811000,0.559800,0,0.600000,0.200000,0.200000,4055,0,4055,5000,4038,4196,158,17,175,0.995808,0.962345
335,0.133315,56.380000,1.260096,0.000000,0.000000,0.000000,0.000000,0.752200,0.003800,0.752200,0.644800,1,0.600000,0.200000,0.200000,3761,19,3761,5000,3736,3876,140,25,165,0.993353,0.963880
336,0.114593,62.530000,1.066477,0.000000,0.000000,0.000000,0.000000,0.726600,0.000000,0.726600,0.603800,0,0.600000,0.200000,0.200000,3633,0,3633,5000,3616,3750,134,17,151,0.995321,0.964267
337,0.135003,56.560000,1.291963,0.000000,0.000000,0.000000,0.000000,0.807600,0.000000,0.807600,0.685400,0,0.600000,0.200000,0.200000,4038,0,4038,5000,4013,4192,179,25,204,0.993809,0.957300
338,0.100565,59.770000,1.174456,0.000000,0.000000,0.000000,0.000000,0.833800,0.000000,0.833800,0.608400,0,0.600000,0.200000,0.200000,4169,0,4169,5000,4154,4282,128,15,143,0.996402,0.970107
339,0.097212,54.770000,1.402772,0.000000,0.000000,0.000000,0.000000,0.806000,0.000000,0.806000,0.687200,0,0.600000,0.200000,0.200000,4030,0,4030,5000,4018,4166,148,12,160,0.997022,0.964474
340,0.104475,62.570000,1.081719,0.000000,0.000000,0.000000,0.000000,0.722200,0.004400,0.722200,0.606000,1,0.600000,0.200000,0.200000,3611,22,3611,5000,3602,3742,140,9,149,0.997508,0.962587
341,0.149233,60.230000,1.144276,0.000000,0.000000,0.000000,0.000000,0.774000,0.000000,0.774000,0.676200,0,0.600000,0.200000,0.200000,3870,0,3870,5000,3848,3974,126,22,148,0.994315,0.968294
342,0.090577,58.080000,1.272587,0.000000,0.000000,0.000000,0.000000,0.717200,0.000000,0.717200,0.677000,0,0.600000,0.200000,0.200000,3586,0,3586,5000,3566,3664,98,20,118,0.994423,0.973253
343,0.107541,55.130000,1.328947,0.000000,0.000000,0.000000,0.000000,0.806800,0.000000,0.806800,0.608200,0,0.600000,0.200000,0.200000,4034,0,4034,5000,4022,4208,186,12,198,0.997025,0.955798
344,0.104640,66.020000,0.997124,0.000000,0.000000,0.000000,0.000000,0.791200,0.000000,0.791200,0.529600,0,0.600000,0.200000,0.200000,3956,0,3956,5000,3946,4090,144,10,154,0.997472,0.964792
345,0.074636,59.010000,1.277184,0.000000,0.000000,0.000000,0.000000,0.758800,0.004200,0.758800,0.742000,1,0.600000,0.200000,0.200000,3794,21,3794,5000,3784,3894,110,10,120,0.997364,0.971751
346,0.158936,61.250000,1.126868,0.000000,0.000000,0.000000,0.000000,0.773600,0.000000,0.773600,0.645400,0,0.600000,0.200000,0.200000,3868,0,3868,5000,3856,4002,146,12,158,0.996898,0.963518
347,0.132475,54.730000,1.394475,0.000000,0.000000,0.000000,0.000000,0.797400,0.000000,0.797400,0.757400,0,0.600000,0.200000,0.200000,3987,0,3987,5000,3976,4174,198,11,209,0.997241,0.952563
348,0.089876,55.850000,1.363322,0.000000,0.000000,0.000000,0.000000,0.770800,0.000000,0.770800,0.490600,0,0.600000,0.200000,0.200000,3854,0,3854,5000,3844,4062,218,10,228,0.997405,0.946332
349,0.092077,59.650000,1.169465,0.000000,0.000000,0.000000,0.000000,0.805600,0.000000,0.805600,0.629200,0,0.600000,0.200000,0.200000,4028,0,4028,5000,4018,4300,282,10,292,0.997517,0.934419
350,0.083510,55.670000,1.429347,0.000000,0.000000,0.000000,0.000000,0.789800,0.006400,0.789800,0.743200,1,0.600000,0.200000,0.200000,3949,32,3949,5000,3937,4036,99,12,111,0.996961,0.975471
351,0.103435,63.350000,1.070017,0.000000,0.000000,0.000000,0.000000,0.820600,0.000000,0.820600,0.593600,0,0.600000,0.200000,0.200000,4103,0,4103,5000,4099,4290,191,4,195,0.999025,0.955478
352,0.096018,63.010000,1.111302,0.000000,0.000000,0.000000,0.000000,0.747200,0.000000,0.747200,0.690200,0,0.600000,0.200000,0.200000,3736,0,3736,5000,3722,3816,94,14,108,0.996253,0.975367
353,0.114897,59.950000,1.180839,0.000000,0.000000,0.000000,0.000000,0.742800,0.000000,0.742800,0.685600,0,0.600000,0.200000,0.200000,3714,0,3714,5000,3698,3838,140,16,156,0.995692,0.963523
354,0.117430,61.020000,1.171016,0.000000,0.000000,0.000000,0.000000,0.762200,0.000000,0.762200,0.679200,0,0.600000,0.200000,0.200000,3811,0,3811,5000,3795,3938,143,16,159,0.995802,0.963687
355,0.114647,58.370000,1.217309,0.000000,0.000000,0.000000,0.000000,0.782000,0.006600,0.782000,0.595400,1,0.600000,0.200000,0.200000,3910,33,3910,5000,3891,4032,141,19,160,0.995141,0.965030
356,0.152547,54.880000,1.283269,0.000000,0.000000,0.000000,0.000000,0.809400,0.000000,0.809400,0.551600,0,0.600000,0.200000,0.200000,4047,0,4047,5000,4037,4230,193,10,203,0.997529,0.954374
357,0.094862,56.400000,1.314316,0.000000,0.000000,0.000000,0.000000,0.786600,0.000000,0.786600,0.549000,0,0.600000,0.200000,0.200000,3933,0,3933,5000,3921,4080,159,12,171,0.996949,0.961029
358,0.150315,59.870000,1.130622,0.000000,0.000000,0.000000,0.000000,0.775600,0.000000,0.775600,0.625400,0,0.600000,0.200000,0.200000,3878,0,3878,5000,3868,4016,148,10,158,0.997421,0.963147
359,0.145102,63.400000,1.063672,0.000000,0.000000,0.000000,0.000000,0.789600,0.000000,0.789600,0.636400,0,0.600000,0.200000,0.200000,3948,0,3948,5000,3927,4094,167,21,188,0.994681,0.959209
360,0.113961,65.900000,1.003886,0.000000,0.000000,0.000000,0.000000,0.716200,0.003400,0.716200,0.685600,1,0.600000,0.200000,0.200000,3581,17,3581,5000,3559,3658,99,22,121,0.993856,0.972936
361,0.173165,57.520000,1.257780,0.000000,0.000000,0.000000,0.000000,0.778200,0.000000,0.778200,0.737000,0,0.600000,0.200000,0.200000,3891,0,3891,5000,3871,3998,127,20,147,0.994860,0.968234
362,0.157318,60.330000,1.178569,0.000000,0.000000,0.000000,0.000000,0.763800,0.000000,0.763800,0.574000,0,0.600000,0.200000,0.200000,3819,0,3819,5000,3803,4048,245,16,261,0.995810,0.939476
363,0.075764,59.660000,1.161180,0.000000,0.000000,0.000000,0.000000,0.741400,0.000000,0.741400,0.682600,0,0.600000,0.200000,0.200000,3707,0,3707,5000,3691,3838,147,16,163,0.995684,0.961699
364,0.110289,57.540000,1.213189,0.000000,0.000000,0.000000,0.000000,0.755400,0.000000,0.755400,0.671400,0,0.600000,0.200000,0.200000,3777,0,3777,5000,3759,3868,109,18,127,0.995234,0.971820
365,0.110208,53.810000,1.381100,0.000000,0.000000,0.000000,0.000000,0.793600,0.004600,0.793600,0.591600,1,0.600000,0.200000,0.200000,3968,23,3968,5000,3951,4070,119,17,136,0.995716,0.970762
366,0.129681,58.680000,1.248620,0.000000,0.000000,0.000000,0.000000,0.725000,0.000000,0.725000,0.615800,0,0.600000,0.200000,0.200000,3625,0,3625,5000,3613,3718,105,12,117,0.996690,0.971759
367,0.146698,67.270000,0.945339,0.000000,0.000000,0.000000,0.000000,0.797800,0.000000,0.797800,0.654000,0,0.600000,0.200000,0.200000,3989,0,3989,5000,3974,4128,154,15,169,0.996240,0.962694
368,0.193300,53.180000,1.462355,0.000000,0.000000,0.000000,0.000000,0.796000,0.000000,0.796000,0.593600,0,0.600000,0.200000,0.200000,3980,0,3980,5000,3952,4100,148,28,176,0.992965,0.963902
369,0.171269,61.550000,1.132169,0.000000,0.000000,0.000000,0.000000,0.730000,0.000000,0.730000,0.541400,0,0.600000,0.200000,0.200000,3650,0,3650,5000,3617,3812,195,33,228,0.990959,0.948846
370,0.115246,62.250000,1.212972,0.000000,0.000000,0.000000,0.000000,0.807400,0.003800,0.807400,0.696400,1,0.600000,0.200000,0.200000,4037,19,4037,5000,4013,4126,113,24,137,0.994055,0.972613
371,0.167992,64.900000,1.017748,0.000000,0.000000,0.000000,0.000000,0.784800,0.000000,0.784800,0.588800,0,0.600000,0.200000,0.200000,3924,0,3924,5000,3903,4082,179,21,200,0.994648,0.956149
372,0.121826,60.340000,1.146654,0.000000,0.000000,0.000000,0.000000,0.747200,0.000000,0.747200,0.565800,0,0.600000,0.200000,0.200000,3736,0,3736,5000,3720,3868,148,16,164,0.995717,0.961737
373,0.098182,63.610000,1.098787,0.000000,0.000000,0.000000,0.000000,0.800800,0.000000,0.800800,0.750000,0,0.600000,0.200000,0.200000,4004,0,4004,5000,3993,4088,95,11,106,0.997253,0.976761
374,0.152892,62.010000,1.160427,0.000000,0.000000,0.000000,0.000000,0.790200,0.000000,0.790200,0.729800,0,0.600000,0.200000,0.200000,3951,0,3951,5000,3930,4090,160,21,181,0.994685,0.960880
375,0.100224,60.550000,1.208623,0.000000,0.000000,0.000000,0.000000,0.719800,0.002600,0.719800,0.663800,1,0.600000,0.200000,0.200000,3599,13,3599,5000,3584,3648,64,15,79,0.995832,0.982456
376,0.132365,66.150000,0.990474,0.000000,0.000000,0.000000,0.000000,0.691400,0.000000,0.691400,0.559800,0,0.600000,0.200000,0.200000,3457,0,3457,5000,3425,3586,161,32,193,0.990743,0.955103
377,0.133077,59.750000,1.169030,0.000000,0.000000,0.000000,0.000000,0.816400,0.000000,0.816400,0.711200,0,0.600000,0.200000,0.200000,4082,0,4082,5000,4048,4164,116,34,150,0.991671,0.972142
378,0.134099,59.550000,1.157068,0.000000,0.000000,0.000000,0.000000,0.788600,0.000000,0.788600,0.609400,0,0.600000,0.200000,0.200000,3943,0,3943,5000,3928,4054,126,15,141,0.996196,0.968920
379,0.090663,58.090000,1.242323,0.000000,0.000000,0.000000,0.000000,0.767800,0.000000,0.767800,0.626400,0,0.600000,0.200000,0.200000,3839,0,3839,5000,3825,3998,173,14,187,0.996353,0.956728
380,0.114229,63.300000,1.055273,0.000000,0.000000,0.000000,0.000000,0.801600,0.005000,0.801600,0.629000,1,0.600000,0.200000,0.200000,4008,25,4008,5000,3988,4096,108,20,128,0.995010,0.973633
381,0.109198,57.700000,1.258546,0.000000,0.000000,0.000000,0.000000,0.802600,0.000000,0.802600,0.727800,0,0.600000,0.200000,0.200000,4013,0,4013,5000,3991,4110,119,22,141,0.994518,0.971046
382,0.100554,55.080000,1.272780,0.000000,0.000000,0.000000,0.000000,0.807600,0.000000,0.807600,0.733000,0,0.600000,0.200000,0.200000,4038,0,4038,5000,4020,4122,102,18,120,0.995542,0.975255
383,0.094078,60.520000,1.130170,0.000000,0.000000,0.000000,0.000000,0.749800,0.000000,0.749800,0.648200,0,0.600000,0.200000,0.200000,3749,0,3749,5000,3738,3856,118,11,129,0.997066,0.969398
384,0.090156,56.800000,1.257911,0.000000,0.000000,0.000000,0.000000,0.769400,0.000000,0.769400,0.667400,0,0.600000,0.200000,0.200000,3847,0,3847,5000,3835,4004,169,12,181,0.996881,0.957792
385,0.126051,52.140000,1.424503,0.000000,0.000000,0.000000,0.000000,0.766000,0.006800,0.766000,0.523400,1,0.600000,0.200000,0.200000,3830,34,3830,5000,3806,3966,160,24,184,0.993734,0.959657
386,0.117989,52.160000,1.519571,0.000000,0.000000,0.000000,0.000000,0.761400,0.000000,0.761400,0.700400,0,0.600000,0.200000,0.200000,3807,0,3807,5000,3781,3944,163,26,189,0.993170,0.958671
387,0.158366,63.540000,1.117696,0.000000,0.000000,0.000000,0.000000,0.737400,0.000000,0.737400,0.539400,0,0.600000,0.200000,0.200000,3687,0,3687,5000,3667,3852,185,20,205,0.994576,0.951973
388,0.137103,60.090000,1.161082,0.000000,0.000000,0.000000,0.000000,0.721000,0.000000,0.721000,0.552800,0,0.600000,0.200000,0.200000,3605,0,3605,5000,3577,3698,121,28,149,0.992233,0.967280
389,0.123370,61.990000,1.088060,0.000000,0.000000,0.000000,0.000000,0.767000,0.000000,0.767000,0.633000,0,0.600000,0.200000,0.200000,3835,0,3835,5000,3822,4008,186,13,199,0.996610,0.953593
390,0.101150,51.420000,1.466253,0.000000,0.000000,0.000000,0.000000,0.798200,0.003600,0.798200,0.566400,1,0.600000,0.200000,0.200000,3991,18,3991,5000,3979,4120,141,12,153,0.996993,0.965777
391,0.083240,64.880000,1.047876,0.000000,0.000000,0.000000,0.000000,0.836800,0.000000,0.836800,0.574600,0,0.600000,0.200000,0.200000,4184,0,4184,5000,4176,4362,186,8,194,0.998088,0.957359
392,0.091938,62.630000,1.100713,0.000000,0.000000,0.000000,0.000000,0.755000,0.000000,0.755000,0.699200,0,0.600000,0.200000,0.200000,3775,0,3775,5000,3755,3870,115,20,135,0.994702,0.970284
393,0.103470,56.840000,1.329998,0.000000,0.000000,0.000000,0.000000,0.756200,0.000000,0.756200,0.781200,0,0.600000,0.200000,0.200000,3781,0,3781,5000,3764,3912,148,17,165,0.995504,0.962168
394,0.177662,65.580000,0.992248,0.000000,0.000000,0.000000,0.000000,0.777800,0.000000,0.777800,0.464800,0,0.600000,0.200000,0.200000,3889,0,3889,5000,3866,4078,212,23,235,0.994086,0.948014
395,0.097164,56.080000,1.306575,0.000000,0.000000,0.000000,0.000000,0.758200,0.006600,0.758200,0.661800,1,0.600000,0.200000,0.200000,3791,33,3791,5000,3772,3922,150,19,169,0.994988,0.961754
396,0.104216,56.050000,1.296240,0.000000,0.000000,0.000000,0.000000,0.854000,0.000000,0.854000,0.586800,0,0.600000,0.200000,0.200000,4270,0,4270,5000,4261,4360,99,9,108,0.997892,0.977294
397,0.092757,64.490000,1.029794,0.000000,0.000000,0.000000,0.000000,0.772600,0.000000,0.772600,0.654000,0,0.600000,0.200000,0.200000,3863,0,3863,5000,3853,3990,137,10,147,0.997411,0.965664
398,0.096691,59.120000,1.215170,0.000000,0.000000,0.000000,0.000000,0.781400,0.000000,0.781400,0.692000,0,0.600000,0.200000,0.200000,3907,0,3907,5000,3893,4038,145,14,159,0.996417,0.964091
399,0.113341,56.250000,1.321514,0.000000,0.000000,0.000000,0.000000,0.821000,0.000000,0.821000,0.733000,0,0.600000,0.200000,0.200000,4105,0,4105,5000,4100,4226,126,5,131,0.998782,0.970185
400,0.080598,60.850000,1.131334,0.000000,0.000000,0.000000,0.000000,0.821000,0.004600,0.821000,0.641600,1,0.600000,0.200000,0.200000,4105,23,4105,5000,4099,4244,145,6,151,0.998538,0.965834
401,0.096227,65.210000,1.016628,0.000000,0.000000,0.000000,0.000000,0.809800,0.000000,0.809800,0.681600,0,0.600000,0.200000,0.200000,4049,0,4049,5000,4034,4130,96,15,111,0.996295,0.976755
402,0.121516,58.450000,1.223823,0.000000,0.000000,0.000000,0.000000,0.785400,0.000000,0.785400,0.720000,0,0.600000,0.200000,0.200000,3927,0,3927,5000,3909,4036,127,18,145,0.995416,0.968533
403,0.105718,61.720000,1.124869,0.000000,0.000000,0.000000,0.000000,0.766800,0.000000,0.766800,0.719200,0,0.600000,0.200000,0.200000,3834,0,3834,5000,3813,3916,103,21,124,0.994523,0.973698
404,0.131632,63.960000,1.069077,0.000000,0.000000,0.000000,0.000000,0.768400,0.000000,0.768400,0.553800,0,0.600000,0.200000,0.200000,3842,0,3842,5000,3818,3966,148,24,172,0.993753,0.962683
405,0.109336,58.150000,1.313227,0.000000,0.000000,0.000000,0.000000,0.773000,0.002400,0.773000,0.746200,1,0.600000,0.200000,0.200000,3865,12,3865,5000,3847,3924,77,18,95,0.995343,0.980377
406,0.095957,63.770000,1.082752,0.000000,0.000000,0.000000,0.000000,0.751000,0.000000,0.751000,0.675400,0,0.600000,0.200000,0.200000,3755,0,3755,5000,3738,3860,122,17,139,0.995473,0.968394
407,0.125512,55.010000,1.327608,0.000000,0.000000,0.000000,0.000000,0.724800,0.000000,0.724800,0.693200,0,0.600000,0.200000,0.200000,3624,0,3624,5000,3603,3714,111,21,132,0.994205,0.970113
408,0.085217,60.740000,1.192365,0.000000,0.000000,0.000000,0.000000,0.796200,0.000000,0.796200,0.576000,0,0.600000,0.200000,0.200000,3981,0,3981,5000,3973,4076,103,8,111,0.997990,0.974730
409,0.148728,58.210000,1.274630,0.000000,0.000000,0.000000,0.000000,0.767800,0.000000,0.767800,0.694600,0,0.600000,0.200000,0.200000,3839,0,3839,5000,3822,3962,140,17,157,0.995572,0.964664
410,0.125348,63.600000,1.063739,0.000000,0.000000,0.000000,0.000000,0.762200,0.016400,0.762200,0.469000,1,0.600000,0.200000,0.200000,3811,82,3811,5000,3803,4118,315,8,323,0.997901,0.923507
411,0.114490,61.000000,1.154624,0.000000,0.000000,0.000000,0.000000,0.751600,0.000000,0.751600,0.623800,0,0.600000,0.200000,0.200000,3758,0,3758,5000,3727,3850,123,31,154,0.991751,0.968052
412,0.134716,60.520000,1.173302,0.000000,0.000000,0.000000,0.000000,0.752600,0.000000,0.752600,0.685200,0,0.600000,0.200000,0.200000,3763,0,3763,5000,3747,3894,147,16,163,0.995748,0.962250
413,0.087964,61.540000,1.174264,0.000000,0.000000,0.000000,0.000000,0.784800,0.000000,0.784800,0.697200,0,0.600000,0.200000,0.200000,3924,0,3924,5000,3913,4110,197,11,208,0.997197,0.952068
414,0.122638,65.660000,1.020564,0.000000,0.000000,0.000000,0.000000,0.758600,0.000000,0.758600,0.625400,0,0.600000,0.200000,0.200000,3793,0,3793,5000,3774,3948,174,19,193,0.994991,0.955927
415,0.100892,55.790000,1.327740,0.000000,0.000000,0.000000,0.000000,0.737000,0.005400,0.737000,0.723400,1,0.600000,0.200000,0.200000,3685,27,3685,5000,3655,3780,125,30,155,0.991859,0.966931
416,0.119204,64.450000,1.039440,0.000000,0.000000,0.000000,0.000000,0.810800,0.000000,0.810800,0.624200,0,0.600000,0.200000,0.200000,4054,0,4054,5000,4042,4154,112,12,124,0.997040,0.973038
417,0.104211,64.120000,1.074067,0.000000,0.000000,0.000000,0.000000,0.751000,0.000000,0.751000,0.707400,0,0.600000,0.200000,0.200000,3755,0,3755,5000,3729,3850,121,26,147,0.993076,0.968571
418,0.102782,60.960000,1.153037,0.000000,0.000000,0.000000,0.000000,0.791200,0.000000,0.791200,0.698400,0,0.600000,0.200000,0.200000,3956,0,3956,5000,3939,4062,123,17,140,0.995703,0.969719
419,0.108987,61.580000,1.120796,0.000000,0.000000,0.000000,0.000000,0.805600,0.000000,0.805600,0.600400,0,0.600000,0.200000,0.200000,4028,0,4028,5000,4008,4112,104,20,124,0.995035,0.974708
420,0.127651,60.740000,1.158202,0.000000,0.000000,0.000000,0.000000,0.769600,0.006600,0.769600,0.510600,1,0.600000,0.200000,0.200000,3848,33,3848,5000,3835,3974,139,13,152,0.996622,0.965023
421,0.068504,54.720000,1.370821,0.000000,0.000000,0.000000,0.000000,0.846400,0.000000,0.846400,0.701400,0,0.600000,0.200000,0.200000,4232,0,4232,5000,4226,4402,176,6,182,0.998582,0.960018
422,0.121779,65.550000,0.998815,0.000000,0.000000,0.000000,0.000000,0.788400,0.000000,0.788400,0.644400,0,0.600000,0.200000,0.200000,3942,0,3942,5000,3921,4058,137,21,158,0.994673,0.966240
423,0.125358,62.030000,1.137124,0.000000,0.000000,0.000000,0.000000,0.788600,0.000000,0.788600,0.699400,0,0.600000,0.200000,0.200000,3943,0,3943,5000,3927,4064,137,16,153,0.995942,0.966289
424,0.145734,62.800000,1.077512,0.000000,0.000000,0.000000,0.000000,0.784200,0.000000,0.784200,0.678000,0,0.600000,0.200000,0.200000,3921,0,3921,5000,3901,4028,127,20,147,0.994899,0.968471
425,0.201850,59.660000,1.226939,0.000000,0.000000,0.000000,0.000000,0.741400,0.003800,0.741400,0.636000,1,0.600000,0.200000,0.200000,3707,19,3707,5000,3679,3808,129,28,157,0.992447,0.966124
426,0.138932,65.740000,0.990527,0.000000,0.000000,0.000000,0.000000,0.740000,0.000000,0.740000,0.626000,0,0.600000,0.200000,0.200000,3700,0,3700,5000,3670,3766,96,30,126,0.991892,0.974509
427,0.087273,61.430000,1.129337,0.000000,0.000000,0.000000,0.000000,0.767800,0.000000,0.767800,0.691000,0,0.600000,0.200000,0.200000,3839,0,3839,5000,3829,3938,109,10,119,0.997395,0.972321
428,0.135784,65.450000,1.020578,0.000000,0.000000,0.000000,0.000000,0.772200,0.000000,0.772200,0.650800,0,0.600000,0.200000,0.200000,3861,0,3861,5000,3826,3992,166,35,201,0.990935,0.958417
429,0.128544,61.670000,1.090383,0.000000,0.000000,0.000000,0.000000,0.728200,0.000000,0.728200,0.663200,0,0.600000,0.200000,0.200000,3641,0,3641,5000,3627,3732,105,14,119,0.996155,0.971865
430,0.112916,63.720000,1.068244,0.000000,0.000000,0.000000,0.000000,0.754000,0.004400,0.754000,0.659600,1,0.600000,0.200000,0.200000,3770,22,3770,5000,3740,3876,136,30,166,0.992042,0.964912
431,0.104932,58.860000,1.235613,0.000000,0.000000,0.000000,0.000000,0.779400,0.000000,0.779400,0.691000,0,0.600000,0.200000,0.200000,3897,0,3897,5000,3882,4002,120,15,135,0.996151,0.970015
432,0.121684,63.330000,1.081962,0.000000,0.000000,0.000000,0.000000,0.808200,0.000000,0.808200,0.625600,0,0.600000,0.200000,0.200000,4041,0,4041,5000,4024,4178,154,17,171,0.995793,0.963140
433,0.076943,60.030000,1.152099,0.000000,0.000000,0.000000,0.000000,0.805200,0.000000,0.805200,0.674000,0,0.600000,0.200000,0.200000,4026,0,4026,5000,4012,4106,94,14,108,0.996523,0.977107
434,0.086536,61.500000,1.130302,0.000000,0.000000,0.000000,0.000000,0.828400,0.000000,0.828400,0.666800,0,0.600000,0.200000,0.200000,4142,0,4142,5000,4130,4302,172,12,184,0.997103,0.960019
435,0.095874,53.160000,1.399063,0.000000,0.000000,0.000000,0.000000,0.813600,0.007800,0.813600,0.675600,1,0.600000,0.200000,0.200000,4068,39,4068,5000,4057,4238,181,11,192,0.997296,0.957291
436,0.079651,61.230000,1.121865,0.000000,0.000000,0.000000,0.000000,0.725400,0.000000,0.725400,0.569000,0,0.600000,0.200000,0.200000,3627,0,3627,5000,3614,3712,98,13,111,0.996416,0.973599
437,0.089527,66.670000,0.954082,0.000000,0.000000,0.000000,0.000000,0.778200,0.000000,0.778200,0.657600,0,0.600000,0.200000,0.200000,3891,0,3891,5000,3871,4050,179,20,199,0.994860,0.955802
438,0.074732,60.250000,1.137378,0.000000,0.000000,0.000000,0.000000,0.850600,0.000000,0.850600,0.725400,0,0.600000,0.200000,0.200000,4253,0,4253,5000,4248,4366,118,5,123,0.998824,0.972973
439,0.094236,62.070000,1.133922,0.000000,0.000000,0.000000,0.000000,0.735400,0.000000,0.735400,0.685800,0,0.600000,0.200000,0.200000,3677,0,3677,5000,3660,3774,114,17,131,0.995377,0.969793
440,0.147589,62.720000,1.059389,0.000000,0.000000,0.000000,0.000000,0.745200,0.005400,0.745200,0.669800,1,0.600000,0.200000,0.200000,3726,27,3726,5000,3695,3830,135,31,166,0.991680,0.964752
441,0.097347,64.450000,1.056236,0.000000,0.000000,0.000000,0.000000,0.779600,0.000000,0.779600,0.659400,0,0.600000,0.200000,0.200000,3898,0,3898,5000,3874,4040,166,24,190,0.993843,0.958911
442,0.074893,63.100000,1.149740,0.000000,0.000000,0.000000,0.000000,0.833000,0.000000,0.833000,0.780000,0,0.600000,0.200000,0.200000,4165,0,4165,5000,4152,4258,106,13,119,0.996879,0.975106
443,0.144052,59.760000,1.162691,0.000000,0.000000,0.000000,0.000000,0.725400,0.000000,0.725400,0.695400,0,0.600000,0.200000,0.200000,3627,0,3627,5000,3602,3722,120,25,145,0.993107,0.967759
444,0.225161,61.090000,1.181668,0.000000,0.000000,0.000000,0.000000,0.706800,0.000000,0.706800,0.717400,0,0.600000,0.200000,0.200000,3534,0,3534,5000,3501,3634,133,33,166,0.990662,0.963401
445,0.093892,61.860000,1.146578,0.000000,0.000000,0.000000,0.000000,0.806400,0.004200,0.806400,0.700400,1,0.600000,0.200000,0.200000,4032,21,4032,5000,4029,4156,127,3,130,0.999256,0.969442
446,0.163438,56.560000,1.226858,0.000000,0.000000,0.000000,0.000000,0.759800,0.000000,0.759800,0.544400,0,0.600000,0.200000,0.200000,3799,0,3799,5000,3774,3894,120,25,145,0.993419,0.969183
447,0.109007,57.730000,1.270302,0.000000,0.000000,0.000000,0.000000,0.783400,0.000000,0.783400,0.581000,0,0.600000,0.200000,0.200000,3917,0,3917,5000,3905,4044,139,12,151,0.996936,0.965628
448,0.118696,65.540000,1.023864,0.000000,0.000000,0.000000,0.000000,0.755400,0.000000,0.755400,0.629600,0,0.600000,0.200000,0.200000,3777,0,3777,5000,3756,3856,100,21,121,0.994440,0.974066
449,0.093632,62.620000,1.109482,0.000000,0.000000,0.000000,0.000000,0.747600,0.000000,0.747600,0.695600,0,0.600000,0.200000,0.200000,3738,0,3738,5000,3722,3808,86,16,102,0.995720,0.977416
450,0.128272,61.920000,1.128072,0.000000,0.000000,0.000000,0.000000,0.753600,0.002600,0.753600,0.697200,1,0.600000,0.200000,0.200000,3768,13,3768,5000,3736,3814,78,32,110,0.991507,0.979549
451,0.139556,59.450000,1.153260,0.000000,0.000000,0.000000,0.000000,0.753800,0.000000,0.753800,0.733200,0,0.600000,0.200000,0.200000,3769,0,3769,5000,3738,3852,114,31,145,0.991775,0.970405
452,0.118352,64.290000,1.011390,0.000000,0.000000,0.000000,0.000000,0.773800,0.000000,0.773800,0.588800,0,0.600000,0.200000,0.200000,3869,0,3869,5000,3852,4006,154,17,171,0.995606,0.961558
453,0.106138,63.520000,1.042175,0.000000,0.000000,0.000000,0.000000,0.748600,0.000000,0.748600,0.676600,0,0.600000,0.200000,0.200000,3743,0,3743,5000,3715,3818,103,28,131,0.992519,0.973023
454,0.116918,62.160000,1.149925,0.000000,0.000000,0.000000,0.000000,0.762800,0.000000,0.762800,0.693000,0,0.600000,0.200000,0.200000,3814,0,3814,5000,3794,3894,100,20,120,0.994756,0.974319
455,0.105649,60.740000,1.174261,0.000000,0.000000,0.000000,0.000000,0.741200,0.006200,0.741200,0.593800,1,0.600000,0.200000,0.200000,3706,31,3706,5000,3686,3854,168,20,188,0.994603,0.956409
456,0.080762,66.050000,1.025110,0.000000,0.000000,0.000000,0.000000,0.746000,0.000000,0.746000,0.689200,0,0.600000,0.200000,0.200000,3730,0,3730,5000,3711,3808,97,19,116,0.994906,0.974527
457,0.101342,65.520000,1.012100,0.000000,0.000000,0.000000,0.000000,0.725000,0.000000,0.725000,0.719000,0,0.600000,0.200000,0.200000,3625,0,3625,5000,3601,3694,93,24,117,0.993379,0.974824
458,0.142083,58.750000,1.215917,0.000000,0.000000,0.000000,0.000000,0.806200,0.000000,0.806200,0.613600,0,0.600000,0.200000,0.200000,4031,0,4031,5000,4011,4128,117,20,137,0.995038,0.971657
459,0.147068,56.870000,1.271752,0.000000,0.000000,0.000000,0.000000,0.781200,0.000000,0.781200,0.713000,0,0.600000,0.200000,0.200000,3906,0,3906,5000,3884,3994,110,22,132,0.994368,0.972459
460,0.069217,61.100000,1.178679,0.000000,0.000000,0.000000,0.000000,0.784600,0.002200,0.784600,0.664800,1,0.600000,0.200000,0.200000,3923,11,3923,5000,3911,3988,77,12,89,0.996941,0.980692
461,0.098261,62.850000,1.096691,0.000000,0.000000,0.000000,0.000000,0.759600,0.000000,0.759600,0.687000,0,0.600000,0.200000,0.200000,3798,0,3798,5000,3781,3896,115,17,132,0.995524,0.970483
462,0.105306,62.310000,1.138725,0.000000,0.000000,0.000000,0.000000,0.799600,0.000000,0.799600,0.661800,0,0.600000,0.200000,0.200000,3998,0,3998,5000,3977,4108,131,21,152,0.994747,0.968111
463,0.135427,61.600000,1.092209,0.000000,0.000000,0.000000,0.000000,0.749800,0.000000,0.749800,0.691000,0,0.600000,0.200000,0.200000,3749,0,3749,5000,3731,3820,89,18,107,0.995199,0.976702
464,0.105962,63.370000,1.060935,0.000000,0.000000,0.000000,0.000000,0.758800,0.000000,0.758800,0.681800,0,0.600000,0.200000,0.200000,3794,0,3794,5000,3774,3924,150,20,170,0.994729,0.961774
465,0.131362,64.420000,1.061297,0.000000,0.000000,0.000000,0.000000,0.791400,0.006200,0.791400,0.658200,1,0.600000,0.200000,0.200000,3957,31,3957,5000,3930,4092,162,27,189,0.993177,0.960411
466,0.090765,59.490000,1.226343,0.000000,0.000000,0.000000,0.000000,0.827800,0.000000,0.827800,0.800400,0,0.600000,0.200000,0.200000,4139,0,4139,5000,4119,4204,85,20,105,0.995168,0.979781
467,0.076651,66.160000,1.003979,0.000000,0.000000,0.000000,0.000000,0.788400,0.000000,0.788400,0.630400,0,0.600000,0.200000,0.200000,3942,0,3942,5000,3932,4122,190,10,200,0.997463,0.953906
468,0.088453,57.690000,1.283292,0.000000,0.000000,0.000000,0.000000,0.753200,0.000000,0.753200,0.670600,0,0.600000,0.200000,0.200000,3766,0,3766,5000,3746,3868,122,20,142,0.994689,0.968459
469,0.118773,58.470000,1.208470,0.000000,0.000000,0.000000,0.000000,0.833800,0.000000,0.833800,0.717400,0,0.600000,0.200000,0.200000,4169,0,4169,5000,4159,4274,115,10,125,0.997601,0.973093
470,0.124344,59.520000,1.172500,0.000000,0.000000,0.000000,0.000000,0.743600,0.003600,0.743600,0.758200,1,0.600000,0.200000,0.200000,3718,18,3718,5000,3693,3788,95,25,120,0.993276,0.974921
471,0.113063,63.300000,1.078607,0.000000,0.000000,0.000000,0.000000,0.751800,0.000000,0.751800,0.625800,0,0.600000,0.200000,0.200000,3759,0,3759,5000,3738,3860,122,21,143,0.994413,0.968394
472,0.133295,64.190000,1.050799,0.000000,0.000000,0.000000,0.000000,0.779800,0.000000,0.779800,0.640800,0,0.600000,0.200000,0.200000,3899,0,3899,5000,3881,4004,123,18,141,0.995383,0.969281
473,0.142121,59.840000,1.182254,0.000000,0.000000,0.000000,0.000000,0.805800,0.000000,0.805800,0.722800,0,0.600000,0.200000,0.200000,4029,0,4029,5000,4003,4146,143,26,169,0.993547,0.965509
474,0.109164,62.720000,1.101795,0.000000,0.000000,0.000000,0.000000,0.771800,0.000000,0.771800,0.678400,0,0.600000,0.200000,0.200000,3859,0,3859,5000,3843,3954,111,16,127,0.995854,0.971927
475,0.085259,56.540000,1.337549,0.000000,0.000000,0.000000,0.000000,0.788200,0.003400,0.788200,0.804600,1,0.600000,0.200000,0.200000,3941,17,3941,5000,3916,4008,92,25,117,0.993656,0.977046
476,0.105132,62.550000,1.122790,0.000000,0.000000,0.000000,0.000000,0.750400,0.000000,0.750400,0.710400,0,0.600000,0.200000,0.200000,3752,0,3752,5000,3726,3836,110,26,136,0.993070,0.971324
477,0.125656,63.410000,1.122699,0.000000,0.000000,0.000000,0.000000,0.819600,0.000000,0.819600,0.666000,0,0.600000,0.200000,0.200000,4098,0,4098,5000,4077,4198,121,21,142,0.994876,0.971177
478,0.083387,58.660000,1.267995,0.000000,0.000000,0.000000,0.000000,0.783400,0.000000,0.783400,0.730200,0,0.600000,0.200000,0.200000,3917,0,3917,5000,3898,4068,170,19,189,0.995149,0.958210
479,0.118437,66.100000,1.005674,0.000000,0.000000,0.000000,0.000000,0.729000,0.000000,0.729000,0.577400,0,0.600000,0.200000,0.200000,3645,0,3645,5000,3626,3802,176,19,195,0.994787,0.953709
480,0.093682,58.880000,1.236744,0.000000,0.000000,0.000000,0.000000,0.765600,0.002800,0.765600,0.770400,1,0.600000,0.200000,0.200000,3828,14,3828,5000,3808,3902,94,20,114,0.994775,0.975910
481,0.131043,61.070000,1.157755,0.000000,0.000000,0.000000,0.000000,0.745800,0.000000,0.745800,0.600000,0,0.600000,0.200000,0.200000,3729,0,3729,5000,3701,3844,143,28,171,0.992491,0.962799
482,0.089453,59.720000,1.225534,0.000000,0.000000,0.000000,0.000000,0.795600,0.000000,0.795600,0.761200,0,0.600000,0.200000,0.200000,3978,0,3978,5000,3964,4068,104,14,118,0.996481,0.974435
483,0.127789,60.600000,1.214044,0.000000,0.000000,0.000000,0.000000,0.780200,0.000000,0.780200,0.654800,0,0.600000,0.200000,0.200000,3901,0,3901,5000,3880,3994,114,21,135,0.994617,0.971457
484,0.091621,61.170000,1.172583,0.000000,0.000000,0.000000,0.000000,0.791400,0.000000,0.791400,0.702800,0,0.600000,0.200000,0.200000,3957,0,3957,5000,3947,4106,159,10,169,0.997473,0.961276
485,0.105668,66.430000,0.968160,0.000000,0.000000,0.000000,0.000000,0.824400,0.003400,0.824400,0.637200,1,0.600000,0.200000,0.200000,4122,17,4122,5000,4110,4226,116,12,128,0.997089,0.972551
486,0.096777,67.010000,0.955529,0.000000,0.000000,0.000000,0.000000,0.741400,0.000000,0.741400,0.707000,0,0.600000,0.200000,0.200000,3707,0,3707,5000,3687,3810,123,20,143,0.994605,0.967717
487,0.092380,66.760000,0.983267,0.000000,0.000000,0.000000,0.000000,0.800200,0.000000,0.800200,0.680600,0,0.600000,0.200000,0.200000,4001,0,4001,5000,3987,4102,115,14,129,0.996501,0.971965
488,0.072015,66.500000,0.983336,0.000000,0.000000,0.000000,0.000000,0.748600,0.000000,0.748600,0.731000,0,0.600000,0.200000,0.200000,3743,0,3743,5000,3736,3816,80,7,87,0.998130,0.979036
489,0.085149,64.470000,1.065241,0.000000,0.000000,0.000000,0.000000,0.804400,0.000000,0.804400,0.718600,0,0.600000,0.200000,0.200000,4022,0,4022,5000,4004,4156,152,18,170,0.995525,0.963426
490,0.120110,64.320000,1.057013,0.000000,0.000000,0.000000,0.000000,0.754000,0.004000,0.754000,0.754000,1,0.600000,0.200000,0.200000,3770,20,3770,5000,3746,3852,106,24,130,0.993634,0.972482
491,0.105731,62.310000,1.146571,0.000000,0.000000,0.000000,0.000000,0.830800,0.000000,0.830800,0.629400,0,0.600000,0.200000,0.200000,4154,0,4154,5000,4147,4302,155,7,162,0.998315,0.963970
492,0.132971,60.130000,1.133634,0.000000,0.000000,0.000000,0.000000,0.796400,0.000000,0.796400,0.569000,0,0.600000,0.200000,0.200000,3982,0,3982,5000,3967,4142,175,15,190,0.996233,0.957750
493,0.075010,61.630000,1.171818,0.000000,0.000000,0.000000,0.000000,0.789200,0.000000,0.789200,0.555000,0,0.600000,0.200000,0.200000,3946,0,3946,5000,3942,4084,142,4,146,0.998986,0.965230
494,0.124314,63.760000,1.040061,0.000000,0.000000,0.000000,0.000000,0.733400,0.000000,0.733400,0.559600,0,0.600000,0.200000,0.200000,3667,0,3667,5000,3645,3740,95,22,117,0.994001,0.974599
495,0.109842,65.210000,1.024142,0.000000,0.000000,0.000000,0.000000,0.827400,0.005800,0.827400,0.665000,1,0.600000,0.200000,0.200000,4137,29,4137,5000,4124,4276,152,13,165,0.996858,0.964453
496,0.081565,63.990000,1.072461,0.000000,0.000000,0.000000,0.000000,0.756000,0.000000,0.756000,0.673800,0,0.600000,0.200000,0.200000,3780,0,3780,5000,3762,3892,130,18,148,0.995238,0.966598
497,0.146763,61.640000,1.191826,0.000000,0.000000,0.000000,0.000000,0.743800,0.000000,0.743800,0.706600,0,0.600000,0.200000,0.200000,3719,0,3719,5000,3697,3836,139,22,161,0.994084,0.963764
498,0.063828,61.760000,1.155060,0.000000,0.000000,0.000000,0.000000,0.805600,0.000000,0.805600,0.742400,0,0.600000,0.200000,0.200000,4028,0,4028,5000,4017,4124,107,11,118,0.997269,0.974054
499,0.093045,62.870000,1.101763,0.000000,0.000000,0.000000,0.000000,0.780000,0.000000,0.780000,0.727800,0,0.600000,0.200000,0.200000,3900,0,3900,5000,3893,3984,91,7,98,0.998205,0.977159
