epoch,train_loss,global_test_acc,global_test_loss,rec_apa,rec_loss,personal_apa,personal_loss,core_clean_ratio,recover_ratio,train_ratio,agreement_ratio,recovery_trigger,w_rn,w_rec,w_pfl,core_count,recover_count,train_count,total_count,actual_train_clean_count,actual_round_clean_count,missed_clean_count,false_clean_count,total_wrong_count,actual_train_clean_ratio,clean_recall
0,1.867354,27.010000,2.095708,0.000000,0.000000,0.000000,0.000000,1.000000,0.000000,1.000000,0.000000,0,1.000000,0.000000,0.000000,25000,0,25000,25000,15560,15560,0,9440,9440,0.622400,1.000000
1,1.778030,32.790000,1.975357,0.000000,0.000000,0.000000,0.000000,1.000000,0.000000,1.000000,0.000000,0,1.000000,0.000000,0.000000,25000,0,25000,25000,15836,15836,0,9164,9164,0.633440,1.000000
2,1.823995,36.620000,1.907630,0.000000,0.000000,0.000000,0.000000,1.000000,0.000000,1.000000,0.000000,0,1.000000,0.000000,0.000000,25000,0,25000,25000,14612,14612,0,10388,10388,0.584480,1.000000
3,1.803324,37.490000,1.886619,0.000000,0.000000,0.000000,0.000000,1.000000,0.000000,1.000000,0.000000,0,1.000000,0.000000,0.000000,25000,0,25000,25000,14448,14448,0,10552,10552,0.577920,1.000000
4,1.785741,42.130000,1.842504,0.000000,0.000000,0.000000,0.000000,1.000000,0.000000,1.000000,0.000000,0,1.000000,0.000000,0.000000,25000,0,25000,25000,14776,14776,0,10224,10224,0.591040,1.000000
5,1.698270,40.100000,1.809677,0.000000,0.000000,0.000000,0.000000,1.000000,0.000000,1.000000,0.000000,0,1.000000,0.000000,0.000000,25000,0,25000,25000,15868,15868,0,9132,9132,0.634720,1.000000
6,1.743754,43.910000,1.786644,0.000000,0.000000,0.000000,0.000000,1.000000,0.000000,1.000000,0.000000,0,1.000000,0.000000,0.000000,25000,0,25000,25000,15128,15128,0,9872,9872,0.605120,1.000000
7,1.712589,45.140000,1.781550,0.000000,0.000000,0.000000,0.000000,1.000000,0.000000,1.000000,0.000000,0,1.000000,0.000000,0.000000,25000,0,25000,25000,15352,15352,0,9648,9648,0.614080,1.000000
8,1.705653,44.690000,1.750208,0.000000,0.000000,0.000000,0.000000,1.000000,0.000000,1.000000,0.000000,0,1.000000,0.000000,0.000000,25000,0,25000,25000,15420,15420,0,9580,9580,0.616800,1.000000
9,1.751435,46.310000,1.763364,0.000000,0.000000,0.000000,0.000000,1.000000,0.000000,1.000000,0.000000,0,1.000000,0.000000,0.000000,25000,0,25000,25000,14192,14192,0,10808,10808,0.567680,1.000000
10,1.727826,46.560000,1.739367,0.000000,0.000000,0.000000,0.000000,1.000000,0.000000,1.000000,0.000000,0,1.000000,0.000000,0.000000,25000,0,25000,25000,14872,14872,0,10128,10128,0.594880,1.000000
11,1.696302,48.210000,1.737871,0.000000,0.000000,0.000000,0.000000,1.000000,0.000000,1.000000,0.000000,0,1.000000,0.000000,0.000000,25000,0,25000,25000,14904,14904,0,10096,10096,0.596160,1.000000
12,1.714021,47.260000,1.721508,0.000000,0.000000,0.000000,0.000000,1.000000,0.000000,1.000000,0.000000,0,1.000000,0.000000,0.000000,25000,0,25000,25000,14908,14908,0,10092,10092,0.596320,1.000000
13,1.727049,50.060000,1.700194,0.000000,0.000000,0.000000,0.000000,1.000000,0.000000,1.000000,0.000000,0,1.000000,0.000000,0.000000,25000,0,25000,25000,14860,14860,0,10140,10140,0.594400,1.000000
14,1.748075,46.940000,1.723966,0.000000,0.000000,0.000000,0.000000,1.000000,0.000000,1.000000,0.000000,0,1.000000,0.000000,0.000000,25000,0,25000,25000,14236,14236,0,10764,10764,0.569440,1.000000
15,1.700064,49.790000,1.705833,0.000000,0.000000,0.000000,0.000000,1.000000,0.000000,1.000000,0.000000,0,1.000000,0.000000,0.000000,25000,0,25000,25000,14912,14912,0,10088,10088,0.596480,1.000000
16,1.610715,50.170000,1.677716,0.000000,0.000000,0.000000,0.000000,1.000000,0.000000,1.000000,0.000000,0,1.000000,0.000000,0.000000,25000,0,25000,25000,15900,15900,0,9100,9100,0.636000,1.000000
17,1.678932,51.760000,1.656440,0.000000,0.000000,0.000000,0.000000,1.000000,0.000000,1.000000,0.000000,0,1.000000,0.000000,0.000000,25000,0,25000,25000,15076,15076,0,9924,9924,0.603040,1.000000
18,1.613938,53.390000,1.640675,0.000000,0.000000,0.000000,0.000000,1.000000,0.000000,1.000000,0.000000,0,1.000000,0.000000,0.000000,25000,0,25000,25000,15800,15800,0,9200,9200,0.632000,1.000000
19,1.710179,53.030000,1.647983,0.000000,0.000000,0.000000,0.000000,1.000000,0.000000,1.000000,0.000000,0,1.000000,0.000000,0.000000,25000,0,25000,25000,14604,14604,0,10396,10396,0.584160,1.000000
20,1.680264,54.030000,1.650199,0.000000,0.000000,0.000000,0.000000,1.000000,0.000000,1.000000,0.000000,0,1.000000,0.000000,0.000000,25000,0,25000,25000,14880,14880,0,10120,10120,0.595200,1.000000
21,1.691142,52.960000,1.642864,0.000000,0.000000,0.000000,0.000000,1.000000,0.000000,1.000000,0.000000,0,1.000000,0.000000,0.000000,25000,0,25000,25000,14780,14780,0,10220,10220,0.591200,1.000000
22,1.568236,53.370000,1.609185,0.000000,0.000000,0.000000,0.000000,1.000000,0.000000,1.000000,0.000000,0,1.000000,0.000000,0.000000,25000,0,25000,25000,16144,16144,0,8856,8856,0.645760,1.000000
23,1.579972,55.100000,1.593024,0.000000,0.000000,0.000000,0.000000,1.000000,0.000000,1.000000,0.000000,0,1.000000,0.000000,0.000000,25000,0,25000,25000,16088,16088,0,8912,8912,0.643520,1.000000
24,1.612574,53.350000,1.599072,0.000000,0.000000,0.000000,0.000000,1.000000,0.000000,1.000000,0.000000,0,1.000000,0.000000,0.000000,25000,0,25000,25000,15420,15420,0,9580,9580,0.616800,1.000000
25,1.550232,54.100000,1.583402,0.000000,0.000000,0.000000,0.000000,1.000000,0.000000,1.000000,0.000000,0,1.000000,0.000000,0.000000,25000,0,25000,25000,16228,16228,0,8772,8772,0.649120,1.000000
26,1.616147,53.860000,1.587458,0.000000,0.000000,0.000000,0.000000,1.000000,0.000000,1.000000,0.000000,0,1.000000,0.000000,0.000000,25000,0,25000,25000,15568,15568,0,9432,9432,0.622720,1.000000
27,1.668398,52.960000,1.614940,0.000000,0.000000,0.000000,0.000000,1.000000,0.000000,1.000000,0.000000,0,1.000000,0.000000,0.000000,25000,0,25000,25000,14612,14612,0,10388,10388,0.584480,1.000000
28,1.596149,53.550000,1.601610,0.000000,0.000000,0.000000,0.000000,1.000000,0.000000,1.000000,0.000000,0,1.000000,0.000000,0.000000,25000,0,25000,25000,15440,15440,0,9560,9560,0.617600,1.000000
29,1.634023,55.330000,1.600103,0.000000,0.000000,0.000000,0.000000,1.000000,0.000000,1.000000,0.000000,0,1.000000,0.000000,0.000000,25000,0,25000,25000,15020,15020,0,9980,9980,0.600800,1.000000
30,1.634006,54.150000,1.590726,0.000000,0.000000,0.000000,0.000000,1.000000,0.000000,1.000000,0.000000,0,1.000000,0.000000,0.000000,25000,0,25000,25000,15184,15184,0,9816,9816,0.607360,1.000000
31,1.605400,53.950000,1.602928,0.000000,0.000000,0.000000,0.000000,1.000000,0.000000,1.000000,0.000000,0,1.000000,0.000000,0.000000,25000,0,25000,25000,15176,15176,0,9824,9824,0.607040,1.000000
32,1.639917,55.490000,1.587664,0.000000,0.000000,0.000000,0.000000,1.000000,0.000000,1.000000,0.000000,0,1.000000,0.000000,0.000000,25000,0,25000,25000,14996,14996,0,10004,10004,0.599840,1.000000
33,1.613560,55.510000,1.588822,0.000000,0.000000,0.000000,0.000000,1.000000,0.000000,1.000000,0.000000,0,1.000000,0.000000,0.000000,25000,0,25000,25000,14984,14984,0,10016,10016,0.599360,1.000000
34,1.590057,54.900000,1.592030,0.000000,0.000000,0.000000,0.000000,1.000000,0.000000,1.000000,0.000000,0,1.000000,0.000000,0.000000,25000,0,25000,25000,15528,15528,0,9472,9472,0.621120,1.000000
35,1.597525,55.080000,1.587341,0.000000,0.000000,0.000000,0.000000,1.000000,0.000000,1.000000,0.000000,0,1.000000,0.000000,0.000000,25000,0,25000,25000,15056,15056,0,9944,9944,0.602240,1.000000
36,1.628944,55.610000,1.593971,0.000000,0.000000,0.000000,0.000000,1.000000,0.000000,1.000000,0.000000,0,1.000000,0.000000,0.000000,25000,0,25000,25000,14628,14628,0,10372,10372,0.585120,1.000000
37,1.519555,55.510000,1.564239,0.000000,0.000000,0.000000,0.000000,1.000000,0.000000,1.000000,0.000000,0,1.000000,0.000000,0.000000,25000,0,25000,25000,16104,16104,0,8896,8896,0.644160,1.000000
38,1.575596,54.870000,1.557612,0.000000,0.000000,0.000000,0.000000,1.000000,0.000000,1.000000,0.000000,0,1.000000,0.000000,0.000000,25000,0,25000,25000,15500,15500,0,9500,9500,0.620000,1.000000
39,1.617978,56.240000,1.566504,0.000000,0.000000,0.000000,0.000000,1.000000,0.000000,1.000000,0.000000,0,1.000000,0.000000,0.000000,25000,0,25000,25000,14672,14672,0,10328,10328,0.586880,1.000000
40,1.538222,56.750000,1.547741,0.000000,0.000000,0.000000,0.000000,1.000000,0.000000,1.000000,0.000000,0,1.000000,0.000000,0.000000,25000,0,25000,25000,15704,15704,0,9296,9296,0.628160,1.000000
41,1.622475,56.330000,1.560984,0.000000,0.000000,0.000000,0.000000,1.000000,0.000000,1.000000,0.000000,0,1.000000,0.000000,0.000000,25000,0,25000,25000,14856,14856,0,10144,10144,0.594240,1.000000
42,1.663861,55.170000,1.593987,0.000000,0.000000,0.000000,0.000000,1.000000,0.000000,1.000000,0.000000,0,1.000000,0.000000,0.000000,25000,0,25000,25000,14284,14284,0,10716,10716,0.571360,1.000000
43,1.566462,56.520000,1.555036,0.000000,0.000000,0.000000,0.000000,1.000000,0.000000,1.000000,0.000000,0,1.000000,0.000000,0.000000,25000,0,25000,25000,15444,15444,0,9556,9556,0.617760,1.000000
44,1.543999,54.000000,1.552615,0.000000,0.000000,0.000000,0.000000,1.000000,0.000000,1.000000,0.000000,0,1.000000,0.000000,0.000000,25000,0,25000,25000,15616,15616,0,9384,9384,0.624640,1.000000
45,1.571189,54.990000,1.571485,0.000000,0.000000,0.000000,0.000000,1.000000,0.000000,1.000000,0.000000,0,1.000000,0.000000,0.000000,25000,0,25000,25000,15064,15064,0,9936,9936,0.602560,1.000000
46,1.542309,55.430000,1.538577,0.000000,0.000000,0.000000,0.000000,1.000000,0.000000,1.000000,0.000000,0,1.000000,0.000000,0.000000,25000,0,25000,25000,15704,15704,0,9296,9296,0.628160,1.000000
47,1.558640,56.550000,1.541634,0.000000,0.000000,0.000000,0.000000,1.000000,0.000000,1.000000,0.000000,0,1.000000,0.000000,0.000000,25000,0,25000,25000,15028,15028,0,9972,9972,0.601120,1.000000
48,1.627360,54.690000,1.566426,0.000000,0.000000,0.000000,0.000000,1.000000,0.000000,1.000000,0.000000,0,1.000000,0.000000,0.000000,25000,0,25000,25000,14424,14424,0,10576,10576,0.576960,1.000000
49,1.587792,56.080000,1.547541,0.000000,0.000000,0.000000,0.000000,1.000000,0.000000,1.000000,0.000000,0,1.000000,0.000000,0.000000,25000,0,25000,25000,14884,14884,0,10116,10116,0.595360,1.000000
50,1.610334,57.700000,1.544589,0.000000,0.000000,0.000000,0.000000,1.000000,0.000000,1.000000,0.000000,0,1.000000,0.000000,0.000000,25000,0,25000,25000,14832,14832,0,10168,10168,0.593280,1.000000
51,1.545612,57.940000,1.526305,0.000000,0.000000,0.000000,0.000000,1.000000,0.000000,1.000000,0.000000,0,1.000000,0.000000,0.000000,25000,0,25000,25000,15488,15488,0,9512,9512,0.619520,1.000000
52,1.497003,55.980000,1.512323,0.000000,0.000000,0.000000,0.000000,1.000000,0.000000,1.000000,0.000000,0,1.000000,0.000000,0.000000,25000,0,25000,25000,15932,15932,0,9068,9068,0.637280,1.000000
53,1.552612,57.370000,1.517727,0.000000,0.000000,0.000000,0.000000,1.000000,0.000000,1.000000,0.000000,0,1.000000,0.000000,0.000000,25000,0,25000,25000,15276,15276,0,9724,9724,0.611040,1.000000
54,1.573238,56.320000,1.539654,0.000000,0.000000,0.000000,0.000000,1.000000,0.000000,1.000000,0.000000,0,1.000000,0.000000,0.000000,25000,0,25000,25000,14984,14984,0,10016,10016,0.599360,1.000000
55,1.540787,56.360000,1.536513,0.000000,0.000000,0.000000,0.000000,1.000000,0.000000,1.000000,0.000000,0,1.000000,0.000000,0.000000,25000,0,25000,25000,15280,15280,0,9720,9720,0.611200,1.000000
56,1.543045,56.050000,1.522070,0.000000,0.000000,0.000000,0.000000,1.000000,0.000000,1.000000,0.000000,0,1.000000,0.000000,0.000000,25000,0,25000,25000,15300,15300,0,9700,9700,0.612000,1.000000
57,1.643799,58.160000,1.538282,0.000000,0.000000,0.000000,0.000000,1.000000,0.000000,1.000000,0.000000,0,1.000000,0.000000,0.000000,25000,0,25000,25000,14012,14012,0,10988,10988,0.560480,1.000000
58,1.541250,57.210000,1.533103,0.000000,0.000000,0.000000,0.000000,1.000000,0.000000,1.000000,0.000000,0,1.000000,0.000000,0.000000,25000,0,25000,25000,15104,15104,0,9896,9896,0.604160,1.000000
59,1.579887,56.840000,1.529619,0.000000,0.000000,0.000000,0.000000,1.000000,0.000000,1.000000,0.000000,0,1.000000,0.000000,0.000000,25000,0,25000,25000,14812,14812,0,10188,10188,0.592480,1.000000
60,1.566720,57.070000,1.526186,0.000000,0.000000,0.000000,0.000000,1.000000,0.000000,1.000000,0.000000,0,1.000000,0.000000,0.000000,25000,0,25000,25000,14828,14828,0,10172,10172,0.593120,1.000000
61,1.527926,57.210000,1.495839,0.000000,0.000000,0.000000,0.000000,1.000000,0.000000,1.000000,0.000000,0,1.000000,0.000000,0.000000,25000,0,25000,25000,15484,15484,0,9516,9516,0.619360,1.000000
62,1.590181,57.530000,1.518105,0.000000,0.000000,0.000000,0.000000,1.000000,0.000000,1.000000,0.000000,0,1.000000,0.000000,0.000000,25000,0,25000,25000,14616,14616,0,10384,10384,0.584640,1.000000
63,1.527746,57.490000,1.511019,0.000000,0.000000,0.000000,0.000000,1.000000,0.000000,1.000000,0.000000,0,1.000000,0.000000,0.000000,25000,0,25000,25000,15184,15184,0,9816,9816,0.607360,1.000000
64,1.511952,59.320000,1.478159,0.000000,0.000000,0.000000,0.000000,1.000000,0.000000,1.000000,0.000000,0,1.000000,0.000000,0.000000,25000,0,25000,25000,15512,15512,0,9488,9488,0.620480,1.000000
65,1.501341,58.940000,1.486942,0.000000,0.000000,0.000000,0.000000,1.000000,0.000000,1.000000,0.000000,0,1.000000,0.000000,0.000000,25000,0,25000,25000,15704,15704,0,9296,9296,0.628160,1.000000
66,1.508695,58.350000,1.485224,0.000000,0.000000,0.000000,0.000000,1.000000,0.000000,1.000000,0.000000,0,1.000000,0.000000,0.000000,25000,0,25000,25000,15308,15308,0,9692,9692,0.612320,1.000000
67,1.549980,58.200000,1.507190,0.000000,0.000000,0.000000,0.000000,1.000000,0.000000,1.000000,0.000000,0,1.000000,0.000000,0.000000,25000,0,25000,25000,15012,15012,0,9988,9988,0.600480,1.000000
68,1.531241,59.300000,1.484247,0.000000,0.000000,0.000000,0.000000,1.000000,0.000000,1.000000,0.000000,0,1.000000,0.000000,0.000000,25000,0,25000,25000,14884,14884,0,10116,10116,0.595360,1.000000
69,1.628644,57.000000,1.532453,0.000000,0.000000,0.000000,0.000000,1.000000,0.000000,1.000000,0.000000,0,1.000000,0.000000,0.000000,25000,0,25000,25000,13760,13760,0,11240,11240,0.550400,1.000000
70,1.505252,56.990000,1.498057,0.000000,0.000000,0.000000,0.000000,1.000000,0.000000,1.000000,0.000000,0,1.000000,0.000000,0.000000,25000,0,25000,25000,15492,15492,0,9508,9508,0.619680,1.000000
71,1.543391,58.760000,1.504356,0.000000,0.000000,0.000000,0.000000,1.000000,0.000000,1.000000,0.000000,0,1.000000,0.000000,0.000000,25000,0,25000,25000,14936,14936,0,10064,10064,0.597440,1.000000
72,1.538880,57.370000,1.504199,0.000000,0.000000,0.000000,0.000000,1.000000,0.000000,1.000000,0.000000,0,1.000000,0.000000,0.000000,25000,0,25000,25000,14856,14856,0,10144,10144,0.594240,1.000000
73,1.502866,59.750000,1.467708,0.000000,0.000000,0.000000,0.000000,1.000000,0.000000,1.000000,0.000000,0,1.000000,0.000000,0.000000,25000,0,25000,25000,15544,15544,0,9456,9456,0.621760,1.000000
74,1.512358,58.400000,1.490589,0.000000,0.000000,0.000000,0.000000,1.000000,0.000000,1.000000,0.000000,0,1.000000,0.000000,0.000000,25000,0,25000,25000,15080,15080,0,9920,9920,0.603200,1.000000
75,1.514984,58.980000,1.490334,0.000000,0.000000,0.000000,0.000000,1.000000,0.000000,1.000000,0.000000,0,1.000000,0.000000,0.000000,25000,0,25000,25000,15172,15172,0,9828,9828,0.606880,1.000000
76,1.640064,58.250000,1.534438,0.000000,0.000000,0.000000,0.000000,1.000000,0.000000,1.000000,0.000000,0,1.000000,0.000000,0.000000,25000,0,25000,25000,13620,13620,0,11380,11380,0.544800,1.000000
77,1.592533,58.000000,1.536766,0.000000,0.000000,0.000000,0.000000,1.000000,0.000000,1.000000,0.000000,0,1.000000,0.000000,0.000000,25000,0,25000,25000,14184,14184,0,10816,10816,0.567360,1.000000
78,1.510190,59.790000,1.484968,0.000000,0.000000,0.000000,0.000000,1.000000,0.000000,1.000000,0.000000,0,1.000000,0.000000,0.000000,25000,0,25000,25000,15212,15212,0,9788,9788,0.608480,1.000000
79,1.469836,59.160000,1.455708,0.000000,0.000000,0.000000,0.000000,1.000000,0.000000,1.000000,0.000000,0,1.000000,0.000000,0.000000,25000,0,25000,25000,15668,15668,0,9332,9332,0.626720,1.000000
80,1.425260,59.820000,1.447050,0.000000,0.000000,0.000000,0.000000,1.000000,0.000000,1.000000,0.000000,0,1.000000,0.000000,0.000000,25000,0,25000,25000,16040,16040,0,8960,8960,0.641600,1.000000
81,1.588403,57.500000,1.505112,0.000000,0.000000,0.000000,0.000000,1.000000,0.000000,1.000000,0.000000,0,1.000000,0.000000,0.000000,25000,0,25000,25000,14068,14068,0,10932,10932,0.562720,1.000000
82,1.477882,57.340000,1.493159,0.000000,0.000000,0.000000,0.000000,1.000000,0.000000,1.000000,0.000000,0,1.000000,0.000000,0.000000,25000,0,25000,25000,15500,15500,0,9500,9500,0.620000,1.000000
83,1.486484,58.620000,1.472594,0.000000,0.000000,0.000000,0.000000,1.000000,0.000000,1.000000,0.000000,0,1.000000,0.000000,0.000000,25000,0,25000,25000,15248,15248,0,9752,9752,0.609920,1.000000
84,1.519925,58.430000,1.481714,0.000000,0.000000,0.000000,0.000000,1.000000,0.000000,1.000000,0.000000,0,1.000000,0.000000,0.000000,25000,0,25000,25000,14828,14828,0,10172,10172,0.593120,1.000000
85,1.488745,59.030000,1.467942,0.000000,0.000000,0.000000,0.000000,1.000000,0.000000,1.000000,0.000000,0,1.000000,0.000000,0.000000,25000,0,25000,25000,15496,15496,0,9504,9504,0.619840,1.000000
86,1.496141,58.420000,1.480125,0.000000,0.000000,0.000000,0.000000,1.000000,0.000000,1.000000,0.000000,0,1.000000,0.000000,0.000000,25000,0,25000,25000,14836,14836,0,10164,10164,0.593440,1.000000
87,1.534153,57.470000,1.493128,0.000000,0.000000,0.000000,0.000000,1.000000,0.000000,1.000000,0.000000,0,1.000000,0.000000,0.000000,25000,0,25000,25000,14628,14628,0,10372,10372,0.585120,1.000000
88,1.475838,57.150000,1.480382,0.000000,0.000000,0.000000,0.000000,1.000000,0.000000,1.000000,0.000000,0,1.000000,0.000000,0.000000,25000,0,25000,25000,15292,15292,0,9708,9708,0.611680,1.000000
89,1.491437,58.760000,1.473122,0.000000,0.000000,0.000000,0.000000,1.000000,0.000000,1.000000,0.000000,0,1.000000,0.000000,0.000000,25000,0,25000,25000,15152,15152,0,9848,9848,0.606080,1.000000
90,1.473047,57.480000,1.488664,0.000000,0.000000,0.000000,0.000000,1.000000,0.000000,1.000000,0.000000,0,1.000000,0.000000,0.000000,25000,0,25000,25000,15092,15092,0,9908,9908,0.603680,1.000000
91,1.410030,58.820000,1.448765,0.000000,0.000000,0.000000,0.000000,1.000000,0.000000,1.000000,0.000000,0,1.000000,0.000000,0.000000,25000,0,25000,25000,16084,16084,0,8916,8916,0.643360,1.000000
92,1.506314,58.470000,1.468409,0.000000,0.000000,0.000000,0.000000,1.000000,0.000000,1.000000,0.000000,0,1.000000,0.000000,0.000000,25000,0,25000,25000,14908,14908,0,10092,10092,0.596320,1.000000
93,1.489805,58.530000,1.477350,0.000000,0.000000,0.000000,0.000000,1.000000,0.000000,1.000000,0.000000,0,1.000000,0.000000,0.000000,25000,0,25000,25000,15164,15164,0,9836,9836,0.606560,1.000000
94,1.484362,58.600000,1.472733,0.000000,0.000000,0.000000,0.000000,1.000000,0.000000,1.000000,0.000000,0,1.000000,0.000000,0.000000,25000,0,25000,25000,15220,15220,0,9780,9780,0.608800,1.000000
95,1.456130,56.860000,1.482294,0.000000,0.000000,0.000000,0.000000,1.000000,0.000000,1.000000,0.000000,0,1.000000,0.000000,0.000000,25000,0,25000,25000,15324,15324,0,9676,9676,0.612960,1.000000
96,1.525685,57.000000,1.494379,0.000000,0.000000,0.000000,0.000000,1.000000,0.000000,1.000000,0.000000,0,1.000000,0.000000,0.000000,25000,0,25000,25000,14756,14756,0,10244,10244,0.590240,1.000000
97,1.431901,57.470000,1.472516,0.000000,0.000000,0.000000,0.000000,1.000000,0.000000,1.000000,0.000000,0,1.000000,0.000000,0.000000,25000,0,25000,25000,15592,15592,0,9408,9408,0.623680,1.000000
98,1.524094,59.050000,1.490930,0.000000,0.000000,0.000000,0.000000,1.000000,0.000000,1.000000,0.000000,0,1.000000,0.000000,0.000000,25000,0,25000,25000,14288,14288,0,10712,10712,0.571520,1.000000
99,1.543739,57.550000,1.509631,0.000000,0.000000,0.000000,0.000000,1.000000,0.000000,1.000000,0.000000,0,1.000000,0.000000,0.000000,25000,0,25000,25000,14176,14176,0,10824,10824,0.567040,1.000000
100,0.673272,62.290000,1.239584,0.000000,0.000000,0.000000,0.000000,0.586480,0.037560,0.586480,0.493720,1,0.600000,0.200000,0.200000,14662,939,14662,25000,13321,15004,1683,1341,3024,0.908539,0.887830
101,0.661291,61.410000,1.170655,0.000000,0.000000,0.000000,0.000000,0.588360,0.000000,0.588360,0.529280,0,0.600000,0.200000,0.200000,14709,0,14709,25000,13118,14708,1590,1591,3181,0.891835,0.891896
102,0.571953,61.870000,1.120294,0.000000,0.000000,0.000000,0.000000,0.614680,0.000000,0.614680,0.551640,0,0.600000,0.200000,0.200000,15367,0,15367,25000,13920,15492,1572,1447,3019,0.905837,0.898528
103,0.580785,63.250000,1.084173,0.000000,0.000000,0.000000,0.000000,0.614840,0.000000,0.614840,0.570160,0,0.600000,0.200000,0.200000,15371,0,15371,25000,13998,15736,1738,1373,3111,0.910676,0.889553
104,0.494457,62.520000,1.081067,0.000000,0.000000,0.000000,0.000000,0.626360,0.000000,0.626360,0.588240,0,0.600000,0.200000,0.200000,15659,0,15659,25000,14500,16408,1908,1159,3067,0.925985,0.883715
105,0.563984,62.680000,1.081737,0.000000,0.000000,0.000000,0.000000,0.595920,0.017240,0.595920,0.574240,1,0.600000,0.200000,0.200000,14898,431,14898,25000,13540,15156,1616,1358,2974,0.908847,0.893376
106,0.529190,63.120000,1.069577,0.000000,0.000000,0.000000,0.000000,0.623160,0.000000,0.623160,0.584560,0,0.600000,0.200000,0.200000,15579,0,15579,25000,14283,15828,1545,1296,2841,0.916811,0.902388
107,0.531900,63.580000,1.064530,0.000000,0.000000,0.000000,0.000000,0.610920,0.000000,0.610920,0.564520,0,0.600000,0.200000,0.200000,15273,0,15273,25000,13929,15608,1679,1344,3023,0.912002,0.892427
108,0.608925,62.960000,1.069680,0.000000,0.000000,0.000000,0.000000,0.615600,0.000000,0.615600,0.572200,0,0.600000,0.200000,0.200000,15390,0,15390,25000,13551,15180,1629,1839,3468,0.880507,0.892688
109,0.612554,64.160000,1.037718,0.000000,0.000000,0.000000,0.000000,0.602600,0.000000,0.602600,0.577760,0,0.600000,0.200000,0.200000,15065,0,15065,25000,13380,14884,1504,1685,3189,0.888151,0.898952
110,0.602770,62.340000,1.065811,0.000000,0.000000,0.000000,0.000000,0.608960,0.015160,0.608960,0.592760,1,0.600000,0.200000,0.200000,15224,379,15224,25000,13516,14976,1460,1708,3168,0.887809,0.902511
111,0.517319,63.640000,1.038086,0.000000,0.000000,0.000000,0.000000,0.632400,0.000000,0.632400,0.591800,0,0.600000,0.200000,0.200000,15810,0,15810,25000,14549,16168,1619,1261,2880,0.920240,0.899864
112,0.619349,62.380000,1.061355,0.000000,0.000000,0.000000,0.000000,0.616440,0.000000,0.616440,0.591240,0,0.600000,0.200000,0.200000,15411,0,15411,25000,13433,14856,1423,1978,3401,0.871650,0.904214
113,0.523004,63.520000,1.039307,0.000000,0.000000,0.000000,0.000000,0.621080,0.000000,0.621080,0.606920,0,0.600000,0.200000,0.200000,15527,0,15527,25000,14085,15652,1567,1442,3009,0.907130,0.899885
114,0.547427,65.600000,1.005648,0.000000,0.000000,0.000000,0.000000,0.607520,0.000000,0.607520,0.586640,0,0.600000,0.200000,0.200000,15188,0,15188,25000,13626,15040,1414,1562,2976,0.897156,0.905984
115,0.597637,63.920000,1.023981,0.000000,0.000000,0.000000,0.000000,0.615440,0.014200,0.615440,0.599920,1,0.600000,0.200000,0.200000,15386,355,15386,25000,13584,14916,1332,1802,3134,0.882881,0.910700
116,0.592473,64.060000,1.033513,0.000000,0.000000,0.000000,0.000000,0.613680,0.000000,0.613680,0.602400,0,0.600000,0.200000,0.200000,15342,0,15342,25000,13410,14752,1342,1932,3274,0.874071,0.909029
117,0.554819,64.620000,1.037133,0.000000,0.000000,0.000000,0.000000,0.611280,0.000000,0.611280,0.609520,0,0.600000,0.200000,0.200000,15282,0,15282,25000,13620,14932,1312,1662,2974,0.891245,0.912135
118,0.610305,63.920000,1.022031,0.000000,0.000000,0.000000,0.000000,0.626160,0.000000,0.626160,0.599400,0,0.600000,0.200000,0.200000,15654,0,15654,25000,13584,14916,1332,2070,3402,0.867765,0.910700
119,0.505607,63.920000,1.028567,0.000000,0.000000,0.000000,0.000000,0.642120,0.000000,0.642120,0.616880,0,0.600000,0.200000,0.200000,16053,0,16053,25000,14813,16360,1547,1240,2787,0.922756,0.905440
120,0.530492,64.510000,1.017923,0.000000,0.000000,0.000000,0.000000,0.615280,0.014960,0.615280,0.615360,1,0.600000,0.200000,0.200000,15382,374,15382,25000,13782,15280,1498,1600,3098,0.895982,0.901963
121,0.581363,64.960000,1.003449,0.000000,0.000000,0.000000,0.000000,0.620520,0.000000,0.620520,0.606600,0,0.600000,0.200000,0.200000,15513,0,15513,25000,13849,15192,1343,1664,3007,0.892735,0.911598
122,0.516921,63.750000,1.031375,0.000000,0.000000,0.000000,0.000000,0.628480,0.000000,0.628480,0.608920,0,0.600000,0.200000,0.200000,15712,0,15712,25000,14210,15680,1470,1502,2972,0.904404,0.906250
123,0.539967,63.810000,1.020801,0.000000,0.000000,0.000000,0.000000,0.628360,0.000000,0.628360,0.622000,0,0.600000,0.200000,0.200000,15709,0,15709,25000,14044,15592,1548,1665,3213,0.894010,0.900718
124,0.528896,65.680000,1.003446,0.000000,0.000000,0.000000,0.000000,0.621080,0.000000,0.621080,0.615000,0,0.600000,0.200000,0.200000,15527,0,15527,25000,14061,15504,1443,1466,2909,0.905584,0.906927
125,0.584719,64.030000,1.033335,0.000000,0.000000,0.000000,0.000000,0.624760,0.012640,0.624760,0.616080,1,0.600000,0.200000,0.200000,15619,316,15619,25000,13992,15280,1288,1627,2915,0.895832,0.915707
126,0.506427,64.110000,1.020592,0.000000,0.000000,0.000000,0.000000,0.632520,0.000000,0.632520,0.600280,0,0.600000,0.200000,0.200000,15813,0,15813,25000,14311,15816,1505,1502,3007,0.905015,0.904843
127,0.584840,64.140000,1.015039,0.000000,0.000000,0.000000,0.000000,0.612800,0.000000,0.612800,0.609880,0,0.600000,0.200000,0.200000,15320,0,15320,25000,13467,14828,1361,1853,3214,0.879047,0.908214
128,0.592811,64.670000,1.007122,0.000000,0.000000,0.000000,0.000000,0.631080,0.000000,0.631080,0.616560,0,0.600000,0.200000,0.200000,15777,0,15777,25000,13953,15308,1355,1824,3179,0.884389,0.911484
129,0.635685,65.240000,1.007570,0.000000,0.000000,0.000000,0.000000,0.591160,0.000000,0.591160,0.613560,0,0.600000,0.200000,0.200000,14779,0,14779,25000,12495,13564,1069,2284,3353,0.845456,0.921188
130,0.658452,66.090000,0.987067,0.000000,0.000000,0.000000,0.000000,0.632720,0.013880,0.632720,0.618520,1,0.600000,0.200000,0.200000,15818,347,15818,25000,13540,14740,1200,2278,3478,0.855987,0.918589
131,0.545572,64.690000,1.012076,0.000000,0.000000,0.000000,0.000000,0.646640,0.000000,0.646640,0.619360,0,0.600000,0.200000,0.200000,16166,0,16166,25000,14341,15588,1247,1825,3072,0.887109,0.920003
132,0.594988,64.820000,1.012006,0.000000,0.000000,0.000000,0.000000,0.633960,0.000000,0.633960,0.615640,0,0.600000,0.200000,0.200000,15849,0,15849,25000,13889,15212,1323,1960,3283,0.876333,0.913029
133,0.626666,65.360000,0.995286,0.000000,0.000000,0.000000,0.000000,0.611000,0.000000,0.611000,0.618080,0,0.600000,0.200000,0.200000,15275,0,15275,25000,13070,14212,1142,2205,3347,0.855646,0.919645
134,0.597497,65.510000,0.991762,0.000000,0.000000,0.000000,0.000000,0.636320,0.000000,0.636320,0.611040,0,0.600000,0.200000,0.200000,15908,0,15908,25000,13964,15164,1200,1944,3144,0.877797,0.920865
135,0.608225,64.690000,1.026819,0.000000,0.000000,0.000000,0.000000,0.632040,0.014680,0.632040,0.621040,1,0.600000,0.200000,0.200000,15801,367,15801,25000,13670,15028,1358,2131,3489,0.865135,0.909635
136,0.580575,64.610000,1.024827,0.000000,0.000000,0.000000,0.000000,0.625560,0.000000,0.625560,0.641440,0,0.600000,0.200000,0.200000,15639,0,15639,25000,13715,14964,1249,1924,3173,0.876974,0.916533
137,0.601249,64.980000,0.996769,0.000000,0.000000,0.000000,0.000000,0.610520,0.000000,0.610520,0.605160,0,0.600000,0.200000,0.200000,15263,0,15263,25000,13151,14256,1105,2112,3217,0.861626,0.922489
138,0.575596,65.240000,0.994294,0.000000,0.000000,0.000000,0.000000,0.646280,0.000000,0.646280,0.623120,0,0.600000,0.200000,0.200000,16157,0,16157,25000,14183,15292,1109,1974,3083,0.877824,0.927478
139,0.527936,65.520000,0.983741,0.000000,0.000000,0.000000,0.000000,0.635080,0.000000,0.635080,0.617320,0,0.600000,0.200000,0.200000,15877,0,15877,25000,14149,15440,1291,1728,3019,0.891163,0.916386
140,0.610851,65.750000,0.987437,0.000000,0.000000,0.000000,0.000000,0.641920,0.012920,0.641920,0.626520,1,0.600000,0.200000,0.200000,16048,323,16048,25000,14042,15244,1202,2006,3208,0.875000,0.921149
141,0.542766,64.790000,0.997761,0.000000,0.000000,0.000000,0.000000,0.629480,0.000000,0.629480,0.617640,0,0.600000,0.200000,0.200000,15737,0,15737,25000,13763,15032,1269,1974,3243,0.874563,0.915580
142,0.649025,64.750000,1.003639,0.000000,0.000000,0.000000,0.000000,0.626240,0.000000,0.626240,0.619200,0,0.600000,0.200000,0.200000,15656,0,15656,25000,13426,14592,1166,2230,3396,0.857563,0.920093
143,0.539528,64.810000,0.999495,0.000000,0.000000,0.000000,0.000000,0.640640,0.000000,0.640640,0.637600,0,0.600000,0.200000,0.200000,16016,0,16016,25000,14160,15404,1244,1856,3100,0.884116,0.919242
144,0.506562,64.090000,1.009563,0.000000,0.000000,0.000000,0.000000,0.637680,0.000000,0.637680,0.619320,0,0.600000,0.200000,0.200000,15942,0,15942,25000,14256,15648,1392,1686,3078,0.894242,0.911043
145,0.584489,64.520000,1.008098,0.000000,0.000000,0.000000,0.000000,0.626960,0.011840,0.626960,0.626240,1,0.600000,0.200000,0.200000,15674,296,15674,25000,13621,14676,1055,2053,3108,0.869019,0.928114
146,0.666293,66.180000,0.964912,0.000000,0.000000,0.000000,0.000000,0.613440,0.000000,0.613440,0.619480,0,0.600000,0.200000,0.200000,15336,0,15336,25000,13164,14236,1072,2172,3244,0.858372,0.924698
147,0.502067,65.330000,0.997203,0.000000,0.000000,0.000000,0.000000,0.632160,0.000000,0.632160,0.637160,0,0.600000,0.200000,0.200000,15804,0,15804,25000,14068,15164,1096,1736,2832,0.890154,0.927724
148,0.523929,66.400000,0.969223,0.000000,0.000000,0.000000,0.000000,0.621920,0.000000,0.621920,0.625320,0,0.600000,0.200000,0.200000,15548,0,15548,25000,13761,14892,1131,1787,2918,0.885066,0.924053
149,0.563031,65.830000,0.985426,0.000000,0.000000,0.000000,0.000000,0.636400,0.000000,0.636400,0.628560,0,0.600000,0.200000,0.200000,15910,0,15910,25000,13913,15188,1275,1997,3272,0.874481,0.916052
150,0.570891,66.150000,0.968636,0.000000,0.000000,0.000000,0.000000,0.632880,0.012680,0.632880,0.633760,1,0.600000,0.200000,0.200000,15822,317,15822,25000,13763,14968,1205,2059,3264,0.869865,0.919495
151,0.555738,64.460000,0.999014,0.000000,0.000000,0.000000,0.000000,0.656920,0.000000,0.656920,0.629440,0,0.600000,0.200000,0.200000,16423,0,16423,25000,14624,15856,1232,1799,3031,0.890459,0.922301
152,0.608334,65.560000,0.986850,0.000000,0.000000,0.000000,0.000000,0.631600,0.000000,0.631600,0.635200,0,0.600000,0.200000,0.200000,15790,0,15790,25000,13573,14676,1103,2217,3320,0.859595,0.924843
153,0.537179,65.960000,0.984167,0.000000,0.000000,0.000000,0.000000,0.653920,0.000000,0.653920,0.630480,0,0.600000,0.200000,0.200000,16348,0,16348,25000,14598,16008,1410,1750,3160,0.892953,0.911919
154,0.564136,66.380000,0.973824,0.000000,0.000000,0.000000,0.000000,0.630960,0.000000,0.630960,0.643120,0,0.600000,0.200000,0.200000,15774,0,15774,25000,13986,15228,1242,1788,3030,0.886649,0.918440
155,0.471673,66.520000,0.964719,0.000000,0.000000,0.000000,0.000000,0.612840,0.012200,0.612840,0.646320,1,0.600000,0.200000,0.200000,15321,305,15321,25000,13861,15188,1327,1460,2787,0.904706,0.912628
156,0.573168,65.100000,0.994976,0.000000,0.000000,0.000000,0.000000,0.634960,0.000000,0.634960,0.630560,0,0.600000,0.200000,0.200000,15874,0,15874,25000,13663,14668,1005,2211,3216,0.860716,0.931484
157,0.538762,66.450000,0.961195,0.000000,0.000000,0.000000,0.000000,0.636920,0.000000,0.636920,0.647840,0,0.600000,0.200000,0.200000,15923,0,15923,25000,14104,15292,1188,1819,3007,0.885763,0.922312
158,0.572067,66.490000,0.965461,0.000000,0.000000,0.000000,0.000000,0.633360,0.000000,0.633360,0.631920,0,0.600000,0.200000,0.200000,15834,0,15834,25000,13718,14864,1146,2116,3262,0.866364,0.922901
159,0.498070,67.780000,0.949170,0.000000,0.000000,0.000000,0.000000,0.637080,0.000000,0.637080,0.646800,0,0.600000,0.200000,0.200000,15927,0,15927,25000,14289,15580,1291,1638,2929,0.897156,0.917137
160,0.649537,65.910000,0.974995,0.000000,0.000000,0.000000,0.000000,0.606200,0.013000,0.606200,0.642520,1,0.600000,0.200000,0.200000,15155,325,15155,25000,12485,13504,1019,2670,3689,0.823821,0.924541
161,0.527271,66.830000,0.955566,0.000000,0.000000,0.000000,0.000000,0.632720,0.000000,0.632720,0.632960,0,0.600000,0.200000,0.200000,15818,0,15818,25000,14079,15268,1189,1739,2928,0.890062,0.922125
162,0.613182,66.970000,0.949780,0.000000,0.000000,0.000000,0.000000,0.615480,0.000000,0.615480,0.647440,0,0.600000,0.200000,0.200000,15387,0,15387,25000,13263,14356,1093,2124,3217,0.861961,0.923865
163,0.495623,66.830000,0.965498,0.000000,0.000000,0.000000,0.000000,0.647480,0.000000,0.647480,0.655040,0,0.600000,0.200000,0.200000,16187,0,16187,25000,14459,15596,1137,1728,2865,0.893248,0.927097
164,0.597312,66.550000,0.971405,0.000000,0.000000,0.000000,0.000000,0.630560,0.000000,0.630560,0.632640,0,0.600000,0.200000,0.200000,15764,0,15764,25000,13315,14432,1117,2449,3566,0.844646,0.922603
165,0.548256,67.240000,0.956016,0.000000,0.000000,0.000000,0.000000,0.641600,0.012000,0.641600,0.654080,1,0.600000,0.200000,0.200000,16040,300,16040,25000,14082,15156,1074,1958,3032,0.877930,0.929137
166,0.586955,66.470000,0.963807,0.000000,0.000000,0.000000,0.000000,0.647600,0.000000,0.647600,0.651160,0,0.600000,0.200000,0.200000,16190,0,16190,25000,13894,15108,1214,2296,3510,0.858184,0.919645
167,0.440966,65.620000,0.983668,0.000000,0.000000,0.000000,0.000000,0.661640,0.000000,0.661640,0.660800,0,0.600000,0.200000,0.200000,16541,0,16541,25000,15129,16512,1383,1412,2795,0.914636,0.916243
168,0.551179,67.680000,0.946496,0.000000,0.000000,0.000000,0.000000,0.621800,0.000000,0.621800,0.638640,0,0.600000,0.200000,0.200000,15545,0,15545,25000,13361,14416,1055,2184,3239,0.859505,0.926817
169,0.515579,67.080000,0.959287,0.000000,0.000000,0.000000,0.000000,0.652520,0.000000,0.652520,0.641880,0,0.600000,0.200000,0.200000,16313,0,16313,25000,14420,15544,1124,1893,3017,0.883958,0.927689
170,0.503603,66.420000,0.959829,0.000000,0.000000,0.000000,0.000000,0.632440,0.013920,0.632440,0.643760,1,0.600000,0.200000,0.200000,15811,348,15811,25000,14095,15492,1397,1716,3113,0.891468,0.909824
171,0.552075,67.240000,0.946641,0.000000,0.000000,0.000000,0.000000,0.626720,0.000000,0.626720,0.655840,0,0.600000,0.200000,0.200000,15668,0,15668,25000,13609,14784,1175,2059,3234,0.868586,0.920522
172,0.563016,66.670000,0.959446,0.000000,0.000000,0.000000,0.000000,0.636720,0.000000,0.636720,0.639920,0,0.600000,0.200000,0.200000,15918,0,15918,25000,13827,14964,1137,2091,3228,0.868639,0.924018
173,0.491490,66.370000,0.970490,0.000000,0.000000,0.000000,0.000000,0.663160,0.000000,0.663160,0.648960,0,0.600000,0.200000,0.200000,16579,0,16579,25000,14950,16224,1274,1629,2903,0.901743,0.921474
174,0.548247,65.400000,1.003143,0.000000,0.000000,0.000000,0.000000,0.649200,0.000000,0.649200,0.653440,0,0.600000,0.200000,0.200000,16230,0,16230,25000,14420,15616,1196,1810,3006,0.888478,0.923412
175,0.538726,66.560000,0.976479,0.000000,0.000000,0.000000,0.000000,0.633240,0.011960,0.633240,0.646080,1,0.600000,0.200000,0.200000,15831,299,15831,25000,13670,14884,1214,2161,3375,0.863496,0.918436
176,0.423625,67.550000,0.953266,0.000000,0.000000,0.000000,0.000000,0.655720,0.000000,0.655720,0.667520,0,0.600000,0.200000,0.200000,16393,0,16393,25000,15098,16428,1330,1295,2625,0.921003,0.919041
177,0.583429,68.310000,0.927152,0.000000,0.000000,0.000000,0.000000,0.637520,0.000000,0.637520,0.643960,0,0.600000,0.200000,0.200000,15938,0,15938,25000,13812,15056,1244,2126,3370,0.866608,0.917375
178,0.572335,68.170000,0.931875,0.000000,0.000000,0.000000,0.000000,0.635640,0.000000,0.635640,0.652040,0,0.600000,0.200000,0.200000,15891,0,15891,25000,13761,14944,1183,2130,3313,0.865962,0.920838
179,0.614891,67.210000,0.952227,0.000000,0.000000,0.000000,0.000000,0.638680,0.000000,0.638680,0.641520,0,0.600000,0.200000,0.200000,15967,0,15967,25000,13795,14912,1117,2172,3289,0.863969,0.925094
180,0.617135,67.330000,0.946980,0.000000,0.000000,0.000000,0.000000,0.629480,0.013280,0.629480,0.634640,1,0.600000,0.200000,0.200000,15737,332,15737,25000,13576,14768,1192,2161,3353,0.862680,0.919285
181,0.563608,67.680000,0.936983,0.000000,0.000000,0.000000,0.000000,0.636400,0.000000,0.636400,0.642560,0,0.600000,0.200000,0.200000,15910,0,15910,25000,13726,14864,1138,2184,3322,0.862728,0.923439
182,0.474799,67.280000,0.944022,0.000000,0.000000,0.000000,0.000000,0.640560,0.000000,0.640560,0.661360,0,0.600000,0.200000,0.200000,16014,0,16014,25000,14343,15432,1089,1671,2760,0.895654,0.929432
183,0.512658,67.330000,0.940910,0.000000,0.000000,0.000000,0.000000,0.656280,0.000000,0.656280,0.641320,0,0.600000,0.200000,0.200000,16407,0,16407,25000,14584,15840,1256,1823,3079,0.888889,0.920707
184,0.472005,66.950000,0.944959,0.000000,0.000000,0.000000,0.000000,0.632800,0.000000,0.632800,0.651840,0,0.600000,0.200000,0.200000,15820,0,15820,25000,14160,15384,1224,1660,2884,0.895070,0.920437
185,0.559543,66.230000,0.962431,0.000000,0.000000,0.000000,0.000000,0.625760,0.012240,0.625760,0.643400,1,0.600000,0.200000,0.200000,15644,306,15644,25000,13510,14484,974,2134,3108,0.863590,0.932753
186,0.523742,67.470000,0.937604,0.000000,0.000000,0.000000,0.000000,0.627240,0.000000,0.627240,0.650200,0,0.600000,0.200000,0.200000,15681,0,15681,25000,13706,14844,1138,1975,3113,0.874051,0.923336
187,0.576932,67.710000,0.937786,0.000000,0.000000,0.000000,0.000000,0.619320,0.000000,0.619320,0.646920,0,0.600000,0.200000,0.200000,15483,0,15483,25000,13390,14424,1034,2093,3127,0.864819,0.928314
188,0.568594,67.800000,0.935911,0.000000,0.000000,0.000000,0.000000,0.622000,0.000000,0.622000,0.647600,0,0.600000,0.200000,0.200000,15550,0,15550,25000,13361,14424,1063,2189,3252,0.859228,0.926303
189,0.493564,67.410000,0.955500,0.000000,0.000000,0.000000,0.000000,0.623480,0.000000,0.623480,0.651320,0,0.600000,0.200000,0.200000,15587,0,15587,25000,13721,14784,1063,1866,2929,0.880285,0.928098
190,0.477280,65.620000,0.991718,0.000000,0.000000,0.000000,0.000000,0.634840,0.010480,0.634840,0.671240,1,0.600000,0.200000,0.200000,15871,262,15871,25000,14182,15296,1114,1689,2803,0.893579,0.927171
191,0.548884,68.150000,0.929948,0.000000,0.000000,0.000000,0.000000,0.634560,0.000000,0.634560,0.642600,0,0.600000,0.200000,0.200000,15864,0,15864,25000,13794,14964,1170,2070,3240,0.869516,0.921812
192,0.552919,67.970000,0.940143,0.000000,0.000000,0.000000,0.000000,0.615000,0.000000,0.615000,0.662240,0,0.600000,0.200000,0.200000,15375,0,15375,25000,13277,14360,1083,2098,3181,0.863545,0.924582
193,0.482902,67.320000,0.950910,0.000000,0.000000,0.000000,0.000000,0.637800,0.000000,0.637800,0.665560,0,0.600000,0.200000,0.200000,15945,0,15945,25000,14349,15604,1255,1596,2851,0.899906,0.919572
194,0.538146,67.990000,0.930736,0.000000,0.000000,0.000000,0.000000,0.641880,0.000000,0.641880,0.648640,0,0.600000,0.200000,0.200000,16047,0,16047,25000,13832,14944,1112,2215,3327,0.861968,0.925589
195,0.503012,68.250000,0.927466,0.000000,0.000000,0.000000,0.000000,0.656280,0.010480,0.656280,0.659200,1,0.600000,0.200000,0.200000,16407,262,16407,25000,14692,15912,1220,1715,2935,0.895471,0.923328
196,0.567996,68.500000,0.920852,0.000000,0.000000,0.000000,0.000000,0.611000,0.000000,0.611000,0.656160,0,0.600000,0.200000,0.200000,15275,0,15275,25000,13152,14212,1060,2123,3183,0.861015,0.925415
197,0.525111,68.090000,0.930064,0.000000,0.000000,0.000000,0.000000,0.615440,0.000000,0.615440,0.664560,0,0.600000,0.200000,0.200000,15386,0,15386,25000,13187,14156,969,2199,3168,0.857078,0.931548
198,0.520461,67.410000,0.934233,0.000000,0.000000,0.000000,0.000000,0.654400,0.000000,0.654400,0.642120,0,0.600000,0.200000,0.200000,16360,0,16360,25000,14237,15380,1143,2123,3266,0.870232,0.925683
199,0.552954,67.470000,0.928386,0.000000,0.000000,0.000000,0.000000,0.627320,0.000000,0.627320,0.652880,0,0.600000,0.200000,0.200000,15683,0,15683,25000,13398,14440,1042,2285,3327,0.854301,0.927839
200,0.506790,68.220000,0.917526,0.000000,0.000000,0.000000,0.000000,0.639160,0.011840,0.639160,0.652720,1,0.600000,0.200000,0.200000,15979,296,15979,25000,14159,15328,1169,1820,2989,0.886101,0.923734
201,0.524113,67.950000,0.930212,0.000000,0.000000,0.000000,0.000000,0.625680,0.000000,0.625680,0.651520,0,0.600000,0.200000,0.200000,15642,0,15642,25000,13506,14488,982,2136,3118,0.863445,0.932220
202,0.562604,67.570000,0.932336,0.000000,0.000000,0.000000,0.000000,0.628560,0.000000,0.628560,0.651640,0,0.600000,0.200000,0.200000,15714,0,15714,25000,13378,14372,994,2336,3330,0.851343,0.930838
203,0.483550,67.420000,0.925949,0.000000,0.000000,0.000000,0.000000,0.625960,0.000000,0.625960,0.659960,0,0.600000,0.200000,0.200000,15649,0,15649,25000,13915,14964,1049,1734,2783,0.889194,0.929898
204,0.521108,65.780000,0.965221,0.000000,0.000000,0.000000,0.000000,0.634600,0.000000,0.634600,0.656920,0,0.600000,0.200000,0.200000,15865,0,15865,25000,13897,14940,1043,1968,3011,0.875953,0.930187
205,0.512644,67.320000,0.944092,0.000000,0.000000,0.000000,0.000000,0.614080,0.011240,0.614080,0.652800,1,0.600000,0.200000,0.200000,15352,281,15352,25000,13446,14472,1026,1906,2932,0.875847,0.929104
206,0.412523,67.410000,0.946924,0.000000,0.000000,0.000000,0.000000,0.629760,0.000000,0.629760,0.668200,0,0.600000,0.200000,0.200000,15744,0,15744,25000,14262,15312,1050,1482,2532,0.905869,0.931426
207,0.552507,67.890000,0.937716,0.000000,0.000000,0.000000,0.000000,0.620240,0.000000,0.620240,0.662440,0,0.600000,0.200000,0.200000,15506,0,15506,25000,13210,14188,978,2296,3274,0.851928,0.931069
208,0.529690,67.610000,0.933186,0.000000,0.000000,0.000000,0.000000,0.657960,0.000000,0.657960,0.646880,0,0.600000,0.200000,0.200000,16449,0,16449,25000,14478,15716,1238,1971,3209,0.880175,0.921227
209,0.456625,67.630000,0.935783,0.000000,0.000000,0.000000,0.000000,0.658320,0.000000,0.658320,0.669520,0,0.600000,0.200000,0.200000,16458,0,16458,25000,14717,15880,1163,1741,2904,0.894216,0.926763
210,0.456307,67.710000,0.930921,0.000000,0.000000,0.000000,0.000000,0.664960,0.011000,0.664960,0.674880,1,0.600000,0.200000,0.200000,16624,275,16624,25000,14948,16160,1212,1676,2888,0.899182,0.925000
211,0.450207,68.610000,0.919168,0.000000,0.000000,0.000000,0.000000,0.654240,0.000000,0.654240,0.678600,0,0.600000,0.200000,0.200000,16356,0,16356,25000,14924,16188,1264,1432,2696,0.912448,0.921917
212,0.523445,67.570000,0.951370,0.000000,0.000000,0.000000,0.000000,0.636760,0.000000,0.636760,0.664400,0,0.600000,0.200000,0.200000,15919,0,15919,25000,13829,14888,1059,2090,3149,0.868710,0.928869
213,0.511369,68.130000,0.930928,0.000000,0.000000,0.000000,0.000000,0.652800,0.000000,0.652800,0.659080,0,0.600000,0.200000,0.200000,16320,0,16320,25000,14348,15652,1304,1972,3276,0.879167,0.916688
214,0.564165,67.250000,0.947105,0.000000,0.000000,0.000000,0.000000,0.616040,0.000000,0.616040,0.654920,0,0.600000,0.200000,0.200000,15401,0,15401,25000,13112,14116,1004,2289,3293,0.851373,0.928875
215,0.478213,67.770000,0.931291,0.000000,0.000000,0.000000,0.000000,0.632120,0.011680,0.632120,0.659360,1,0.600000,0.200000,0.200000,15803,292,15803,25000,13809,14884,1075,1994,3069,0.873821,0.927775
216,0.479861,66.590000,0.965983,0.000000,0.000000,0.000000,0.000000,0.668800,0.000000,0.668800,0.680200,0,0.600000,0.200000,0.200000,16720,0,16720,25000,14950,16076,1126,1770,2896,0.894139,0.929958
217,0.424519,67.830000,0.928180,0.000000,0.000000,0.000000,0.000000,0.666560,0.000000,0.666560,0.669920,0,0.600000,0.200000,0.200000,16664,0,16664,25000,15447,16796,1349,1217,2566,0.926968,0.919683
218,0.498115,68.370000,0.920944,0.000000,0.000000,0.000000,0.000000,0.659320,0.000000,0.659320,0.669440,0,0.600000,0.200000,0.200000,16483,0,16483,25000,14614,15816,1202,1869,3071,0.886610,0.924001
219,0.504579,66.890000,0.953208,0.000000,0.000000,0.000000,0.000000,0.631560,0.000000,0.631560,0.653760,0,0.600000,0.200000,0.200000,15789,0,15789,25000,13769,14828,1059,2020,3079,0.872063,0.928581
220,0.557505,68.090000,0.921732,0.000000,0.000000,0.000000,0.000000,0.602240,0.011360,0.602240,0.656840,1,0.600000,0.200000,0.200000,15056,284,15056,25000,12933,13924,991,2123,3114,0.858993,0.928828
221,0.496520,65.330000,1.009015,0.000000,0.000000,0.000000,0.000000,0.662960,0.000000,0.662960,0.674920,0,0.600000,0.200000,0.200000,16574,0,16574,25000,14643,15836,1193,1931,3124,0.883492,0.924665
222,0.520730,67.030000,0.952178,0.000000,0.000000,0.000000,0.000000,0.634120,0.000000,0.634120,0.673920,0,0.600000,0.200000,0.200000,15853,0,15853,25000,14073,15228,1155,1780,2935,0.887718,0.924153
223,0.536856,67.640000,0.945766,0.000000,0.000000,0.000000,0.000000,0.624880,0.000000,0.624880,0.676280,0,0.600000,0.200000,0.200000,15622,0,15622,25000,13441,14500,1059,2181,3240,0.860389,0.926966
224,0.489793,68.630000,0.915337,0.000000,0.000000,0.000000,0.000000,0.635080,0.000000,0.635080,0.670680,0,0.600000,0.200000,0.200000,15877,0,15877,25000,14175,15272,1097,1702,2799,0.892801,0.928169
225,0.473679,67.830000,0.944561,0.000000,0.000000,0.000000,0.000000,0.651480,0.011400,0.651480,0.668600,1,0.600000,0.200000,0.200000,16287,285,16287,25000,14451,15760,1309,1836,3145,0.887272,0.916942
226,0.540078,68.160000,0.934541,0.000000,0.000000,0.000000,0.000000,0.634680,0.000000,0.634680,0.671240,0,0.600000,0.200000,0.200000,15867,0,15867,25000,13857,14904,1047,2010,3057,0.873322,0.929750
227,0.563994,67.170000,0.941810,0.000000,0.000000,0.000000,0.000000,0.618040,0.000000,0.618040,0.660000,0,0.600000,0.200000,0.200000,15451,0,15451,25000,13306,14308,1002,2145,3147,0.861174,0.929969
228,0.545816,68.020000,0.933034,0.000000,0.000000,0.000000,0.000000,0.638840,0.000000,0.638840,0.656480,0,0.600000,0.200000,0.200000,15971,0,15971,25000,13873,14888,1015,2098,3113,0.868637,0.931824
229,0.508375,67.270000,0.951459,0.000000,0.000000,0.000000,0.000000,0.628920,0.000000,0.628920,0.667200,0,0.600000,0.200000,0.200000,15723,0,15723,25000,13841,14820,979,1882,2861,0.880303,0.933941
230,0.457293,68.000000,0.924978,0.000000,0.000000,0.000000,0.000000,0.623360,0.010760,0.623360,0.669240,1,0.600000,0.200000,0.200000,15584,269,15584,25000,13901,14924,1023,1683,2706,0.892005,0.931453
231,0.520348,68.900000,0.899288,0.000000,0.000000,0.000000,0.000000,0.642280,0.000000,0.642280,0.654440,0,0.600000,0.200000,0.200000,16057,0,16057,25000,13982,14988,1006,2075,3081,0.870773,0.932880
232,0.556741,68.110000,0.934560,0.000000,0.000000,0.000000,0.000000,0.638440,0.000000,0.638440,0.653320,0,0.600000,0.200000,0.200000,15961,0,15961,25000,13704,14732,1028,2257,3285,0.858593,0.930220
233,0.531411,67.470000,0.941842,0.000000,0.000000,0.000000,0.000000,0.625880,0.000000,0.625880,0.673520,0,0.600000,0.200000,0.200000,15647,0,15647,25000,13563,14588,1025,2084,3109,0.866812,0.929737
234,0.480631,66.740000,0.962490,0.000000,0.000000,0.000000,0.000000,0.633760,0.000000,0.633760,0.682880,0,0.600000,0.200000,0.200000,15844,0,15844,25000,14180,15352,1172,1664,2836,0.894976,0.923658
235,0.486544,68.090000,0.924803,0.000000,0.000000,0.000000,0.000000,0.650080,0.011040,0.650080,0.653320,1,0.600000,0.200000,0.200000,16252,276,16252,25000,14345,15596,1251,1907,3158,0.882661,0.919787
236,0.557850,67.790000,0.930102,0.000000,0.000000,0.000000,0.000000,0.623760,0.000000,0.623760,0.657480,0,0.600000,0.200000,0.200000,15594,0,15594,25000,13349,14344,995,2245,3240,0.856034,0.930633
237,0.426062,69.290000,0.905854,0.000000,0.000000,0.000000,0.000000,0.629080,0.000000,0.629080,0.665840,0,0.600000,0.200000,0.200000,15727,0,15727,25000,14071,15204,1133,1656,2789,0.894703,0.925480
238,0.533083,67.990000,0.919017,0.000000,0.000000,0.000000,0.000000,0.636600,0.000000,0.636600,0.653840,0,0.600000,0.200000,0.200000,15915,0,15915,25000,13723,14684,961,2192,3153,0.862268,0.934555
239,0.527428,67.760000,0.924035,0.000000,0.000000,0.000000,0.000000,0.634160,0.000000,0.634160,0.669560,0,0.600000,0.200000,0.200000,15854,0,15854,25000,13627,14612,985,2227,3212,0.859531,0.932590
240,0.454263,68.360000,0.922040,0.000000,0.000000,0.000000,0.000000,0.658640,0.010240,0.658640,0.681920,1,0.600000,0.200000,0.200000,16466,256,16466,25000,14876,16024,1148,1590,2738,0.903437,0.928357
241,0.477520,68.190000,0.916026,0.000000,0.000000,0.000000,0.000000,0.653680,0.000000,0.653680,0.657640,0,0.600000,0.200000,0.200000,16342,0,16342,25000,14717,15896,1179,1625,2804,0.900563,0.925830
242,0.498872,68.170000,0.912916,0.000000,0.000000,0.000000,0.000000,0.637320,0.000000,0.637320,0.664480,0,0.600000,0.200000,0.200000,15933,0,15933,25000,13875,14920,1045,2058,3103,0.870834,0.929960
243,0.487112,68.600000,0.919437,0.000000,0.000000,0.000000,0.000000,0.616520,0.000000,0.616520,0.684800,0,0.600000,0.200000,0.200000,15413,0,15413,25000,13533,14652,1119,1880,2999,0.878025,0.923628
244,0.561606,67.880000,0.921426,0.000000,0.000000,0.000000,0.000000,0.655920,0.000000,0.655920,0.675680,0,0.600000,0.200000,0.200000,16398,0,16398,25000,14036,15120,1084,2362,3446,0.855958,0.928307
245,0.582646,66.950000,0.952078,0.000000,0.000000,0.000000,0.000000,0.646720,0.009480,0.646720,0.663000,1,0.600000,0.200000,0.200000,16168,237,16168,25000,13606,14488,882,2562,3444,0.841539,0.939122
246,0.552394,68.100000,0.926802,0.000000,0.000000,0.000000,0.000000,0.639640,0.000000,0.639640,0.663960,0,0.600000,0.200000,0.200000,15991,0,15991,25000,13900,14996,1096,2091,3187,0.869239,0.926914
247,0.528705,66.600000,0.971633,0.000000,0.000000,0.000000,0.000000,0.626160,0.000000,0.626160,0.668600,0,0.600000,0.200000,0.200000,15654,0,15654,25000,13444,14352,908,2210,3118,0.858822,0.936734
248,0.434215,68.460000,0.930982,0.000000,0.000000,0.000000,0.000000,0.642080,0.000000,0.642080,0.668240,0,0.600000,0.200000,0.200000,16052,0,16052,25000,14270,15412,1142,1782,2924,0.888986,0.925902
249,0.418050,68.250000,0.928817,0.000000,0.000000,0.000000,0.000000,0.627640,0.000000,0.627640,0.679280,0,0.600000,0.200000,0.200000,15691,0,15691,25000,14099,15156,1057,1592,2649,0.898541,0.930259
250,0.438013,67.490000,0.959371,0.000000,0.000000,0.000000,0.000000,0.645840,0.009800,0.645840,0.690960,1,0.600000,0.200000,0.200000,16146,245,16146,25000,14354,15448,1094,1792,2886,0.889013,0.929182
251,0.480650,68.260000,0.920821,0.000000,0.000000,0.000000,0.000000,0.654920,0.000000,0.654920,0.671760,0,0.600000,0.200000,0.200000,16373,0,16373,25000,14608,15672,1064,1765,2829,0.892201,0.932108
252,0.520841,67.980000,0.929800,0.000000,0.000000,0.000000,0.000000,0.640320,0.000000,0.640320,0.666320,0,0.600000,0.200000,0.200000,16008,0,16008,25000,13993,15040,1047,2015,3062,0.874125,0.930386
253,0.504970,67.610000,0.933455,0.000000,0.000000,0.000000,0.000000,0.626600,0.000000,0.626600,0.680320,0,0.600000,0.200000,0.200000,15665,0,15665,25000,13436,14432,996,2229,3225,0.857708,0.930987
254,0.466357,68.330000,0.927386,0.000000,0.000000,0.000000,0.000000,0.644760,0.000000,0.644760,0.672880,0,0.600000,0.200000,0.200000,16119,0,16119,25000,14288,15352,1064,1831,2895,0.886407,0.930693
255,0.572693,66.990000,0.954671,0.000000,0.000000,0.000000,0.000000,0.600000,0.012040,0.600000,0.667080,1,0.600000,0.200000,0.200000,15000,301,15000,25000,12539,13460,921,2461,3382,0.835933,0.931575
256,0.530996,67.910000,0.919314,0.000000,0.000000,0.000000,0.000000,0.624000,0.000000,0.624000,0.668800,0,0.600000,0.200000,0.200000,15600,0,15600,25000,13526,14572,1046,2074,3120,0.867051,0.928219
257,0.478697,66.860000,0.939435,0.000000,0.000000,0.000000,0.000000,0.656920,0.000000,0.656920,0.664320,0,0.600000,0.200000,0.200000,16423,0,16423,25000,14388,15456,1068,2035,3103,0.876088,0.930901
258,0.485174,66.770000,0.964946,0.000000,0.000000,0.000000,0.000000,0.628360,0.000000,0.628360,0.680960,0,0.600000,0.200000,0.200000,15709,0,15709,25000,13809,14860,1051,1900,2951,0.879050,0.929273
259,0.463173,69.390000,0.897965,0.000000,0.000000,0.000000,0.000000,0.640560,0.000000,0.640560,0.666880,0,0.600000,0.200000,0.200000,16014,0,16014,25000,14234,15320,1086,1780,2866,0.888847,0.929112
260,0.510712,69.410000,0.897240,0.000000,0.000000,0.000000,0.000000,0.638960,0.010920,0.638960,0.685920,1,0.600000,0.200000,0.200000,15974,273,15974,25000,13995,15052,1057,1979,3036,0.876111,0.929777
261,0.419942,69.010000,0.910628,0.000000,0.000000,0.000000,0.000000,0.621160,0.000000,0.621160,0.695120,0,0.600000,0.200000,0.200000,15529,0,15529,25000,13972,15064,1092,1557,2649,0.899736,0.927509
262,0.500685,68.250000,0.919463,0.000000,0.000000,0.000000,0.000000,0.638640,0.000000,0.638640,0.672960,0,0.600000,0.200000,0.200000,15966,0,15966,25000,13954,15036,1082,2012,3094,0.873982,0.928039
263,0.530061,68.710000,0.903479,0.000000,0.000000,0.000000,0.000000,0.649040,0.000000,0.649040,0.671600,0,0.600000,0.200000,0.200000,16226,0,16226,25000,13878,14964,1086,2348,3434,0.855294,0.927426
264,0.466671,68.810000,0.910897,0.000000,0.000000,0.000000,0.000000,0.632600,0.000000,0.632600,0.682400,0,0.600000,0.200000,0.200000,15815,0,15815,25000,13972,14988,1016,1843,2859,0.883465,0.932212
265,0.406047,69.660000,0.891292,0.000000,0.000000,0.000000,0.000000,0.628880,0.009080,0.628880,0.693160,1,0.600000,0.200000,0.200000,15722,227,15722,25000,14332,15372,1040,1390,2430,0.911589,0.932345
266,0.494991,68.030000,0.934151,0.000000,0.000000,0.000000,0.000000,0.635800,0.000000,0.635800,0.689640,0,0.600000,0.200000,0.200000,15895,0,15895,25000,14180,15324,1144,1715,2859,0.892104,0.925346
267,0.515465,67.950000,0.925321,0.000000,0.000000,0.000000,0.000000,0.650920,0.000000,0.650920,0.674080,0,0.600000,0.200000,0.200000,16273,0,16273,25000,14362,15344,982,1911,2893,0.882566,0.936001
268,0.500495,69.120000,0.913946,0.000000,0.000000,0.000000,0.000000,0.643560,0.000000,0.643560,0.673560,0,0.600000,0.200000,0.200000,16089,0,16089,25000,14225,15316,1091,1864,2955,0.884144,0.928767
269,0.490852,68.190000,0.925862,0.000000,0.000000,0.000000,0.000000,0.617360,0.000000,0.617360,0.683760,0,0.600000,0.200000,0.200000,15434,0,15434,25000,13449,14432,983,1985,2968,0.871388,0.931887
270,0.501301,69.330000,0.896388,0.000000,0.000000,0.000000,0.000000,0.652800,0.009920,0.652800,0.673880,1,0.600000,0.200000,0.200000,16320,248,16320,25000,14309,15324,1015,2011,3026,0.876777,0.933764
271,0.511039,69.310000,0.902457,0.000000,0.000000,0.000000,0.000000,0.643880,0.000000,0.643880,0.672840,0,0.600000,0.200000,0.200000,16097,0,16097,25000,13752,14832,1080,2345,3425,0.854321,0.927184
272,0.403908,68.800000,0.924432,0.000000,0.000000,0.000000,0.000000,0.630960,0.000000,0.630960,0.685920,0,0.600000,0.200000,0.200000,15774,0,15774,25000,14360,15460,1100,1414,2514,0.910359,0.928849
273,0.538128,68.060000,0.935328,0.000000,0.000000,0.000000,0.000000,0.636760,0.000000,0.636760,0.680880,0,0.600000,0.200000,0.200000,15919,0,15919,25000,13717,14696,979,2202,3181,0.861675,0.933383
274,0.557261,68.260000,0.919381,0.000000,0.000000,0.000000,0.000000,0.633040,0.000000,0.633040,0.663320,0,0.600000,0.200000,0.200000,15826,0,15826,25000,13339,14312,973,2487,3460,0.842854,0.932015
275,0.445146,68.450000,0.929350,0.000000,0.000000,0.000000,0.000000,0.652280,0.009880,0.652280,0.690800,1,0.600000,0.200000,0.200000,16307,247,16307,25000,14601,15724,1123,1706,2829,0.895382,0.928581
276,0.531563,68.500000,0.921637,0.000000,0.000000,0.000000,0.000000,0.632440,0.000000,0.632440,0.675120,0,0.600000,0.200000,0.200000,15811,0,15811,25000,13492,14520,1028,2319,3347,0.853330,0.929201
277,0.486307,69.440000,0.907076,0.000000,0.000000,0.000000,0.000000,0.648560,0.000000,0.648560,0.671600,0,0.600000,0.200000,0.200000,16214,0,16214,25000,14167,15216,1049,2047,3096,0.873751,0.931059
278,0.492836,67.100000,0.951251,0.000000,0.000000,0.000000,0.000000,0.629200,0.000000,0.629200,0.677520,0,0.600000,0.200000,0.200000,15730,0,15730,25000,13877,14920,1043,1853,2896,0.882200,0.930094
279,0.524576,67.070000,0.941346,0.000000,0.000000,0.000000,0.000000,0.618160,0.000000,0.618160,0.677200,0,0.600000,0.200000,0.200000,15454,0,15454,25000,13334,14416,1082,2120,3202,0.862819,0.924945
280,0.512560,67.850000,0.936179,0.000000,0.000000,0.000000,0.000000,0.620840,0.009440,0.620840,0.674600,1,0.600000,0.200000,0.200000,15521,236,15521,25000,13555,14464,909,1966,2875,0.873333,0.937154
281,0.489750,68.240000,0.935524,0.000000,0.000000,0.000000,0.000000,0.633120,0.000000,0.633120,0.665520,0,0.600000,0.200000,0.200000,15828,0,15828,25000,13862,14852,990,1966,2956,0.875790,0.933342
282,0.506366,68.460000,0.930823,0.000000,0.000000,0.000000,0.000000,0.651720,0.000000,0.651720,0.673400,0,0.600000,0.200000,0.200000,16293,0,16293,25000,14464,15512,1048,1829,2877,0.887743,0.932439
283,0.514504,69.520000,0.895373,0.000000,0.000000,0.000000,0.000000,0.629920,0.000000,0.629920,0.670040,0,0.600000,0.200000,0.200000,15748,0,15748,25000,13678,14652,974,2070,3044,0.868555,0.933524
284,0.453385,68.820000,0.921076,0.000000,0.000000,0.000000,0.000000,0.659880,0.000000,0.659880,0.677680,0,0.600000,0.200000,0.200000,16497,0,16497,25000,14622,15688,1066,1875,2941,0.886343,0.932050
285,0.565130,68.320000,0.913812,0.000000,0.000000,0.000000,0.000000,0.633280,0.012640,0.633280,0.662120,1,0.600000,0.200000,0.200000,15832,316,15832,25000,13337,14456,1119,2495,3614,0.842408,0.922593
286,0.474463,68.880000,0.900295,0.000000,0.000000,0.000000,0.000000,0.635200,0.000000,0.635200,0.678920,0,0.600000,0.200000,0.200000,15880,0,15880,25000,13906,14948,1042,1974,3016,0.875693,0.930292
287,0.477816,68.150000,0.917332,0.000000,0.000000,0.000000,0.000000,0.660160,0.000000,0.660160,0.675560,0,0.600000,0.200000,0.200000,16504,0,16504,25000,14715,15932,1217,1789,3006,0.891602,0.923613
288,0.371758,68.910000,0.906954,0.000000,0.000000,0.000000,0.000000,0.658480,0.000000,0.658480,0.696000,0,0.600000,0.200000,0.200000,16462,0,16462,25000,15238,16332,1094,1224,2318,0.925647,0.933015
289,0.514344,68.780000,0.915939,0.000000,0.000000,0.000000,0.000000,0.636160,0.000000,0.636160,0.691200,0,0.600000,0.200000,0.200000,15904,0,15904,25000,13781,14800,1019,2123,3142,0.866512,0.931149
290,0.409050,68.820000,0.912508,0.000000,0.000000,0.000000,0.000000,0.625480,0.010240,0.625480,0.678160,1,0.600000,0.200000,0.200000,15637,256,15637,25000,14028,15060,1032,1609,2641,0.897103,0.931474
291,0.460102,68.960000,0.902274,0.000000,0.000000,0.000000,0.000000,0.617520,0.000000,0.617520,0.679760,0,0.600000,0.200000,0.200000,15438,0,15438,25000,13500,14496,996,1938,2934,0.874466,0.931291
292,0.483705,69.260000,0.899297,0.000000,0.000000,0.000000,0.000000,0.651280,0.000000,0.651280,0.678800,0,0.600000,0.200000,0.200000,16282,0,16282,25000,14179,15184,1005,2103,3108,0.870839,0.933812
293,0.481366,68.920000,0.895154,0.000000,0.000000,0.000000,0.000000,0.647280,0.000000,0.647280,0.677560,0,0.600000,0.200000,0.200000,16182,0,16182,25000,14333,15332,999,1849,2848,0.885737,0.934842
294,0.477339,68.220000,0.924823,0.000000,0.000000,0.000000,0.000000,0.633080,0.000000,0.633080,0.681240,0,0.600000,0.200000,0.200000,15827,0,15827,25000,13898,14920,1022,1929,2951,0.878120,0.931501
295,0.522717,67.700000,0.934923,0.000000,0.000000,0.000000,0.000000,0.626920,0.011920,0.626920,0.679600,1,0.600000,0.200000,0.200000,15673,298,15673,25000,13410,14412,1002,2263,3265,0.855612,0.930475
296,0.539050,67.420000,0.940775,0.000000,0.000000,0.000000,0.000000,0.615240,0.000000,0.615240,0.674120,0,0.600000,0.200000,0.200000,15381,0,15381,25000,13213,14148,935,2168,3103,0.859047,0.933913
297,0.575467,68.940000,0.909215,0.000000,0.000000,0.000000,0.000000,0.610320,0.000000,0.610320,0.662400,0,0.600000,0.200000,0.200000,15258,0,15258,25000,13021,14020,999,2237,3236,0.853388,0.928745
298,0.404879,68.380000,0.922865,0.000000,0.000000,0.000000,0.000000,0.664640,0.000000,0.664640,0.681000,0,0.600000,0.200000,0.200000,16616,0,16616,25000,15193,16280,1087,1423,2510,0.914360,0.933231
299,0.450082,69.820000,0.889016,0.000000,0.000000,0.000000,0.000000,0.635480,0.000000,0.635480,0.682880,0,0.600000,0.200000,0.200000,15887,0,15887,25000,13953,15016,1063,1934,2997,0.878265,0.929209
300,0.435307,69.540000,0.885247,0.000000,0.000000,0.000000,0.000000,0.623600,0.009360,0.623600,0.666840,1,0.600000,0.200000,0.200000,15590,234,15590,25000,13634,14620,986,1956,2942,0.874535,0.932558
301,0.509763,68.780000,0.917630,0.000000,0.000000,0.000000,0.000000,0.636040,0.000000,0.636040,0.680000,0,0.600000,0.200000,0.200000,15901,0,15901,25000,14085,15116,1031,1816,2847,0.885793,0.931794
302,0.405220,68.360000,0.927688,0.000000,0.000000,0.000000,0.000000,0.645280,0.000000,0.645280,0.685920,0,0.600000,0.200000,0.200000,16132,0,16132,25000,14584,15656,1072,1548,2620,0.904042,0.931528
303,0.524224,68.540000,0.925957,0.000000,0.000000,0.000000,0.000000,0.611680,0.000000,0.611680,0.675280,0,0.600000,0.200000,0.200000,15292,0,15292,25000,12963,13872,909,2329,3238,0.847698,0.934472
304,0.550125,68.600000,0.919272,0.000000,0.000000,0.000000,0.000000,0.613240,0.000000,0.613240,0.664360,0,0.600000,0.200000,0.200000,15331,0,15331,25000,13122,14084,962,2209,3171,0.855913,0.931696
305,0.484988,68.580000,0.923642,0.000000,0.000000,0.000000,0.000000,0.653760,0.010040,0.653760,0.657520,1,0.600000,0.200000,0.200000,16344,251,16344,25000,14271,15284,1013,2073,3086,0.873164,0.933722
306,0.493958,68.480000,0.921226,0.000000,0.000000,0.000000,0.000000,0.647640,0.000000,0.647640,0.690240,0,0.600000,0.200000,0.200000,16191,0,16191,25000,14164,15112,948,2027,2975,0.874807,0.937268
307,0.466597,68.370000,0.918175,0.000000,0.000000,0.000000,0.000000,0.651920,0.000000,0.651920,0.682080,0,0.600000,0.200000,0.200000,16298,0,16298,25000,14547,15584,1037,1751,2788,0.892564,0.933457
308,0.460300,69.080000,0.912760,0.000000,0.000000,0.000000,0.000000,0.639960,0.000000,0.639960,0.681520,0,0.600000,0.200000,0.200000,15999,0,15999,25000,14196,15168,972,1803,2775,0.887305,0.935918
309,0.509386,68.870000,0.899028,0.000000,0.000000,0.000000,0.000000,0.619840,0.000000,0.619840,0.671800,0,0.600000,0.200000,0.200000,15496,0,15496,25000,13087,14028,941,2409,3350,0.844541,0.932920
310,0.456106,69.480000,0.901813,0.000000,0.000000,0.000000,0.000000,0.642640,0.010840,0.642640,0.687760,1,0.600000,0.200000,0.200000,16066,271,16066,25000,14034,15156,1122,2032,3154,0.873522,0.925970
311,0.533454,69.160000,0.907947,0.000000,0.000000,0.000000,0.000000,0.628840,0.000000,0.628840,0.691440,0,0.600000,0.200000,0.200000,15721,0,15721,25000,13466,14424,958,2255,3213,0.856561,0.933583
312,0.397933,69.910000,0.883733,0.000000,0.000000,0.000000,0.000000,0.655520,0.000000,0.655520,0.684840,0,0.600000,0.200000,0.200000,16388,0,16388,25000,14827,16028,1201,1561,2762,0.904747,0.925069
313,0.456712,69.250000,0.901278,0.000000,0.000000,0.000000,0.000000,0.635560,0.000000,0.635560,0.682240,0,0.600000,0.200000,0.200000,15889,0,15889,25000,14111,15136,1025,1778,2803,0.888099,0.932281
314,0.511476,69.150000,0.905418,0.000000,0.000000,0.000000,0.000000,0.620680,0.000000,0.620680,0.691080,0,0.600000,0.200000,0.200000,15517,0,15517,25000,13433,14388,955,2084,3039,0.865696,0.933625
315,0.430573,68.450000,0.928613,0.000000,0.000000,0.000000,0.000000,0.654760,0.009960,0.654760,0.700600,1,0.600000,0.200000,0.200000,16369,249,16369,25000,14789,15872,1083,1580,2663,0.903476,0.931767
316,0.496816,68.320000,0.937132,0.000000,0.000000,0.000000,0.000000,0.630840,0.000000,0.630840,0.687360,0,0.600000,0.200000,0.200000,15771,0,15771,25000,13767,14776,1009,2004,3013,0.872931,0.931714
317,0.438111,68.950000,0.916980,0.000000,0.000000,0.000000,0.000000,0.656200,0.000000,0.656200,0.689680,0,0.600000,0.200000,0.200000,16405,0,16405,25000,14850,15920,1070,1555,2625,0.905212,0.932789
318,0.429040,69.570000,0.895019,0.000000,0.000000,0.000000,0.000000,0.657120,0.000000,0.657120,0.684960,0,0.600000,0.200000,0.200000,16428,0,16428,25000,14691,15768,1077,1737,2814,0.894266,0.931697
319,0.556826,69.130000,0.896635,0.000000,0.000000,0.000000,0.000000,0.645280,0.000000,0.645280,0.669400,0,0.600000,0.200000,0.200000,16132,0,16132,25000,13528,14484,956,2604,3560,0.838582,0.933996
320,0.418944,69.200000,0.900401,0.000000,0.000000,0.000000,0.000000,0.634400,0.008920,0.634400,0.689600,1,0.600000,0.200000,0.200000,15860,223,15860,25000,14309,15384,1075,1551,2626,0.902207,0.930122
321,0.511746,69.430000,0.893996,0.000000,0.000000,0.000000,0.000000,0.644160,0.000000,0.644160,0.675280,0,0.600000,0.200000,0.200000,16104,0,16104,25000,13762,14692,930,2342,3272,0.854570,0.936700
322,0.373257,69.510000,0.894210,0.000000,0.000000,0.000000,0.000000,0.619280,0.000000,0.619280,0.703840,0,0.600000,0.200000,0.200000,15482,0,15482,25000,14070,15052,982,1412,2394,0.908797,0.934760
323,0.434655,69.420000,0.903141,0.000000,0.000000,0.000000,0.000000,0.656560,0.000000,0.656560,0.689600,0,0.600000,0.200000,0.200000,16414,0,16414,25000,14704,15764,1060,1710,2770,0.895821,0.932758
324,0.478845,68.560000,0.916026,0.000000,0.000000,0.000000,0.000000,0.644640,0.000000,0.644640,0.674480,0,0.600000,0.200000,0.200000,16116,0,16116,25000,13933,14960,1027,2183,3210,0.864545,0.931350
325,0.463518,69.550000,0.893779,0.000000,0.000000,0.000000,0.000000,0.633120,0.010000,0.633120,0.689080,1,0.600000,0.200000,0.200000,15828,250,15828,25000,14050,15048,998,1778,2776,0.887667,0.933679
326,0.494434,69.260000,0.894213,0.000000,0.000000,0.000000,0.000000,0.634120,0.000000,0.634120,0.684720,0,0.600000,0.200000,0.200000,15853,0,15853,25000,13707,14712,1005,2146,3151,0.864631,0.931688
327,0.454614,68.710000,0.913210,0.000000,0.000000,0.000000,0.000000,0.662480,0.000000,0.662480,0.684160,0,0.600000,0.200000,0.200000,16562,0,16562,25000,14607,15724,1117,1955,3072,0.881959,0.928962
328,0.531275,69.170000,0.908801,0.000000,0.000000,0.000000,0.000000,0.594880,0.000000,0.594880,0.677200,0,0.600000,0.200000,0.200000,14872,0,14872,25000,12366,13272,906,2506,3412,0.831495,0.931736
329,0.441928,67.200000,0.970057,0.000000,0.000000,0.000000,0.000000,0.642920,0.000000,0.642920,0.690440,0,0.600000,0.200000,0.200000,16073,0,16073,25000,14141,15136,995,1932,2927,0.879798,0.934263
330,0.391309,68.820000,0.914779,0.000000,0.000000,0.000000,0.000000,0.654800,0.012000,0.654800,0.683360,1,0.600000,0.200000,0.200000,16370,300,16370,25000,14730,15952,1222,1640,2862,0.899817,0.923395
331,0.501449,68.200000,0.935603,0.000000,0.000000,0.000000,0.000000,0.643360,0.000000,0.643360,0.683440,0,0.600000,0.200000,0.200000,16084,0,16084,25000,13937,14888,951,2147,3098,0.866513,0.936123
332,0.443495,69.800000,0.891395,0.000000,0.000000,0.000000,0.000000,0.622640,0.000000,0.622640,0.670880,0,0.600000,0.200000,0.200000,15566,0,15566,25000,13461,14456,995,2105,3100,0.864769,0.931170
333,0.470235,67.320000,0.961357,0.000000,0.000000,0.000000,0.000000,0.640280,0.000000,0.640280,0.679600,0,0.600000,0.200000,0.200000,16007,0,16007,25000,14210,15368,1158,1797,2955,0.887737,0.924649
334,0.412385,67.650000,0.939582,0.000000,0.000000,0.000000,0.000000,0.657920,0.000000,0.657920,0.676080,0,0.600000,0.200000,0.200000,16448,0,16448,25000,14968,16016,1048,1480,2528,0.910019,0.934565
335,0.431495,68.880000,0.919125,0.000000,0.000000,0.000000,0.000000,0.644720,0.009840,0.644720,0.696800,1,0.600000,0.200000,0.200000,16118,246,16118,25000,14744,15792,1048,1374,2422,0.914754,0.933637
336,0.464113,68.740000,0.922581,0.000000,0.000000,0.000000,0.000000,0.645520,0.000000,0.645520,0.694720,0,0.600000,0.200000,0.200000,16138,0,16138,25000,14302,15308,1006,1836,2842,0.886231,0.934283
337,0.471384,70.190000,0.882219,0.000000,0.000000,0.000000,0.000000,0.651480,0.000000,0.651480,0.680160,0,0.600000,0.200000,0.200000,16287,0,16287,25000,14270,15288,1018,2017,3035,0.876159,0.933412
338,0.385970,69.810000,0.896481,0.000000,0.000000,0.000000,0.000000,0.629840,0.000000,0.629840,0.693880,0,0.600000,0.200000,0.200000,15746,0,15746,25000,14117,15156,1039,1629,2668,0.896545,0.931446
339,0.438573,69.520000,0.902162,0.000000,0.000000,0.000000,0.000000,0.625840,0.000000,0.625840,0.697960,0,0.600000,0.200000,0.200000,15646,0,15646,25000,13896,14828,932,1750,2682,0.888150,0.937146
340,0.397777,69.940000,0.878144,0.000000,0.000000,0.000000,0.000000,0.626760,0.009160,0.626760,0.695880,1,0.600000,0.200000,0.200000,15669,229,15669,25000,13977,15024,1047,1692,2739,0.892016,0.930312
341,0.459215,68.150000,0.940142,0.000000,0.000000,0.000000,0.000000,0.651760,0.000000,0.651760,0.695160,0,0.600000,0.200000,0.200000,16294,0,16294,25000,14385,15368,983,1909,2892,0.882840,0.936036
342,0.447895,69.500000,0.896062,0.000000,0.000000,0.000000,0.000000,0.636680,0.000000,0.636680,0.678520,0,0.600000,0.200000,0.200000,15917,0,15917,25000,14162,15244,1082,1755,2837,0.889741,0.929021
343,0.464127,69.430000,0.894736,0.000000,0.000000,0.000000,0.000000,0.644440,0.000000,0.644440,0.680360,0,0.600000,0.200000,0.200000,16111,0,16111,25000,14100,15128,1028,2011,3039,0.875178,0.932047
344,0.458107,68.820000,0.912930,0.000000,0.000000,0.000000,0.000000,0.628920,0.000000,0.628920,0.697760,0,0.600000,0.200000,0.200000,15723,0,15723,25000,13955,14968,1013,1768,2781,0.887553,0.932322
345,0.558270,69.700000,0.891568,0.000000,0.000000,0.000000,0.000000,0.630000,0.009880,0.630000,0.670200,1,0.600000,0.200000,0.200000,15750,247,15750,25000,13050,13904,854,2700,3554,0.828571,0.938579
346,0.482952,68.480000,0.928394,0.000000,0.000000,0.000000,0.000000,0.645080,0.000000,0.645080,0.697480,0,0.600000,0.200000,0.200000,16127,0,16127,25000,14173,15156,983,1954,2937,0.878837,0.935141
347,0.476997,69.100000,0.908986,0.000000,0.000000,0.000000,0.000000,0.611160,0.000000,0.611160,0.689000,0,0.600000,0.200000,0.200000,15279,0,15279,25000,13241,14228,987,2038,3025,0.866614,0.930630
348,0.361093,69.240000,0.901171,0.000000,0.000000,0.000000,0.000000,0.633720,0.000000,0.633720,0.694320,0,0.600000,0.200000,0.200000,15843,0,15843,25000,14421,15452,1031,1422,2453,0.910244,0.933277
349,0.379326,69.260000,0.899560,0.000000,0.000000,0.000000,0.000000,0.647640,0.000000,0.647640,0.699920,0,0.600000,0.200000,0.200000,16191,0,16191,25000,14709,15832,1123,1482,2605,0.908468,0.929068
350,0.527956,69.900000,0.882361,0.000000,0.000000,0.000000,0.000000,0.620720,0.009840,0.620720,0.666240,1,0.600000,0.200000,0.200000,15518,246,15518,25000,12980,13952,972,2538,3510,0.836448,0.930333
351,0.575681,69.300000,0.895782,0.000000,0.000000,0.000000,0.000000,0.643920,0.000000,0.643920,0.674120,0,0.600000,0.200000,0.200000,16098,0,16098,25000,13561,14488,927,2537,3464,0.842403,0.936016
352,0.450813,69.710000,0.891686,0.000000,0.000000,0.000000,0.000000,0.646520,0.000000,0.646520,0.676400,0,0.600000,0.200000,0.200000,16163,0,16163,25000,14095,15136,1041,2068,3109,0.872053,0.931224
353,0.471695,69.330000,0.909344,0.000000,0.000000,0.000000,0.000000,0.640280,0.000000,0.640280,0.677640,0,0.600000,0.200000,0.200000,16007,0,16007,25000,14127,15172,1045,1880,2925,0.882551,0.931123
354,0.455654,69.490000,0.888383,0.000000,0.000000,0.000000,0.000000,0.616480,0.000000,0.616480,0.682720,0,0.600000,0.200000,0.200000,15412,0,15412,25000,13359,14364,1005,2053,3058,0.866792,0.930033
355,0.445823,69.180000,0.897417,0.000000,0.000000,0.000000,0.000000,0.627880,0.009560,0.627880,0.688480,1,0.600000,0.200000,0.200000,15697,239,15697,25000,13648,14572,924,2049,2973,0.869466,0.936591
356,0.408715,69.650000,0.896673,0.000000,0.000000,0.000000,0.000000,0.639080,0.000000,0.639080,0.696480,0,0.600000,0.200000,0.200000,15977,0,15977,25000,14167,15128,961,1810,2771,0.886712,0.936475
357,0.439486,69.310000,0.915409,0.000000,0.000000,0.000000,0.000000,0.628640,0.000000,0.628640,0.683200,0,0.600000,0.200000,0.200000,15716,0,15716,25000,13748,14704,956,1968,2924,0.874777,0.934984
358,0.450863,69.630000,0.894884,0.000000,0.000000,0.000000,0.000000,0.642640,0.000000,0.642640,0.696280,0,0.600000,0.200000,0.200000,16066,0,16066,25000,14210,15268,1058,1856,2914,0.884477,0.930705
359,0.483028,68.340000,0.929943,0.000000,0.000000,0.000000,0.000000,0.664760,0.000000,0.664760,0.685960,0,0.600000,0.200000,0.200000,16619,0,16619,25000,14301,15284,983,2318,3301,0.860521,0.935684
360,0.408745,68.960000,0.917381,0.000000,0.000000,0.000000,0.000000,0.651800,0.008640,0.651800,0.701440,1,0.600000,0.200000,0.200000,16295,216,16295,25000,14606,15700,1094,1689,2783,0.896349,0.930318
361,0.389717,68.800000,0.929366,0.000000,0.000000,0.000000,0.000000,0.658920,0.000000,0.658920,0.697440,0,0.600000,0.200000,0.200000,16473,0,16473,25000,14837,15980,1143,1636,2779,0.900686,0.928473
362,0.517246,68.910000,0.916044,0.000000,0.000000,0.000000,0.000000,0.631680,0.000000,0.631680,0.683800,0,0.600000,0.200000,0.200000,15792,0,15792,25000,13250,14128,878,2542,3420,0.839032,0.937854
363,0.506122,70.210000,0.874903,0.000000,0.000000,0.000000,0.000000,0.612640,0.000000,0.612640,0.676640,0,0.600000,0.200000,0.200000,15316,0,15316,25000,13214,14228,1014,2102,3116,0.862758,0.928732
364,0.435267,68.100000,0.932053,0.000000,0.000000,0.000000,0.000000,0.621520,0.000000,0.621520,0.690800,0,0.600000,0.200000,0.200000,15538,0,15538,25000,13559,14464,905,1979,2884,0.872635,0.937431
365,0.417460,69.180000,0.907342,0.000000,0.000000,0.000000,0.000000,0.640920,0.009040,0.640920,0.689520,1,0.600000,0.200000,0.200000,16023,226,16023,25000,14203,15232,1029,1820,2849,0.886413,0.932445
366,0.414461,68.660000,0.915225,0.000000,0.000000,0.000000,0.000000,0.620040,0.000000,0.620040,0.698080,0,0.600000,0.200000,0.200000,15501,0,15501,25000,13788,14776,988,1713,2701,0.889491,0.933135
367,0.399830,69.830000,0.896367,0.000000,0.000000,0.000000,0.000000,0.615280,0.000000,0.615280,0.706200,0,0.600000,0.200000,0.200000,15382,0,15382,25000,13772,14788,1016,1610,2626,0.895332,0.931296
368,0.431573,69.770000,0.900487,0.000000,0.000000,0.000000,0.000000,0.662600,0.000000,0.662600,0.695200,0,0.600000,0.200000,0.200000,16565,0,16565,25000,14499,15520,1021,2066,3087,0.875279,0.934214
369,0.413787,69.310000,0.907323,0.000000,0.000000,0.000000,0.000000,0.645920,0.000000,0.645920,0.712160,0,0.600000,0.200000,0.200000,16148,0,16148,25000,14783,15816,1033,1365,2398,0.915469,0.934686
370,0.446741,70.160000,0.882673,0.000000,0.000000,0.000000,0.000000,0.634920,0.010600,0.634920,0.690440,1,0.600000,0.200000,0.200000,15873,265,15873,25000,14099,15204,1105,1774,2879,0.888238,0.927322
371,0.599469,69.240000,0.905697,0.000000,0.000000,0.000000,0.000000,0.628520,0.000000,0.628520,0.690680,0,0.600000,0.200000,0.200000,15713,0,15713,25000,13291,14172,881,2422,3303,0.845860,0.937835
372,0.474202,69.460000,0.898579,0.000000,0.000000,0.000000,0.000000,0.637720,0.000000,0.637720,0.694080,0,0.600000,0.200000,0.200000,15943,0,15943,25000,14038,14940,902,1905,2807,0.880512,0.939625
373,0.461898,69.770000,0.898807,0.000000,0.000000,0.000000,0.000000,0.620160,0.000000,0.620160,0.684280,0,0.600000,0.200000,0.200000,15504,0,15504,25000,13347,14220,873,2157,3030,0.860875,0.938608
374,0.328357,69.240000,0.916884,0.000000,0.000000,0.000000,0.000000,0.655080,0.000000,0.655080,0.707360,0,0.600000,0.200000,0.200000,16377,0,16377,25000,15267,16420,1153,1110,2263,0.932222,0.929781
375,0.433857,70.050000,0.897957,0.000000,0.000000,0.000000,0.000000,0.641680,0.010440,0.641680,0.700840,1,0.600000,0.200000,0.200000,16042,261,16042,25000,14155,15228,1073,1887,2960,0.882371,0.929538
376,0.446488,69.870000,0.903436,0.000000,0.000000,0.000000,0.000000,0.634400,0.000000,0.634400,0.705080,0,0.600000,0.200000,0.200000,15860,0,15860,25000,13806,14648,842,2054,2896,0.870492,0.942518
377,0.373833,69.870000,0.905521,0.000000,0.000000,0.000000,0.000000,0.656160,0.000000,0.656160,0.711480,0,0.600000,0.200000,0.200000,16404,0,16404,25000,14934,16004,1070,1470,2540,0.910388,0.933142
378,0.485099,69.330000,0.904436,0.000000,0.000000,0.000000,0.000000,0.650680,0.000000,0.650680,0.690680,0,0.600000,0.200000,0.200000,16267,0,16267,25000,13989,14964,975,2278,3253,0.859962,0.934844
379,0.389353,70.110000,0.891555,0.000000,0.000000,0.000000,0.000000,0.631880,0.000000,0.631880,0.709440,0,0.600000,0.200000,0.200000,15797,0,15797,25000,14380,15472,1092,1417,2509,0.910299,0.929421
380,0.412967,70.010000,0.889372,0.000000,0.000000,0.000000,0.000000,0.648720,0.010800,0.648720,0.697240,1,0.600000,0.200000,0.200000,16218,270,16218,25000,14505,15532,1027,1713,2740,0.894377,0.933878
381,0.522803,69.550000,0.901768,0.000000,0.000000,0.000000,0.000000,0.666680,0.000000,0.666680,0.684000,0,0.600000,0.200000,0.200000,16667,0,16667,25000,14327,15360,1033,2340,3373,0.859603,0.932747
382,0.479436,69.710000,0.897264,0.000000,0.000000,0.000000,0.000000,0.625720,0.000000,0.625720,0.680800,0,0.600000,0.200000,0.200000,15643,0,15643,25000,13638,14664,1026,2005,3031,0.871828,0.930033
383,0.393083,70.280000,0.876949,0.000000,0.000000,0.000000,0.000000,0.669720,0.000000,0.669720,0.695560,0,0.600000,0.200000,0.200000,16743,0,16743,25000,15136,16296,1160,1607,2767,0.904020,0.928817
384,0.454276,70.250000,0.891335,0.000000,0.000000,0.000000,0.000000,0.650360,0.000000,0.650360,0.701200,0,0.600000,0.200000,0.200000,16259,0,16259,25000,14365,15364,999,1894,2893,0.883511,0.934978
385,0.476839,69.930000,0.893852,0.000000,0.000000,0.000000,0.000000,0.627200,0.009800,0.627200,0.693240,1,0.600000,0.200000,0.200000,15680,245,15680,25000,13466,14384,918,2214,3132,0.858801,0.936179
386,0.403935,70.040000,0.892070,0.000000,0.000000,0.000000,0.000000,0.649040,0.000000,0.649040,0.696920,0,0.600000,0.200000,0.200000,16226,0,16226,25000,14505,15520,1015,1721,2736,0.893936,0.934601
387,0.472507,70.200000,0.884246,0.000000,0.000000,0.000000,0.000000,0.636840,0.000000,0.636840,0.694840,0,0.600000,0.200000,0.200000,15921,0,15921,25000,13827,14808,981,2094,3075,0.868476,0.933752
388,0.368801,69.570000,0.908563,0.000000,0.000000,0.000000,0.000000,0.659200,0.000000,0.659200,0.720760,0,0.600000,0.200000,0.200000,16480,0,16480,25000,15091,16168,1077,1389,2466,0.915716,0.933387
389,0.445044,69.760000,0.893709,0.000000,0.000000,0.000000,0.000000,0.654520,0.000000,0.654520,0.705120,0,0.600000,0.200000,0.200000,16363,0,16363,25000,14722,15684,962,1641,2603,0.899713,0.938664
390,0.403834,69.590000,0.910976,0.000000,0.000000,0.000000,0.000000,0.667480,0.009200,0.667480,0.710840,1,0.600000,0.200000,0.200000,16687,230,16687,25000,15099,16116,1017,1588,2605,0.904836,0.936895
391,0.481713,68.720000,0.920683,0.000000,0.000000,0.000000,0.000000,0.648160,0.000000,0.648160,0.688480,0,0.600000,0.200000,0.200000,16204,0,16204,25000,14071,14988,917,2133,3050,0.868366,0.938818
392,0.475285,69.080000,0.924388,0.000000,0.000000,0.000000,0.000000,0.626360,0.000000,0.626360,0.699800,0,0.600000,0.200000,0.200000,15659,0,15659,25000,13485,14372,887,2174,3061,0.861166,0.938283
393,0.391683,69.180000,0.916317,0.000000,0.000000,0.000000,0.000000,0.613480,0.000000,0.613480,0.703600,0,0.600000,0.200000,0.200000,15337,0,15337,25000,13698,14680,982,1639,2621,0.893134,0.933106
394,0.419542,69.590000,0.911365,0.000000,0.000000,0.000000,0.000000,0.629160,0.000000,0.629160,0.710400,0,0.600000,0.200000,0.200000,15729,0,15729,25000,14139,15136,997,1590,2587,0.898913,0.934131
395,0.382609,70.130000,0.897585,0.000000,0.000000,0.000000,0.000000,0.634360,0.010160,0.634360,0.707920,1,0.600000,0.200000,0.200000,15859,254,15859,25000,14247,15260,1013,1612,2625,0.898354,0.933617
396,0.424392,70.510000,0.880053,0.000000,0.000000,0.000000,0.000000,0.639440,0.000000,0.639440,0.690680,0,0.600000,0.200000,0.200000,15986,0,15986,25000,13994,14928,934,1992,2926,0.875391,0.937433
397,0.468815,69.950000,0.903177,0.000000,0.000000,0.000000,0.000000,0.621160,0.000000,0.621160,0.695160,0,0.600000,0.200000,0.200000,15529,0,15529,25000,13591,14456,865,1938,2803,0.875201,0.940163
398,0.446342,70.250000,0.883056,0.000000,0.000000,0.000000,0.000000,0.654480,0.000000,0.654480,0.690800,0,0.600000,0.200000,0.200000,16362,0,16362,25000,14370,15332,962,1992,2954,0.878254,0.937255
399,0.438668,69.430000,0.907103,0.000000,0.000000,0.000000,0.000000,0.635960,0.000000,0.635960,0.678760,0,0.600000,0.200000,0.200000,15899,0,15899,25000,13765,14756,991,2134,3125,0.865778,0.932841
400,0.460780,70.250000,0.886806,0.000000,0.000000,0.000000,0.000000,0.622520,0.011440,0.622520,0.692600,1,0.600000,0.200000,0.200000,15563,286,15563,25000,13609,14568,959,1954,2913,0.874446,0.934171
401,0.397166,70.470000,0.877050,0.000000,0.000000,0.000000,0.000000,0.629240,0.000000,0.629240,0.690040,0,0.600000,0.200000,0.200000,15731,0,15731,25000,13758,14704,946,1973,2919,0.874579,0.935664
402,0.424769,69.870000,0.880828,0.000000,0.000000,0.000000,0.000000,0.658360,0.000000,0.658360,0.689440,0,0.600000,0.200000,0.200000,16459,0,16459,25000,14753,15900,1147,1706,2853,0.896349,0.927862
403,0.544836,68.610000,0.922744,0.000000,0.000000,0.000000,0.000000,0.625160,0.000000,0.625160,0.677400,0,0.600000,0.200000,0.200000,15629,0,15629,25000,13250,14060,810,2379,3189,0.847783,0.942390
404,0.428162,70.060000,0.882933,0.000000,0.000000,0.000000,0.000000,0.638240,0.000000,0.638240,0.692720,0,0.600000,0.200000,0.200000,15956,0,15956,25000,14064,15148,1084,1892,2976,0.881424,0.928439
405,0.354139,69.040000,0.904452,0.000000,0.000000,0.000000,0.000000,0.656480,0.009880,0.656480,0.699600,1,0.600000,0.200000,0.200000,16412,247,16412,25000,14973,16072,1099,1439,2538,0.912320,0.931620
406,0.392197,69.970000,0.903612,0.000000,0.000000,0.000000,0.000000,0.619240,0.000000,0.619240,0.696360,0,0.600000,0.200000,0.200000,15481,0,15481,25000,13835,14740,905,1646,2551,0.893676,0.938602
407,0.474826,69.520000,0.908506,0.000000,0.000000,0.000000,0.000000,0.638000,0.000000,0.638000,0.689080,0,0.600000,0.200000,0.200000,15950,0,15950,25000,13698,14756,1058,2252,3310,0.858809,0.928300
408,0.448568,68.910000,0.922978,0.000000,0.000000,0.000000,0.000000,0.620520,0.000000,0.620520,0.694040,0,0.600000,0.200000,0.200000,15513,0,15513,25000,13173,14100,927,2340,3267,0.849159,0.934255
409,0.370954,69.690000,0.908006,0.000000,0.000000,0.000000,0.000000,0.652080,0.000000,0.652080,0.699480,0,0.600000,0.200000,0.200000,16302,0,16302,25000,14788,16008,1220,1514,2734,0.907128,0.923788
410,0.352330,69.650000,0.907177,0.000000,0.000000,0.000000,0.000000,0.633720,0.010040,0.633720,0.702120,1,0.600000,0.200000,0.200000,15843,251,15843,25000,14275,15200,925,1568,2493,0.901029,0.939145
411,0.420499,69.540000,0.910314,0.000000,0.000000,0.000000,0.000000,0.628760,0.000000,0.628760,0.705320,0,0.600000,0.200000,0.200000,15719,0,15719,25000,13859,14844,985,1860,2845,0.881672,0.933643
412,0.465170,69.520000,0.910434,0.000000,0.000000,0.000000,0.000000,0.636640,0.000000,0.636640,0.685600,0,0.600000,0.200000,0.200000,15916,0,15916,25000,13677,14612,935,2239,3174,0.859324,0.936011
413,0.405070,70.230000,0.882682,0.000000,0.000000,0.000000,0.000000,0.638240,0.000000,0.638240,0.696800,0,0.600000,0.200000,0.200000,15956,0,15956,25000,14024,15096,1072,1932,3004,0.878917,0.928988
414,0.539312,70.220000,0.874891,0.000000,0.000000,0.000000,0.000000,0.615320,0.000000,0.615320,0.678640,0,0.600000,0.200000,0.200000,15383,0,15383,25000,12975,13824,849,2408,3257,0.843464,0.938585
415,0.399685,70.100000,0.895983,0.000000,0.000000,0.000000,0.000000,0.638560,0.010960,0.638560,0.693800,1,0.600000,0.200000,0.200000,15964,274,15964,25000,14330,15304,974,1634,2608,0.897645,0.936357
416,0.367043,69.880000,0.897365,0.000000,0.000000,0.000000,0.000000,0.636600,0.000000,0.636600,0.716360,0,0.600000,0.200000,0.200000,15915,0,15915,25000,14449,15404,955,1466,2421,0.907886,0.938003
417,0.417258,69.460000,0.899747,0.000000,0.000000,0.000000,0.000000,0.641280,0.000000,0.641280,0.705000,0,0.600000,0.200000,0.200000,16032,0,16032,25000,14206,15260,1054,1826,2880,0.886103,0.930931
418,0.442973,70.150000,0.882295,0.000000,0.000000,0.000000,0.000000,0.615400,0.000000,0.615400,0.687560,0,0.600000,0.200000,0.200000,15385,0,15385,25000,13313,14180,867,2072,2939,0.865323,0.938858
419,0.456038,70.400000,0.879661,0.000000,0.000000,0.000000,0.000000,0.626960,0.000000,0.626960,0.696320,0,0.600000,0.200000,0.200000,15674,0,15674,25000,13607,14600,993,2067,3060,0.868126,0.931986
420,0.463297,69.810000,0.885845,0.000000,0.000000,0.000000,0.000000,0.644520,0.010680,0.644520,0.688360,1,0.600000,0.200000,0.200000,16113,267,16113,25000,13988,14956,968,2125,3093,0.868119,0.935277
421,0.431461,70.240000,0.885454,0.000000,0.000000,0.000000,0.000000,0.654520,0.000000,0.654520,0.694640,0,0.600000,0.200000,0.200000,16363,0,16363,25000,14621,15648,1027,1742,2769,0.893540,0.934369
422,0.430343,69.730000,0.898606,0.000000,0.000000,0.000000,0.000000,0.663560,0.000000,0.663560,0.703960,0,0.600000,0.200000,0.200000,16589,0,16589,25000,14633,15660,1027,1956,2983,0.882091,0.934419
423,0.353229,69.580000,0.917161,0.000000,0.000000,0.000000,0.000000,0.632080,0.000000,0.632080,0.715880,0,0.600000,0.200000,0.200000,15802,0,15802,25000,14441,15452,1011,1361,2372,0.913872,0.934572
424,0.391699,69.720000,0.901427,0.000000,0.000000,0.000000,0.000000,0.628280,0.000000,0.628280,0.711480,0,0.600000,0.200000,0.200000,15707,0,15707,25000,13795,14712,917,1912,2829,0.878271,0.937670
425,0.478125,69.520000,0.913129,0.000000,0.000000,0.000000,0.000000,0.617120,0.009400,0.617120,0.693560,1,0.600000,0.200000,0.200000,15428,235,15428,25000,13107,13996,889,2321,3210,0.849559,0.936482
426,0.395437,70.000000,0.901430,0.000000,0.000000,0.000000,0.000000,0.668840,0.000000,0.668840,0.699480,0,0.600000,0.200000,0.200000,16721,0,16721,25000,14970,16020,1050,1751,2801,0.895281,0.934457
427,0.425195,68.780000,0.939709,0.000000,0.000000,0.000000,0.000000,0.650200,0.000000,0.650200,0.705080,0,0.600000,0.200000,0.200000,16255,0,16255,25000,14397,15352,955,1858,2813,0.885697,0.937793
428,0.434515,70.820000,0.882377,0.000000,0.000000,0.000000,0.000000,0.642680,0.000000,0.642680,0.704680,0,0.600000,0.200000,0.200000,16067,0,16067,25000,14363,15320,957,1704,2661,0.893944,0.937533
429,0.446618,70.900000,0.885155,0.000000,0.000000,0.000000,0.000000,0.631920,0.000000,0.631920,0.702920,0,0.600000,0.200000,0.200000,15798,0,15798,25000,13742,14700,958,2056,3014,0.869857,0.934830
430,0.401629,70.440000,0.884591,0.000000,0.000000,0.000000,0.000000,0.636360,0.010000,0.636360,0.699160,1,0.600000,0.200000,0.200000,15909,250,15909,25000,14218,15196,978,1691,2669,0.893708,0.935641
431,0.394067,70.020000,0.897021,0.000000,0.000000,0.000000,0.000000,0.653880,0.000000,0.653880,0.699760,0,0.600000,0.200000,0.200000,16347,0,16347,25000,14744,15840,1096,1603,2699,0.901939,0.930808
432,0.463417,70.250000,0.893446,0.000000,0.000000,0.000000,0.000000,0.627920,0.000000,0.627920,0.705080,0,0.600000,0.200000,0.200000,15698,0,15698,25000,13718,14620,902,1980,2882,0.873869,0.938304
433,0.418630,70.240000,0.891951,0.000000,0.000000,0.000000,0.000000,0.631600,0.000000,0.631600,0.699800,0,0.600000,0.200000,0.200000,15790,0,15790,25000,13966,14996,1030,1824,2854,0.884484,0.931315
434,0.422897,69.330000,0.902615,0.000000,0.000000,0.000000,0.000000,0.622680,0.000000,0.622680,0.695960,0,0.600000,0.200000,0.200000,15567,0,15567,25000,13827,14740,913,1740,2653,0.888225,0.938060
435,0.504780,70.770000,0.880280,0.000000,0.000000,0.000000,0.000000,0.652240,0.010200,0.652240,0.680400,1,0.600000,0.200000,0.200000,16306,255,16306,25000,14287,15312,1025,2019,3044,0.876181,0.933059
436,0.424499,69.840000,0.902526,0.000000,0.000000,0.000000,0.000000,0.641640,0.000000,0.641640,0.703200,0,0.600000,0.200000,0.200000,16041,0,16041,25000,14035,14980,945,2006,2951,0.874945,0.936916
437,0.403268,70.550000,0.876909,0.000000,0.000000,0.000000,0.000000,0.619800,0.000000,0.619800,0.697160,0,0.600000,0.200000,0.200000,15495,0,15495,25000,13765,14744,979,1730,2709,0.888351,0.933600
438,0.407546,70.630000,0.888768,0.000000,0.000000,0.000000,0.000000,0.628480,0.000000,0.628480,0.701760,0,0.600000,0.200000,0.200000,15712,0,15712,25000,13943,14900,957,1769,2726,0.887411,0.935772
439,0.352980,69.900000,0.903172,0.000000,0.000000,0.000000,0.000000,0.640880,0.000000,0.640880,0.705040,0,0.600000,0.200000,0.200000,16022,0,16022,25000,14486,15508,1022,1536,2558,0.904132,0.934099
440,0.441161,70.370000,0.884827,0.000000,0.000000,0.000000,0.000000,0.634200,0.010520,0.634200,0.696320,1,0.600000,0.200000,0.200000,15855,263,15855,25000,13884,14772,888,1971,2859,0.875686,0.939886
441,0.387487,69.320000,0.912174,0.000000,0.000000,0.000000,0.000000,0.634320,0.000000,0.634320,0.698760,0,0.600000,0.200000,0.200000,15858,0,15858,25000,14075,15048,973,1783,2756,0.887565,0.935340
442,0.444280,69.600000,0.906746,0.000000,0.000000,0.000000,0.000000,0.634520,0.000000,0.634520,0.694680,0,0.600000,0.200000,0.200000,15863,0,15863,25000,13759,14684,925,2104,3029,0.867364,0.937006
443,0.417991,70.160000,0.890219,0.000000,0.000000,0.000000,0.000000,0.606880,0.000000,0.606880,0.707280,0,0.600000,0.200000,0.200000,15172,0,15172,25000,13394,14380,986,1778,2764,0.882810,0.931433
444,0.351659,70.040000,0.898488,0.000000,0.000000,0.000000,0.000000,0.642800,0.000000,0.642800,0.713800,0,0.600000,0.200000,0.200000,16070,0,16070,25000,14662,15696,1034,1408,2442,0.912383,0.934123
445,0.347463,70.030000,0.902319,0.000000,0.000000,0.000000,0.000000,0.631360,0.009920,0.631360,0.708760,1,0.600000,0.200000,0.200000,15784,248,15784,25000,14346,15388,1042,1438,2480,0.908895,0.932285
446,0.431803,70.480000,0.898438,0.000000,0.000000,0.000000,0.000000,0.616560,0.000000,0.616560,0.706960,0,0.600000,0.200000,0.200000,15414,0,15414,25000,13309,14220,911,2105,3016,0.863436,0.935935
447,0.464927,70.090000,0.908004,0.000000,0.000000,0.000000,0.000000,0.636840,0.000000,0.636840,0.697680,0,0.600000,0.200000,0.200000,15921,0,15921,25000,13915,14840,925,2006,2931,0.874003,0.937668
448,0.482188,70.220000,0.886528,0.000000,0.000000,0.000000,0.000000,0.665320,0.000000,0.665320,0.689520,0,0.600000,0.200000,0.200000,16633,0,16633,25000,14657,15644,987,1976,2963,0.881200,0.936909
449,0.354040,70.420000,0.886016,0.000000,0.000000,0.000000,0.000000,0.636040,0.000000,0.636040,0.694840,0,0.600000,0.200000,0.200000,15901,0,15901,25000,14323,15272,949,1578,2527,0.900761,0.937860
450,0.359971,70.610000,0.879494,0.000000,0.000000,0.000000,0.000000,0.633000,0.009880,0.633000,0.716640,1,0.600000,0.200000,0.200000,15825,247,15825,25000,14295,15316,1021,1530,2551,0.903318,0.933338
451,0.358851,70.660000,0.899519,0.000000,0.000000,0.000000,0.000000,0.662480,0.000000,0.662480,0.717760,0,0.600000,0.200000,0.200000,16562,0,16562,25000,15118,16156,1038,1444,2482,0.912812,0.935751
452,0.403344,69.740000,0.904886,0.000000,0.000000,0.000000,0.000000,0.645880,0.000000,0.645880,0.706840,0,0.600000,0.200000,0.200000,16147,0,16147,25000,14475,15464,989,1672,2661,0.896451,0.936045
453,0.494322,70.610000,0.878708,0.000000,0.000000,0.000000,0.000000,0.616120,0.000000,0.616120,0.685000,0,0.600000,0.200000,0.200000,15403,0,15403,25000,13271,14196,925,2132,3057,0.861585,0.934841
454,0.396140,71.110000,0.867970,0.000000,0.000000,0.000000,0.000000,0.630160,0.000000,0.630160,0.706600,0,0.600000,0.200000,0.200000,15754,0,15754,25000,14221,15276,1055,1533,2588,0.902691,0.930937
455,0.415237,70.360000,0.878066,0.000000,0.000000,0.000000,0.000000,0.639200,0.010280,0.639200,0.704280,1,0.600000,0.200000,0.200000,15980,257,15980,25000,14003,14944,941,1977,2918,0.876283,0.937032
456,0.419579,70.330000,0.888315,0.000000,0.000000,0.000000,0.000000,0.648360,0.000000,0.648360,0.697480,0,0.600000,0.200000,0.200000,16209,0,16209,25000,14308,15288,980,1901,2881,0.882719,0.935897
457,0.413932,70.540000,0.871890,0.000000,0.000000,0.000000,0.000000,0.638400,0.000000,0.638400,0.696320,0,0.600000,0.200000,0.200000,15960,0,15960,25000,14149,15060,911,1811,2722,0.886529,0.939509
458,0.401617,70.320000,0.878760,0.000000,0.000000,0.000000,0.000000,0.658880,0.000000,0.658880,0.705480,0,0.600000,0.200000,0.200000,16472,0,16472,25000,14832,15888,1056,1640,2696,0.900437,0.933535
459,0.367521,70.100000,0.893704,0.000000,0.000000,0.000000,0.000000,0.662400,0.000000,0.662400,0.700040,0,0.600000,0.200000,0.200000,16560,0,16560,25000,15005,16060,1055,1555,2610,0.906099,0.934309
460,0.375814,69.880000,0.905179,0.000000,0.000000,0.000000,0.000000,0.634520,0.008400,0.634520,0.710960,1,0.600000,0.200000,0.200000,15863,210,15863,25000,14187,15104,917,1676,2593,0.894345,0.939288
461,0.373808,70.000000,0.894228,0.000000,0.000000,0.000000,0.000000,0.643000,0.000000,0.643000,0.698000,0,0.600000,0.200000,0.200000,16075,0,16075,25000,14262,15332,1070,1813,2883,0.887216,0.930211
462,0.430663,70.490000,0.880687,0.000000,0.000000,0.000000,0.000000,0.639440,0.000000,0.639440,0.704200,0,0.600000,0.200000,0.200000,15986,0,15986,25000,14170,15124,954,1816,2770,0.886401,0.936921
463,0.355765,69.140000,0.913708,0.000000,0.000000,0.000000,0.000000,0.645280,0.000000,0.645280,0.715800,0,0.600000,0.200000,0.200000,16132,0,16132,25000,14617,15596,979,1515,2494,0.906087,0.937227
464,0.422923,69.460000,0.910243,0.000000,0.000000,0.000000,0.000000,0.621360,0.000000,0.621360,0.713080,0,0.600000,0.200000,0.200000,15534,0,15534,25000,13679,14720,1041,1855,2896,0.880585,0.929280
465,0.421067,69.390000,0.908088,0.000000,0.000000,0.000000,0.000000,0.645280,0.008880,0.645280,0.703840,1,0.600000,0.200000,0.200000,16132,222,16132,25000,14177,15156,979,1955,2934,0.878812,0.935405
466,0.382636,70.110000,0.898080,0.000000,0.000000,0.000000,0.000000,0.650640,0.000000,0.650640,0.705560,0,0.600000,0.200000,0.200000,16266,0,16266,25000,14468,15348,880,1798,2678,0.889463,0.942664
467,0.426214,70.470000,0.877035,0.000000,0.000000,0.000000,0.000000,0.653240,0.000000,0.653240,0.699280,0,0.600000,0.200000,0.200000,16331,0,16331,25000,14608,15548,940,1723,2663,0.894495,0.939542
468,0.372787,70.500000,0.880759,0.000000,0.000000,0.000000,0.000000,0.613680,0.000000,0.613680,0.702080,0,0.600000,0.200000,0.200000,15342,0,15342,25000,13741,14680,939,1601,2540,0.895646,0.936035
469,0.412426,69.750000,0.910153,0.000000,0.000000,0.000000,0.000000,0.657440,0.000000,0.657440,0.718000,0,0.600000,0.200000,0.200000,16436,0,16436,25000,14947,15848,901,1489,2390,0.909406,0.943147
470,0.423229,69.820000,0.907042,0.000000,0.000000,0.000000,0.000000,0.650840,0.010720,0.650840,0.706760,1,0.600000,0.200000,0.200000,16271,268,16271,25000,14602,15616,1014,1669,2683,0.897425,0.935067
471,0.490949,70.280000,0.882433,0.000000,0.000000,0.000000,0.000000,0.638440,0.000000,0.638440,0.707120,0,0.600000,0.200000,0.200000,15961,0,15961,25000,13941,14832,891,2020,2911,0.873442,0.939927
472,0.417857,69.940000,0.905084,0.000000,0.000000,0.000000,0.000000,0.632560,0.000000,0.632560,0.693720,0,0.600000,0.200000,0.200000,15814,0,15814,25000,13707,14560,853,2107,2960,0.866764,0.941415
473,0.394503,70.410000,0.895149,0.000000,0.000000,0.000000,0.000000,0.631680,0.000000,0.631680,0.705200,0,0.600000,0.200000,0.200000,15792,0,15792,25000,14051,15008,957,1741,2698,0.889754,0.936234
474,0.410092,70.300000,0.896896,0.000000,0.000000,0.000000,0.000000,0.640400,0.000000,0.640400,0.714880,0,0.600000,0.200000,0.200000,16010,0,16010,25000,14358,15292,934,1652,2586,0.896814,0.938922
475,0.350065,70.720000,0.889468,0.000000,0.000000,0.000000,0.000000,0.630560,0.010600,0.630560,0.703960,1,0.600000,0.200000,0.200000,15764,265,15764,25000,14126,15128,1002,1638,2640,0.896092,0.933765
476,0.391937,69.700000,0.907203,0.000000,0.000000,0.000000,0.000000,0.651880,0.000000,0.651880,0.713520,0,0.600000,0.200000,0.200000,16297,0,16297,25000,14536,15500,964,1761,2725,0.891943,0.937806
477,0.386125,69.750000,0.912855,0.000000,0.000000,0.000000,0.000000,0.641920,0.000000,0.641920,0.713640,0,0.600000,0.200000,0.200000,16048,0,16048,25000,14347,15300,953,1701,2654,0.894005,0.937712
478,0.358306,70.640000,0.888158,0.000000,0.000000,0.000000,0.000000,0.651760,0.000000,0.651760,0.700120,0,0.600000,0.200000,0.200000,16294,0,16294,25000,14778,15904,1126,1516,2642,0.906960,0.929200
479,0.400762,70.640000,0.874087,0.000000,0.000000,0.000000,0.000000,0.637760,0.000000,0.637760,0.702160,0,0.600000,0.200000,0.200000,15944,0,15944,25000,14285,15296,1011,1659,2670,0.895948,0.933904
480,0.370762,71.020000,0.869280,0.000000,0.000000,0.000000,0.000000,0.631000,0.008440,0.631000,0.710760,1,0.600000,0.200000,0.200000,15775,211,15775,25000,14009,14900,891,1766,2657,0.888051,0.940201
481,0.405470,70.680000,0.879542,0.000000,0.000000,0.000000,0.000000,0.637640,0.000000,0.637640,0.706720,0,0.600000,0.200000,0.200000,15941,0,15941,25000,14167,15176,1009,1774,2783,0.888715,0.933513
482,0.369758,70.790000,0.874106,0.000000,0.000000,0.000000,0.000000,0.669880,0.000000,0.669880,0.715440,0,0.600000,0.200000,0.200000,16747,0,16747,25000,15321,16420,1099,1426,2525,0.914850,0.933069
483,0.546169,69.730000,0.908497,0.000000,0.000000,0.000000,0.000000,0.608960,0.000000,0.608960,0.697480,0,0.600000,0.200000,0.200000,15224,0,15224,25000,12860,13720,860,2364,3224,0.844719,0.937318
484,0.388803,70.650000,0.894023,0.000000,0.000000,0.000000,0.000000,0.627120,0.000000,0.627120,0.714800,0,0.600000,0.200000,0.200000,15678,0,15678,25000,13996,14944,948,1682,2630,0.892716,0.936563
485,0.380975,71.220000,0.871929,0.000000,0.000000,0.000000,0.000000,0.644640,0.010160,0.644640,0.705920,1,0.600000,0.200000,0.200000,16116,254,16116,25000,14500,15476,976,1616,2592,0.899727,0.936935
486,0.423774,71.000000,0.865881,0.000000,0.000000,0.000000,0.000000,0.645720,0.000000,0.645720,0.697680,0,0.600000,0.200000,0.200000,16143,0,16143,25000,14159,15120,961,1984,2945,0.877098,0.936442
487,0.381958,70.320000,0.898245,0.000000,0.000000,0.000000,0.000000,0.624360,0.000000,0.624360,0.711000,0,0.600000,0.200000,0.200000,15609,0,15609,25000,14121,15036,915,1488,2403,0.904670,0.939146
488,0.406780,69.660000,0.920971,0.000000,0.000000,0.000000,0.000000,0.651560,0.000000,0.651560,0.717440,0,0.600000,0.200000,0.200000,16289,0,16289,25000,14577,15528,951,1712,2663,0.894898,0.938756
489,0.395416,70.760000,0.882246,0.000000,0.000000,0.000000,0.000000,0.619800,0.000000,0.619800,0.709360,0,0.600000,0.200000,0.200000,15495,0,15495,25000,13641,14664,1023,1854,2877,0.880348,0.930237
490,0.380526,70.130000,0.904258,0.000000,0.000000,0.000000,0.000000,0.640680,0.008840,0.640680,0.712400,1,0.600000,0.200000,0.200000,16017,221,16017,25000,14225,15144,919,1792,2711,0.888119,0.939316
491,0.482552,70.450000,0.892678,0.000000,0.000000,0.000000,0.000000,0.612680,0.000000,0.612680,0.692920,0,0.600000,0.200000,0.200000,15317,0,15317,25000,13157,14072,915,2160,3075,0.858980,0.934977
492,0.401492,70.500000,0.888274,0.000000,0.000000,0.000000,0.000000,0.631200,0.000000,0.631200,0.712280,0,0.600000,0.200000,0.200000,15780,0,15780,25000,14195,15220,1025,1585,2610,0.899556,0.932654
493,0.392080,70.170000,0.890899,0.000000,0.000000,0.000000,0.000000,0.642680,0.000000,0.642680,0.715280,0,0.600000,0.200000,0.200000,16067,0,16067,25000,14412,15380,968,1655,2623,0.896994,0.937061
494,0.383758,69.390000,0.925439,0.000000,0.000000,0.000000,0.000000,0.646600,0.000000,0.646600,0.718240,0,0.600000,0.200000,0.200000,16165,0,16165,25000,14434,15380,946,1731,2677,0.892917,0.938492
495,0.370345,69.100000,0.936176,0.000000,0.000000,0.000000,0.000000,0.648480,0.009600,0.648480,0.716280,1,0.600000,0.200000,0.200000,16212,240,16212,25000,14695,15668,973,1517,2490,0.906427,0.937899
496,0.381055,70.560000,0.890339,0.000000,0.000000,0.000000,0.000000,0.639920,0.000000,0.639920,0.709000,0,0.600000,0.200000,0.200000,15998,0,15998,25000,14109,15156,1047,1889,2936,0.881923,0.930918
497,0.388792,70.820000,0.866887,0.000000,0.000000,0.000000,0.000000,0.650280,0.000000,0.650280,0.706080,0,0.600000,0.200000,0.200000,16257,0,16257,25000,14659,15692,1033,1598,2631,0.901704,0.934170
498,0.413388,69.500000,0.924012,0.000000,0.000000,0.000000,0.000000,0.633800,0.000000,0.633800,0.706800,0,0.600000,0.200000,0.200000,15845,0,15845,25000,14185,15128,943,1660,2603,0.895235,0.937665
499,0.366012,68.460000,0.953065,0.000000,0.000000,0.000000,0.000000,0.622400,0.000000,0.622400,0.706280,0,0.600000,0.200000,0.200000,15560,0,15560,25000,13932,14832,900,1628,2528,0.895373,0.939320
